FIPS,AGEGRP,TOT_POP,TOT_MALE,TOT_FEMALE
01001,0,55601,26995,28606
01001,1,3364,1728,1636
01001,2,3423,1779,1644
01001,3,3882,1977,1905
01001,4,3755,1913,1842
01001,5,3173,1629,1544
01001,6,3705,1830,1875
01001,7,3461,1659,1802
01001,8,3628,1767,1861
01001,9,3616,1717,1899
01001,10,3966,1912,2054
01001,11,3811,1845,1966
01001,12,3927,1956,1971
01001,13,3237,1496,1741
01001,14,2589,1228,1361
01001,15,2311,1019,1292
01001,16,1739,724,1015
01001,17,1143,487,656
01001,18,871,329,542
01003,0,218022,105657,112365
01003,1,11955,6135,5820
01003,2,12802,6519,6283
01003,3,13981,7049,6932
01003,4,12932,6398,6534
01003,5,11108,5632,5476
01003,6,12471,6145,6326
01003,7,12057,5941,6116
01003,8,13156,6318,6838
01003,9,12877,6261,6616
01003,10,14461,7038,7423
01003,11,14242,6817,7425
01003,12,15744,7416,8328
01003,13,15665,7307,8358
01003,14,14267,6622,7645
01003,15,12471,5974,6497
01003,16,8465,3946,4519
01003,17,5064,2384,2680
01003,18,4304,1755,2549
01005,0,24881,13133,11748
01005,1,1284,656,628
01005,2,1448,717,731
01005,3,1509,775,734
01005,4,1451,759,692
01005,5,1472,871,601
01005,6,1796,1133,663
01005,7,1670,992,678
01005,8,1531,923,608
01005,9,1450,867,583
01005,10,1624,929,695
01005,11,1603,847,756
01005,12,1675,826,849
01005,13,1536,749,787
01005,14,1540,701,839
01005,15,1337,608,729
01005,16,907,401,506
01005,17,576,231,345
01005,18,472,148,324
01007,0,22400,11921,10479
01007,1,1285,656,629
01007,2,1171,610,561
01007,3,1326,711,615
01007,4,1270,683,587
01007,5,1303,767,536
01007,6,1726,994,732
01007,7,1601,960,641
01007,8,1512,912,600
01007,9,1440,796,644
01007,10,1598,886,712
01007,11,1581,847,734
01007,12,1534,801,733
01007,13,1363,671,692
01007,14,1182,576,606
01007,15,992,455,537
01007,16,731,323,408
01007,17,422,165,257
01007,18,363,108,255
01009,0,57840,28500,29340
01009,1,3460,1723,1737
01009,2,3635,1838,1797
01009,3,3902,1923,1979
01009,4,3668,1882,1786
01009,5,3178,1680,1498
01009,6,3564,1791,1773
01009,7,3370,1687,1683
01009,8,3514,1775,1739
01009,9,3553,1739,1814
01009,10,3921,1969,1952
01009,11,3897,1923,1974
01009,12,3947,2034,1913
01009,13,3683,1785,1898
01009,14,3282,1564,1718
01009,15,2961,1329,1632
01009,16,1970,899,1071
01009,17,1303,588,715
01009,18,1032,371,661
01011,0,10138,5527,4611
01011,1,600,287,313
01011,2,598,303,295
01011,3,601,340,261
01011,4,529,268,261
01011,5,626,368,258
01011,6,769,486,283
01011,7,757,474,283
01011,8,689,419,270
01011,9,620,375,245
01011,10,654,406,248
01011,11,604,335,269
01011,12,752,393,359
01011,13,678,357,321
01011,14,541,264,277
01011,15,407,176,231
01011,16,296,123,173
01011,17,233,100,133
01011,18,184,53,131
01013,0,19680,9165,10515
01013,1,1119,564,555
01013,2,1232,658,574
01013,3,1288,695,593
01013,4,1173,626,547
01013,5,1090,554,536
01013,6,1196,593,603
01013,7,1083,453,630
01013,8,1254,584,670
01013,9,1136,491,645
01013,10,1182,541,641
01013,11,1131,495,636
01013,12,1360,597,763
01013,13,1441,680,761
01013,14,1242,560,682
01013,15,958,457,501
01013,16,702,282,420
01013,17,508,198,310
01013,18,585,137,448
01015,0,114277,54914,59363
01015,1,6580,3339,3241
01015,2,6561,3330,3231
01015,3,7146,3730,3416
01015,4,7491,3768,3723
01015,5,7286,3635,3651
01015,6,8177,4050,4127
01015,7,6882,3329,3553
01015,8,6983,3376,3607
01015,9,6663,3240,3423
01015,10,7064,3419,3645
01015,11,7239,3545,3694
01015,12,8086,3838,4248
01015,13,7872,3730,4142
01015,14,6769,3054,3715
01015,15,5307,2405,2902
01015,16,3672,1579,2093
01015,17,2388,916,1472
01015,18,2111,631,1480
01017,0,33615,16093,17522
01017,1,1929,1011,918
01017,2,1940,948,992
01017,3,1926,957,969
01017,4,1886,1022,864
01017,5,2007,995,1012
01017,6,2373,1181,1192
01017,7,1858,878,980
01017,8,1876,909,967
01017,9,1899,906,993
01017,10,2179,1054,1125
01017,11,2230,1090,1140
01017,12,2531,1215,1316
01017,13,2419,1139,1280
01017,14,2073,963,1110
01017,15,1767,791,976
01017,16,1205,519,686
01017,17,768,317,451
01017,18,749,198,551
01019,0,26032,12896,13136
01019,1,1206,608,598
01019,2,1348,712,636
01019,3,1482,750,732
01019,4,1499,746,753
01019,5,1304,685,619
01019,6,1548,821,727
01019,7,1206,575,631
01019,8,1298,635,663
01019,9,1471,731,740
01019,10,1733,863,870
01019,11,1857,980,877
01019,12,2016,991,1025
01019,13,2084,1010,1074
01019,14,1862,935,927
01019,15,1683,799,884
01019,16,1152,535,617
01019,17,747,336,411
01019,18,536,184,352
01021,0,44153,21668,22485
01021,1,2730,1373,1357
01021,2,2922,1455,1467
01021,3,2971,1463,1508
01021,4,2847,1460,1387
01021,5,2549,1292,1257
01021,6,3017,1543,1474
01021,7,2554,1273,1281
01021,8,2679,1308,1371
01021,9,2776,1341,1435
01021,10,2879,1498,1381
01021,11,2934,1448,1486
01021,12,2998,1492,1506
01021,13,2886,1352,1534
01021,14,2473,1174,1299
01021,15,1988,919,1069
01021,16,1346,625,721
01021,17,835,355,480
01021,18,769,297,472
01023,0,12841,6070,6771
01023,1,673,338,335
01023,2,651,325,326
01023,3,740,406,334
01023,4,749,384,365
01023,5,694,336,358
01023,6,708,335,373
01023,7,596,286,310
01023,8,693,319,374
01023,9,689,322,367
01023,10,789,365,424
01023,11,894,421,473
01023,12,1053,503,550
01023,13,959,443,516
01023,14,865,383,482
01023,15,803,348,455
01023,16,568,274,294
01023,17,364,150,214
01023,18,353,132,221
01025,0,23920,11328,12592
01025,1,1386,689,697
01025,2,1318,675,643
01025,3,1471,749,722
01025,4,1574,781,793
01025,5,1433,715,718
01025,6,1478,712,766
01025,7,1150,551,599
01025,8,1407,655,752
01025,9,1381,632,749
01025,10,1490,702,788
01025,11,1630,763,867
01025,12,1789,844,945
01025,13,1660,773,887
01025,14,1336,642,694
01025,15,1261,583,678
01025,16,959,418,541
01025,17,605,255,350
01025,18,592,189,403
01027,0,13275,6492,6783
01027,1,687,362,325
01027,2,733,376,357
01027,3,769,403,366
01027,4,795,425,370
01027,5,780,403,377
01027,6,763,363,400
01027,7,683,320,363
01027,8,772,381,391
01027,9,734,350,384
01027,10,870,435,435
01027,11,979,486,493
01027,12,1012,500,512
01027,13,947,457,490
01027,14,852,411,441
01027,15,673,320,353
01027,16,541,236,305
01027,17,373,144,229
01027,18,312,120,192
01029,0,14987,7421,7566
01029,1,894,453,441
01029,2,935,483,452
01029,3,987,496,491
01029,4,918,534,384
01029,5,744,390,354
01029,6,943,482,461
01029,7,807,384,423
01029,8,858,422,436
01029,9,894,450,444
01029,10,1036,519,517
01029,11,1040,519,521
01029,12,1073,541,532
01029,13,943,431,512
01029,14,908,448,460
01029,15,784,357,427
01029,16,574,283,291
01029,17,310,122,188
01029,18,339,107,232
01031,0,51909,25521,26388
01031,1,3211,1657,1554
01031,2,3394,1719,1675
01031,3,3498,1820,1678
01031,4,3330,1734,1596
01031,5,2985,1514,1471
01031,6,3327,1671,1656
01031,7,3270,1699,1571
01031,8,3316,1591,1725
01031,9,3344,1685,1659
01031,10,3552,1752,1800
01031,11,3373,1682,1691
01031,12,3289,1636,1653
01031,13,3219,1515,1704
01031,14,2739,1293,1446
01031,15,2439,1134,1305
01031,16,1524,637,887
01031,17,1129,466,663
01031,18,970,316,654
01033,0,54762,26259,28503
01033,1,3108,1549,1559
01033,2,3140,1579,1561
01033,3,3199,1642,1557
01033,4,3119,1567,1552
01033,5,3113,1554,1559
01033,6,3698,1862,1836
01033,7,3239,1544,1695
01033,8,3185,1553,1632
01033,9,3136,1526,1610
01033,10,3530,1680,1850
01033,11,3636,1755,1881
01033,12,3872,1837,2035
01033,13,3873,1864,2009
01033,14,3417,1599,1818
01033,15,2718,1196,1522
01033,16,2129,912,1217
01033,17,1364,548,816
01033,18,1286,492,794
01035,0,12277,5881,6396
01035,1,652,312,340
01035,2,715,343,372
01035,3,726,382,344
01035,4,708,354,354
01035,5,687,344,343
01035,6,723,364,359
01035,7,634,305,329
01035,8,626,288,338
01035,9,639,293,346
01035,10,696,330,366
01035,11,792,361,431
01035,12,962,478,484
01035,13,955,465,490
01035,14,771,359,412
01035,15,782,372,410
01035,16,526,240,286
01035,17,358,154,204
01035,18,325,137,188
01037,0,10715,5399,5316
01037,1,488,264,224
01037,2,440,249,191
01037,3,519,247,272
01037,4,504,263,241
01037,5,557,304,253
01037,6,608,333,275
01037,7,492,228,264
01037,8,536,280,256
01037,9,598,305,293
01037,10,781,359,422
01037,11,783,413,370
01037,12,967,462,505
01037,13,961,525,436
01037,14,785,395,390
01037,15,662,303,359
01037,16,475,242,233
01037,17,289,126,163
01037,18,270,101,169
01039,0,36986,17896,19090
01039,1,2203,1111,1092
01039,2,2235,1180,1055
01039,3,2293,1161,1132
01039,4,2104,1069,1035
01039,5,1862,941,921
01039,6,2325,1182,1143
01039,7,2017,957,1060
01039,8,2077,994,1083
01039,9,1952,957,995
01039,10,2226,1121,1105
01039,11,2403,1147,1256
01039,12,2738,1349,1389
01039,13,2761,1335,1426
01039,14,2276,1091,1185
01039,15,2050,955,1095
01039,16,1458,637,821
01039,17,1027,393,634
01039,18,979,316,663
01041,0,13824,6674,7150
01041,1,798,410,388
01041,2,884,468,416
01041,3,914,457,457
01041,4,850,440,410
01041,5,757,367,390
01041,6,892,436,456
01041,7,749,359,390
01041,8,808,384,424
01041,9,777,380,397
01041,10,871,428,443
01041,11,896,407,489
01041,12,1017,520,497
01041,13,982,475,507
01041,14,846,394,452
01041,15,759,345,414
01041,16,422,201,221
01041,17,299,119,180
01041,18,303,84,219
01043,0,83442,41245,42197
01043,1,5162,2588,2574
01043,2,5114,2584,2530
01043,3,5220,2729,2491
01043,4,5036,2577,2459
01043,5,4599,2359,2240
01043,6,5790,2878,2912
01043,7,4980,2588,2392
01043,8,4946,2478,2468
01043,9,5077,2567,2510
01043,10,5258,2616,2642
01043,11,5442,2784,2658
01043,12,5792,2864,2928
01043,13,5580,2723,2857
01043,14,4872,2314,2558
01043,15,4205,1935,2270
01043,16,3016,1339,1677
01043,17,1903,792,1111
01043,18,1450,530,920
01045,0,48956,24023,24933
01045,1,3268,1651,1617
01045,2,3118,1628,1490
01045,3,2984,1521,1463
01045,4,2934,1505,1429
01045,5,3189,1716,1473
01045,6,3824,2001,1823
01045,7,3373,1688,1685
01045,8,2939,1418,1521
01045,9,2734,1302,1432
01045,10,2954,1418,1536
01045,11,2949,1442,1507
01045,12,3273,1565,1708
01045,13,3147,1487,1660
01045,14,2603,1289,1314
01045,15,2175,971,1204
01045,16,1577,674,903
01045,17,1017,409,608
01045,18,898,338,560
01047,0,38310,17685,20625
01047,1,2335,1149,1186
01047,2,2432,1230,1202
01047,3,2703,1385,1318
01047,4,2642,1338,1304
01047,5,2369,1130,1239
01047,6,2384,1082,1302
01047,7,2099,975,1124
01047,8,2199,980,1219
01047,9,2047,876,1171
01047,10,2107,943,1164
01047,11,2415,1122,1293
01047,12,2844,1262,1582
01047,13,2813,1281,1532
01047,14,2299,1073,1226
01047,15,1839,817,1022
01047,16,1220,524,696
01047,17,862,325,537
01047,18,701,193,508
01049,0,71385,35428,35957
01049,1,4237,2210,2027
01049,2,4692,2377,2315
01049,3,5213,2674,2539
01049,4,4796,2513,2283
01049,5,4058,2130,1928
01049,6,4542,2289,2253
01049,7,3963,2033,1930
01049,8,4256,2097,2159
01049,9,4505,2254,2251
01049,10,4839,2450,2389
01049,11,4642,2295,2347
01049,12,4755,2362,2393
01049,13,4565,2215,2350
01049,14,4030,1922,2108
01049,15,3345,1584,1761
01049,16,2279,1028,1251
01049,17,1461,597,864
01049,18,1207,398,809
01051,0,81887,39585,42302
01051,1,4713,2387,2326
01051,2,4922,2604,2318
01051,3,5264,2625,2639
01051,4,5095,2630,2465
01051,5,5054,2617,2437
01051,6,6089,2979,3110
01051,7,5478,2611,2867
01051,8,5529,2596,2933
01051,9,5302,2500,2802
01051,10,5701,2659,3042
01051,11,5571,2682,2889
01051,12,5631,2677,2954
01051,13,5138,2426,2712
01051,14,4113,1911,2202
01051,15,3432,1627,1805
01051,16,2326,1087,1239
01051,17,1365,606,759
01051,18,1164,361,803
01053,0,36748,18628,18120
01053,1,2187,1111,1076
01053,2,2339,1192,1147
01053,3,2284,1126,1158
01053,4,2143,1041,1102
01053,5,2076,1138,938
01053,6,2681,1504,1177
01053,7,2291,1313,978
01053,8,2315,1293,1022
01053,9,2259,1257,1002
01053,10,2436,1298,1138
01053,11,2340,1248,1092
01053,12,2523,1250,1273
01053,13,2278,1074,1204
01053,14,2041,921,1120
01053,15,1745,778,967
01053,16,1309,548,761
01053,17,818,318,500
01053,18,683,218,465
01055,0,102501,49653,52848
01055,1,5902,3058,2844
01055,2,5934,3107,2827
01055,3,6122,3077,3045
01055,4,6321,3255,3066
01055,5,6120,3144,2976
01055,6,6708,3331,3377
01055,7,5711,2796,2915
01055,8,6141,2939,3202
01055,9,6146,2956,3190
01055,10,7161,3521,3640
01055,11,6713,3286,3427
01055,12,7013,3373,3640
01055,13,7022,3323,3699
01055,14,6424,2964,3460
01055,15,5207,2403,2804
01055,16,3605,1542,2063
01055,17,2268,942,1326
01055,18,1983,636,1347
01057,0,16433,8023,8410
01057,1,921,465,456
01057,2,957,500,457
01057,3,1002,512,490
01057,4,941,496,445
01057,5,951,489,462
01057,6,1015,531,484
01057,7,871,412,459
01057,8,906,468,438
01057,9,906,441,465
01057,10,1088,527,561
01057,11,1039,506,533
01057,12,1196,595,601
01057,13,1168,561,607
01057,14,1090,504,586
01057,15,897,398,499
01057,16,698,308,390
01057,17,447,194,253
01057,18,340,116,224
01059,0,31363,15823,15540
01059,1,2084,1078,1006
01059,2,2098,1077,1021
01059,3,2187,1105,1082
01059,4,2028,1082,946
01059,5,1827,995,832
01059,6,2094,1104,990
01059,7,1793,960,833
01059,8,1861,962,899
01059,9,2017,1059,958
01059,10,2124,1112,1012
01059,11,2031,1016,1015
01059,12,2010,999,1011
01059,13,1913,923,990
01059,14,1641,764,877
01059,15,1364,653,711
01059,16,1025,428,597
01059,17,701,297,404
01059,18,565,209,356
01061,0,26314,12846,13468
01061,1,1422,707,715
01061,2,1559,800,759
01061,3,1701,868,833
01061,4,1635,852,783
01061,5,1322,680,642
01061,6,1537,769,768
01061,7,1437,678,759
01061,8,1516,763,753
01061,9,1511,735,776
01061,10,1738,821,917
01061,11,1820,949,871
01061,12,1807,871,936
01061,13,1968,970,998
01061,14,1675,816,859
01061,15,1421,684,737
01061,16,993,426,567
01061,17,674,257,417
01061,18,578,200,378
01063,0,8233,3887,4346
01063,1,475,241,234
01063,2,518,277,241
01063,3,515,256,259
01063,4,483,236,247
01063,5,465,232,233
01063,6,531,273,258
01063,7,421,215,206
01063,8,445,206,239
01063,9,384,191,193
01063,10,414,194,220
01063,11,481,209,272
01063,12,617,275,342
01063,13,647,298,349
01063,14,640,290,350
01063,15,432,179,253
01063,16,318,147,171
01063,17,206,93,113
01063,18,241,75,166
01065,0,14726,7008,7718
01065,1,979,539,440
01065,2,909,467,442
01065,3,956,498,458
01065,4,910,461,449
01065,5,933,429,504
01065,6,951,477,474
01065,7,783,375,408
01065,8,840,369,471
01065,9,795,352,443
01065,10,806,389,417
01065,11,916,405,511
01065,12,1106,517,589
01065,13,1013,482,531
01065,14,923,455,468
01065,15,715,341,374
01065,16,486,216,270
01065,17,355,130,225
01065,18,350,106,244
01067,0,17209,8300,8909
01067,1,915,485,430
01067,2,926,456,470
01067,3,1060,566,494
01067,4,990,505,485
01067,5,851,463,388
01067,6,961,472,489
01067,7,891,431,460
01067,8,1023,494,529
01067,9,1028,502,526
01067,10,1129,543,586
01067,11,1135,555,580
01067,12,1112,521,591
01067,13,1278,596,682
01067,14,1290,574,716
01067,15,1072,513,559
01067,16,662,305,357
01067,17,463,206,257
01067,18,423,113,310
01069,0,104722,50286,54436
01069,1,6350,3315,3035
01069,2,6528,3363,3165
01069,3,6887,3616,3271
01069,4,6606,3373,3233
01069,5,5834,2920,2914
01069,6,6980,3361,3619
01069,7,6668,3198,3470
01069,8,6634,3190,3444
01069,9,6244,2894,3350
01069,10,6732,3214,3518
01069,11,6752,3278,3474
01069,12,7167,3364,3803
01069,13,6701,3144,3557
01069,14,5936,2721,3215
01069,15,4985,2285,2700
01069,16,3373,1448,1925
01069,17,2308,917,1391
01069,18,2037,685,1352
01071,0,51736,25390,26346
01071,1,2776,1442,1334
01071,2,2856,1517,1339
01071,3,3151,1664,1487
01071,4,3107,1592,1515
01071,5,2745,1383,1362
01071,6,3219,1627,1592
01071,7,2645,1314,1331
01071,8,2991,1406,1585
01071,9,3208,1583,1625
01071,10,3518,1794,1724
01071,11,3442,1704,1738
01071,12,3763,1835,1928
01071,13,3942,1914,2028
01071,14,3266,1543,1723
01071,15,2814,1280,1534
01071,16,2044,953,1091
01071,17,1292,520,772
01071,18,957,319,638
01073,0,659300,311591,347709
01073,1,41882,21278,20604
01073,2,41984,21557,20427
01073,3,41913,21167,20746
01073,4,40910,20365,20545
01073,5,41674,20402,21272
01073,6,50181,24187,25994
01073,7,45744,21677,24067
01073,8,43846,20763,23083
01073,9,39621,18730,20891
01073,10,40600,19460,21140
01073,11,39767,18738,21029
01073,12,44002,20513,23489
01073,13,42629,19337,23292
01073,14,35993,16204,19789
01073,15,25592,11322,14270
01073,16,17412,7178,10234
01073,17,12107,4555,7552
01073,18,13443,4158,9285
01075,0,13844,6767,7077
01075,1,743,383,360
01075,2,755,378,377
01075,3,916,461,455
01075,4,829,451,378
01075,5,707,361,346
01075,6,756,374,382
01075,7,740,350,390
01075,8,731,358,373
01075,9,835,406,429
01075,10,928,471,457
01075,11,884,439,445
01075,12,1019,511,508
01075,13,1003,485,518
01075,14,848,434,414
01075,15,800,376,424
01075,16,598,261,337
01075,17,426,167,259
01075,18,326,101,225
01077,0,92387,44327,48060
01077,1,4734,2456,2278
01077,2,4836,2481,2355
01077,3,5325,2627,2698
01077,4,6016,3016,3000
01077,5,7668,3723,3945
01077,6,5905,2981,2924
01077,7,5102,2582,2520
01077,8,5112,2473,2639
01077,9,4815,2357,2458
01077,10,5738,2795,2943
01077,11,5919,2841,3078
01077,12,6260,2996,3264
01077,13,6394,2977,3417
01077,14,5746,2665,3081
01077,15,4849,2193,2656
01077,16,3561,1547,2014
01077,17,2312,923,1389
01077,18,2095,694,1401
01079,0,32957,16047,16910
01079,1,1810,940,870
01079,2,1957,983,974
01079,3,2106,1078,1028
01079,4,1912,991,921
01079,5,1780,902,878
01079,6,2136,1089,1047
01079,7,1829,890,939
01079,8,1817,864,953
01079,9,1882,933,949
01079,10,2263,1109,1154
01079,11,2442,1194,1248
01079,12,2572,1232,1340
01079,13,2300,1096,1204
01079,14,1961,927,1034
01079,15,1705,760,945
01079,16,1225,580,645
01079,17,702,292,410
01079,18,558,187,371
01081,0,163941,80639,83302
01081,1,9629,4934,4695
01081,2,9551,4856,4695
01081,3,10043,5163,4880
01081,4,13355,6641,6714
01081,5,21876,11495,10381
01081,6,12706,6409,6297
01081,7,10547,5062,5485
01081,8,10381,5029,5352
01081,9,9361,4510,4851
01081,10,10004,4783,5221
01081,11,9324,4561,4763
01081,12,9428,4597,4831
01081,13,8255,3866,4389
01081,14,6850,3169,3681
01081,15,5310,2494,2816
01081,16,3409,1524,1885
01081,17,2111,923,1188
01081,18,1801,623,1178
01083,0,96174,48156,48018
01083,1,5393,2760,2633
01083,2,5968,2949,3019
01083,3,6388,3239,3149
01083,4,6007,3105,2902
01083,5,5183,2702,2481
01083,6,6187,3210,2977
01083,7,6352,3234,3118
01083,8,6652,3456,3196
01083,9,6428,3319,3109
01083,10,6969,3533,3436
01083,11,7112,3603,3509
01083,12,7031,3600,3431
01083,13,5896,2878,3018
01083,14,4845,2369,2476
01083,15,3977,1820,2157
01083,16,2693,1212,1481
01083,17,1702,725,977
01083,18,1391,442,949
01085,0,9974,4670,5304
01085,1,614,311,303
01085,2,662,316,346
01085,3,606,289,317
01085,4,558,293,265
01085,5,575,285,290
01085,6,711,329,382
01085,7,533,260,273
01085,8,561,261,300
01085,9,503,241,262
01085,10,580,268,312
01085,11,690,324,366
01085,12,769,344,425
01085,13,732,359,373
01085,14,579,267,312
01085,15,490,205,285
01085,16,376,167,209
01085,17,220,90,130
01085,18,215,61,154
01087,0,18439,8383,10056
01087,1,855,425,430
01087,2,839,425,414
01087,3,838,414,424
01087,4,1669,774,895
01087,5,2195,968,1227
01087,6,1242,600,642
01087,7,837,378,459
01087,8,834,408,426
01087,9,823,381,442
01087,10,958,425,533
01087,11,1100,493,607
01087,12,1255,554,701
01087,13,1238,566,672
01087,14,1303,585,718
01087,15,969,418,551
01087,16,646,278,368
01087,17,413,162,251
01087,18,425,129,296
01089,0,366519,179074,187445
01089,1,21403,10934,10469
01089,2,21675,11109,10566
01089,3,22960,11718,11242
01089,4,23962,12188,11774
01089,5,24647,12421,12226
01089,6,26312,13368,12944
01089,7,24897,12441,12456
01089,8,23465,11575,11890
01089,9,21173,10135,11038
01089,10,23274,11137,12137
01089,11,26096,12717,13379
01089,12,28379,13960,14419
01089,13,23151,11229,11922
01089,14,17730,8271,9459
01089,15,14047,6331,7716
01089,16,10104,4347,5757
01089,17,7021,2894,4127
01089,18,6223,2299,3924
01091,0,19066,8933,10133
01091,1,1209,585,624
01091,2,1155,553,602
01091,3,1228,625,603
01091,4,1152,590,562
01091,5,1106,564,542
01091,6,1226,605,621
01091,7,1070,483,587
01091,8,1005,464,541
01091,9,1078,502,576
01091,10,1182,533,649
01091,11,1239,587,652
01091,12,1332,589,743
01091,13,1347,638,709
01091,14,1128,548,580
01091,15,950,425,525
01091,16,693,309,384
01091,17,456,172,284
01091,18,510,161,349
01093,0,29763,14686,15077
01093,1,1597,815,782
01093,2,1635,848,787
01093,3,1790,959,831
01093,4,1792,952,840
01093,5,1580,826,754
01093,6,1796,901,895
01093,7,1596,789,807
01093,8,1677,819,858
01093,9,1666,815,851
01093,10,2042,1051,991
01093,11,2083,1066,1017
01093,12,2192,1075,1117
01093,13,1996,989,1007
01093,14,1838,880,958
01093,15,1647,749,898
01093,16,1260,564,696
01093,17,875,358,517
01093,18,701,230,471
01095,0,96109,47502,48607
01095,1,6769,3447,3322
01095,2,6433,3321,3112
01095,3,6853,3567,3286
01095,4,6072,3147,2925
01095,5,5490,2885,2605
01095,6,6270,3252,3018
01095,7,5701,2885,2816
01095,8,5714,2857,2857
01095,9,5528,2751,2777
01095,10,6222,3089,3133
01095,11,6103,3098,3005
01095,12,6515,3171,3344
01095,13,6064,2953,3111
01095,14,5087,2332,2755
01095,15,4343,1978,2365
01095,16,3282,1442,1840
01095,17,1984,776,1208
01095,18,1679,551,1128
01097,0,413757,197077,216680
01097,1,26937,13532,13405
01097,2,26470,13369,13101
01097,3,26929,13786,13143
01097,4,26632,13471,13161
01097,5,26777,13217,13560
01097,6,30611,14827,15784
01097,7,27297,12701,14596
01097,8,25747,12286,13461
01097,9,23781,11313,12468
01097,10,24821,11691,13130
01097,11,25702,12239,13463
01097,12,28165,13197,14968
01097,13,26847,12593,14254
01097,14,22367,10333,12034
01097,15,17711,7931,9780
01097,16,11974,5084,6890
01097,17,7751,3118,4633
01097,18,7238,2389,4849
01099,0,21067,10005,11062
01099,1,1105,549,556
01099,2,1193,623,570
01099,3,1390,713,677
01099,4,1386,714,672
01099,5,1240,637,603
01099,6,1254,620,634
01099,7,1010,452,558
01099,8,1131,510,621
01099,9,1178,526,652
01099,10,1328,648,680
01099,11,1447,670,777
01099,12,1572,725,847
01099,13,1558,757,801
01099,14,1331,606,725
01099,15,1056,510,546
01099,16,837,362,475
01099,17,484,204,280
01099,18,567,179,388
01101,0,225763,106522,119241
01101,1,15223,7761,7462
01101,2,14511,7322,7189
01101,3,14478,7302,7176
01101,4,14843,7651,7192
01101,5,15908,7715,8193
01101,6,17384,8495,8889
01101,7,15399,7305,8094
01101,8,14904,7061,7843
01101,9,13179,6110,7069
01101,10,13806,6391,7415
01101,11,13491,6320,7171
01101,12,14565,6633,7932
01101,13,13899,6195,7704
01101,14,11719,5082,6637
01101,15,8473,3790,4683
01101,16,5868,2488,3380
01101,17,4101,1542,2559
01101,18,4012,1359,2653
01103,0,119089,58682,60407
01103,1,7124,3648,3476
01103,2,7407,3818,3589
01103,3,7864,4007,3857
01103,4,7414,3839,3575
01103,5,6792,3481,3311
01103,6,7577,3822,3755
01103,7,6973,3557,3416
01103,8,7326,3710,3616
01103,9,7122,3598,3524
01103,10,7883,3952,3931
01103,11,8476,4188,4288
01103,12,8480,4212,4268
01103,13,7848,3751,4097
01103,14,6678,3070,3608
01103,15,5403,2426,2977
01103,16,3973,1767,2206
01103,17,2559,1074,1485
01103,18,2190,762,1428
01105,0,9140,4281,4859
01105,1,500,281,219
01105,2,532,265,267
01105,3,551,287,264
01105,4,900,489,411
01105,5,830,410,420
01105,6,516,239,277
01105,7,441,211,230
01105,8,456,200,256
01105,9,457,186,271
01105,10,503,230,273
01105,11,497,235,262
01105,12,549,241,308
01105,13,634,292,342
01105,14,497,205,292
01105,15,443,188,255
01105,16,361,164,197
01105,17,238,91,147
01105,18,235,67,168
01107,0,19938,9948,9990
01107,1,1056,561,495
01107,2,1051,529,522
01107,3,1061,570,491
01107,4,1200,654,546
01107,5,1215,699,516
01107,6,1387,714,673
01107,7,1306,684,622
01107,8,1218,617,601
01107,9,1058,509,549
01107,10,1313,628,685
01107,11,1411,649,762
01107,12,1512,779,733
01107,13,1357,632,725
01107,14,1211,623,588
01107,15,929,406,523
01107,16,742,333,409
01107,17,481,202,279
01107,18,430,159,271
01109,0,33338,16098,17240
01109,1,1788,935,853
01109,2,1792,921,871
01109,3,1725,911,814
01109,4,2929,1280,1649
01109,5,5640,2809,2831
01109,6,2494,1429,1065
01109,7,1584,773,811
01109,8,1752,834,918
01109,9,1560,705,855
01109,10,1718,807,911
01109,11,1651,760,891
01109,12,1870,857,1013
01109,13,1848,866,982
01109,14,1502,718,784
01109,15,1375,639,736
01109,16,904,410,494
01109,17,641,271,370
01109,18,565,173,392
01111,0,22725,11056,11669
01111,1,1314,676,638
01111,2,1316,657,659
01111,3,1372,699,673
01111,4,1492,797,695
01111,5,1308,661,647
01111,6,1347,654,693
01111,7,1105,534,571
01111,8,1212,572,640
01111,9,1234,595,639
01111,10,1438,682,756
01111,11,1604,789,815
01111,12,1675,833,842
01111,13,1683,824,859
01111,14,1443,718,725
01111,15,1215,584,631
01111,16,894,410,484
01111,17,582,219,363
01111,18,491,152,339
01113,0,57781,27745,30036
01113,1,3972,2030,1942
01113,2,4017,2071,1946
01113,3,3768,1931,1837
01113,4,3496,1817,1679
01113,5,3504,1709,1795
01113,6,4759,2329,2430
01113,7,4029,1885,2144
01113,8,3773,1828,1945
01113,9,3450,1677,1773
01113,10,3582,1703,1879
01113,11,3756,1812,1944
01113,12,3874,1884,1990
01113,13,3521,1621,1900
01113,14,2811,1254,1557
01113,15,2188,969,1219
01113,16,1468,612,856
01113,17,920,373,547
01113,18,893,240,653
01115,0,88690,44027,44663
01115,1,5289,2684,2605
01115,2,5596,2949,2647
01115,3,5889,3076,2813
01115,4,5107,2702,2405
01115,5,4520,2372,2148
01115,6,5914,3002,2912
01115,7,5912,2974,2938
01115,8,5740,2878,2862
01115,9,5561,2755,2806
01115,10,6287,3140,3147
01115,11,5967,2996,2971
01115,12,6397,3140,3257
01115,13,5773,2773,3000
01115,14,4937,2259,2678
01115,15,4007,1862,2145
01115,16,2805,1300,1505
01115,17,1688,701,987
01115,18,1301,464,837
01117,0,215707,104270,111437
01117,1,12461,6158,6303
01117,2,13708,6989,6719
01117,3,15182,7698,7484
01117,4,14435,7245,7190
01117,5,12533,6183,6350
01117,6,12873,6291,6582
01117,7,13290,6345,6945
01117,8,14875,7228,7647
01117,9,14686,7168,7518
01117,10,15967,7754,8213
01117,11,14622,7145,7477
01117,12,14685,7039,7646
01117,13,13303,6297,7006
01117,14,11496,5250,6246
01117,15,8784,4160,4624
01117,16,5813,2563,3250
01117,17,3578,1529,2049
01117,18,3416,1228,2188
01119,0,12691,5802,6889
01119,1,728,389,339
01119,2,615,307,308
01119,3,662,322,340
01119,4,1057,508,549
01119,5,1821,812,1009
01119,6,842,416,426
01119,7,527,259,268
01119,8,517,233,284
01119,9,536,229,307
01119,10,660,299,361
01119,11,660,287,373
01119,12,880,396,484
01119,13,900,417,483
01119,14,770,370,400
01119,15,492,223,269
01119,16,388,145,243
01119,17,276,97,179
01119,18,360,93,267
01121,0,79828,38580,41248
01121,1,4281,2229,2052
01121,2,4506,2296,2210
01121,3,4972,2398,2574
01121,4,5046,2472,2574
01121,5,4750,2310,2440
01121,6,5517,2790,2727
01121,7,4744,2355,2389
01121,8,4854,2362,2492
01121,9,4622,2254,2368
01121,10,5508,2678,2830
01121,11,5366,2636,2730
01121,12,5638,2664,2974
01121,13,5654,2693,2961
01121,14,4771,2274,2497
01121,15,3893,1811,2082
01121,16,2674,1217,1457
01121,17,1675,664,1011
01121,18,1357,477,880
01123,0,40497,19632,20865
01123,1,2235,1139,1096
01123,2,2338,1213,1125
01123,3,2395,1227,1168
01123,4,2232,1132,1100
01123,5,2241,1165,1076
01123,6,2568,1253,1315
01123,7,2056,968,1088
01123,8,2063,979,1084
01123,9,2074,977,1097
01123,10,2568,1194,1374
01123,11,2817,1355,1462
01123,12,2976,1492,1484
01123,13,3203,1536,1667
01123,14,2845,1335,1510
01123,15,2366,1118,1248
01123,16,1673,776,897
01123,17,1033,443,590
01123,18,814,330,484
01125,0,208911,100589,108322
01125,1,12541,6425,6116
01125,2,12229,6106,6123
01125,3,11798,6033,5765
01125,4,17404,8460,8944
01125,5,24032,11838,12194
01125,6,17392,8585,8807
01125,7,13406,6644,6762
01125,8,13264,6465,6799
01125,9,11791,5612,6179
01125,10,12104,5768,6336
01125,11,11296,5412,5884
01125,12,11966,5725,6241
01125,13,11945,5549,6396
01125,14,9930,4616,5314
01125,15,6975,3205,3770
01125,16,4671,1990,2681
01125,17,3014,1169,1845
01125,18,3153,987,2166
01127,0,63711,31040,32671
01127,1,3832,1931,1901
01127,2,3945,1975,1970
01127,3,3913,2044,1869
01127,4,3751,1962,1789
01127,5,3614,1816,1798
01127,6,4126,2089,2037
01127,7,3418,1692,1726
01127,8,3606,1782,1824
01127,9,3719,1775,1944
01127,10,4239,2186,2053
01127,11,4238,2110,2128
01127,12,4549,2201,2348
01127,13,4450,2074,2376
01127,14,3942,1857,2085
01127,15,3348,1496,1852
01127,16,2364,1023,1341
01127,17,1590,658,932
01127,18,1067,369,698
01129,0,16378,8055,8323
01129,1,873,429,444
01129,2,928,474,454
01129,3,1086,564,522
01129,4,1106,596,510
01129,5,956,496,460
01129,6,1003,541,462
01129,7,818,407,411
01129,8,933,440,493
01129,9,892,423,469
01129,10,1119,545,574
01129,11,1129,555,574
01129,12,1229,604,625
01129,13,1176,567,609
01129,14,1004,466,538
01129,15,844,406,438
01129,16,574,248,326
01129,17,383,174,209
01129,18,325,120,205
01131,0,10627,5056,5571
01131,1,679,340,339
01131,2,635,313,322
01131,3,707,343,364
01131,4,803,419,384
01131,5,684,347,337
01131,6,633,325,308
01131,7,526,254,272
01131,8,597,274,323
01131,9,557,246,311
01131,10,632,274,358
01131,11,647,300,347
01131,12,692,326,366
01131,13,769,372,397
01131,14,657,332,325
01131,15,565,269,296
01131,16,322,154,168
01131,17,273,101,172
01131,18,249,67,182
01133,0,23660,11655,12005
01133,1,1289,648,641
01133,2,1234,649,585
01133,3,1408,704,704
01133,4,1394,730,664
01133,5,1273,644,629
01133,6,1276,641,635
01133,7,1197,573,624
01133,8,1292,629,663
01133,9,1330,700,630
01133,10,1623,832,791
01133,11,1713,868,845
01133,12,1832,911,921
01133,13,1698,837,861
01133,14,1522,740,782
01133,15,1415,665,750
01133,16,1002,451,551
01133,17,609,253,356
01133,18,553,180,373
02013,0,3515,2374,1141
02013,1,83,43,40
02013,2,85,42,43
02013,3,70,39,31
02013,4,88,57,31
02013,5,289,230,59
02013,6,309,232,77
02013,7,255,198,57
02013,8,296,211,85
02013,9,448,315,133
02013,10,377,270,107
02013,11,399,254,145
02013,12,288,179,109
02013,13,204,116,88
02013,14,107,63,44
02013,15,119,63,56
02013,16,47,31,16
02013,17,23,13,10
02013,18,28,18,10
02016,0,5723,3750,1973
02016,1,180,100,80
02016,2,184,91,93
02016,3,167,78,89
02016,4,209,106,103
02016,5,419,270,149
02016,6,575,409,166
02016,7,482,319,163
02016,8,486,335,151
02016,9,550,398,152
02016,10,562,390,172
02016,11,586,402,184
02016,12,514,341,173
02016,13,415,266,149
02016,14,230,144,86
02016,15,97,61,36
02016,16,32,22,10
02016,17,14,7,7
02016,18,21,11,10
02020,0,291538,148384,143154
02020,1,20944,10545,10399
02020,2,19897,10330,9567
02020,3,19192,9874,9318
02020,4,17997,9466,8531
02020,5,21962,12361,9601
02020,6,26281,13717,12564
02020,7,24242,12483,11759
02020,8,21222,10694,10528
02020,9,17038,8587,8451
02020,10,17686,8936,8750
02020,11,17357,8633,8724
02020,12,18641,9325,9316
02020,13,16746,8201,8545
02020,14,12491,6225,6266
02020,15,8669,4253,4416
02020,16,5116,2377,2739
02020,17,3050,1277,1773
02020,18,3007,1100,1907
02050,0,18216,9376,8840
02050,1,2043,1064,979
02050,2,1877,961,916
02050,3,1640,797,843
02050,4,1574,830,744
02050,5,1319,642,677
02050,6,1507,764,743
02050,7,1318,686,632
02050,8,1033,538,495
02050,9,826,420,406
02050,10,845,437,408
02050,11,975,554,421
02050,12,1036,568,468
02050,13,821,443,378
02050,14,596,310,286
02050,15,352,177,175
02050,16,238,105,133
02050,17,135,59,76
02050,18,81,21,60
02060,0,877,468,409
02060,1,56,22,34
02060,2,55,33,22
02060,3,33,19,14
02060,4,43,22,21
02060,5,56,31,25
02060,6,67,34,33
02060,7,71,33,38
02060,8,48,29,19
02060,9,48,26,22
02060,10,55,30,25
02060,11,53,30,23
02060,12,98,53,45
02060,13,67,37,30
02060,14,54,27,27
02060,15,29,23,6
02060,16,19,9,10
02060,17,20,10,10
02060,18,5,0,5
02068,0,2059,1146,913
02068,1,114,67,47
02068,2,105,58,47
02068,3,109,65,44
02068,4,81,41,40
02068,5,105,65,40
02068,6,170,101,69
02068,7,153,83,70
02068,8,150,69,81
02068,9,141,69,72
02068,10,189,106,83
02068,11,174,84,90
02068,12,182,99,83
02068,13,141,84,57
02068,14,136,87,49
02068,15,47,30,17
02068,16,34,20,14
02068,17,20,13,7
02068,18,8,5,3
02070,0,5000,2518,2482
02070,1,498,211,287
02070,2,482,236,246
02070,3,379,199,180
02070,4,363,185,178
02070,5,359,177,182
02070,6,431,215,216
02070,7,347,178,169
02070,8,289,158,131
02070,9,231,107,124
02070,10,230,121,109
02070,11,294,152,142
02070,12,335,176,159
02070,13,292,157,135
02070,14,199,107,92
02070,15,115,59,56
02070,16,80,41,39
02070,17,41,24,17
02070,18,35,15,20
02090,0,98971,53310,45661
02090,1,7506,3887,3619
02090,2,6888,3492,3396
02090,3,6125,3163,2962
02090,4,5947,3210,2737
02090,5,10451,6729,3722
02090,6,10079,5748,4331
02090,7,8408,4571,3837
02090,8,6993,3800,3193
02090,9,5392,2821,2571
02090,10,5043,2609,2434
02090,11,5092,2622,2470
02090,12,5571,2775,2796
02090,13,5272,2610,2662
02090,14,4264,2300,1964
02090,15,2850,1526,1324
02090,16,1584,788,796
02090,17,810,384,426
02090,18,696,275,421
02100,0,2474,1222,1252
02100,1,89,46,43
02100,2,111,51,60
02100,3,129,60,69
02100,4,141,70,71
02100,5,110,64,46
02100,6,97,45,52
02100,7,146,70,76
02100,8,150,69,81
02100,9,147,81,66
02100,10,145,69,76
02100,11,179,80,99
02100,12,229,122,107
02100,13,255,124,131
02100,14,223,118,105
02100,15,168,88,80
02100,16,68,29,39
02100,17,38,20,18
02100,18,49,16,33
02105,0,2151,1134,1017
02105,1,102,45,57
02105,2,115,67,48
02105,3,119,54,65
02105,4,95,40,55
02105,5,87,46,41
02105,6,100,61,39
02105,7,112,60,52
02105,8,119,56,63
02105,9,106,45,61
02105,10,152,99,53
02105,11,168,78,90
02105,12,202,112,90
02105,13,191,96,95
02105,14,202,94,108
02105,15,121,85,36
02105,16,90,52,38
02105,17,46,29,17
02105,18,24,15,9
02110,0,32113,16313,15800
02110,1,1843,933,910
02110,2,1888,1011,877
02110,3,1893,954,939
02110,4,1964,985,979
02110,5,2000,1080,920
02110,6,2374,1182,1192
02110,7,2478,1259,1219
02110,8,2375,1192,1183
02110,9,2051,1059,992
02110,10,2144,1099,1045
02110,11,2153,1101,1052
02110,12,2427,1248,1179
02110,13,2225,1141,1084
02110,14,1776,877,899
02110,15,1205,637,568
02110,16,638,296,342
02110,17,351,163,188
02110,18,328,96,232
02122,0,58533,30488,28045
02122,1,3552,1814,1738
02122,2,3733,1921,1812
02122,3,3712,1941,1771
02122,4,3450,1782,1668
02122,5,3156,1740,1416
02122,6,3775,2016,1759
02122,7,3615,1896,1719
02122,8,3670,1897,1773
02122,9,3251,1732,1519
02122,10,3469,1838,1631
02122,11,3654,1859,1795
02122,12,4532,2348,2184
02122,13,4776,2421,2355
02122,14,4137,2180,1957
02122,15,2744,1464,1280
02122,16,1722,918,804
02122,17,895,448,447
02122,18,690,273,417
02130,0,13918,7102,6816
02130,1,819,417,402
02130,2,876,415,461
02130,3,845,418,427
02130,4,864,471,393
02130,5,791,433,358
02130,6,996,521,475
02130,7,944,471,473
02130,8,984,530,454
02130,9,787,400,387
02130,10,855,424,431
02130,11,873,436,437
02130,12,1085,570,515
02130,13,1037,505,532
02130,14,814,435,379
02130,15,588,290,298
02130,16,366,191,175
02130,17,186,89,97
02130,18,208,86,122
02150,0,13345,7096,6249
02150,1,1042,554,488
02150,2,961,510,451
02150,3,900,444,456
02150,4,840,458,382
02150,5,911,521,390
02150,6,1100,603,497
02150,7,1066,561,505
02150,8,987,530,457
02150,9,833,455,378
02150,10,702,359,343
02150,11,815,450,365
02150,12,921,512,409
02150,13,888,473,415
02150,14,514,270,244
02150,15,404,201,203
02150,16,241,107,134
02150,17,129,62,67
02150,18,91,26,65
02158,0,8303,4374,3929
02158,1,1088,564,524
02158,2,1026,548,478
02158,3,815,442,373
02158,4,729,372,357
02158,5,641,341,300
02158,6,733,403,330
02158,7,585,320,265
02158,8,420,229,191
02158,9,325,161,164
02158,10,339,176,163
02158,11,390,208,182
02158,12,410,221,189
02158,13,306,169,137
02158,14,208,103,105
02158,15,135,66,69
02158,16,62,24,38
02158,17,44,13,31
02158,18,47,14,33
02164,0,1587,813,774
02164,1,161,83,78
02164,2,113,49,64
02164,3,115,53,62
02164,4,100,49,51
02164,5,89,50,39
02164,6,137,66,71
02164,7,97,54,43
02164,8,110,56,54
02164,9,97,59,38
02164,10,92,40,52
02164,11,99,57,42
02164,12,124,64,60
02164,13,91,47,44
02164,14,66,34,32
02164,15,46,26,20
02164,16,22,13,9
02164,17,15,8,7
02164,18,13,5,8
02170,0,107610,55867,51743
02170,1,7681,4003,3678
02170,2,8033,4083,3950
02170,3,8418,4371,4047
02170,4,7213,3820,3393
02170,5,6198,3376,2822
02170,6,7632,4091,3541
02170,7,7790,3975,3815
02170,8,7712,3956,3756
02170,9,6721,3537,3184
02170,10,6563,3426,3137
02170,11,6561,3414,3147
02170,12,7442,3848,3594
02170,13,6832,3553,3279
02170,14,5377,2677,2700
02170,15,3389,1715,1674
02170,16,2144,1161,983
02170,17,1042,489,553
02170,18,862,372,490
02180,0,10008,5267,4741
02180,1,1009,497,512
02180,2,1054,554,500
02180,3,910,469,441
02180,4,787,413,374
02180,5,699,378,321
02180,6,847,431,416
02180,7,722,381,341
02180,8,640,349,291
02180,9,527,270,257
02180,10,485,247,238
02180,11,510,287,223
02180,12,570,305,265
02180,13,474,268,206
02180,14,326,189,137
02180,15,219,122,97
02180,16,115,60,55
02180,17,71,29,42
02180,18,43,18,25
02185,0,9872,6145,3727
02185,1,788,416,372
02185,2,780,404,376
02185,3,693,347,346
02185,4,556,280,276
02185,5,557,340,217
02185,6,825,485,340
02185,7,820,544,276
02185,8,689,473,216
02185,9,570,374,196
02185,10,677,488,189
02185,11,881,665,216
02185,12,822,585,237
02185,13,541,370,171
02185,14,310,200,110
02185,15,171,102,69
02185,16,86,40,46
02185,17,58,16,42
02185,18,48,16,32
02188,0,7671,4141,3530
02188,1,780,396,384
02188,2,857,468,389
02188,3,697,382,315
02188,4,601,287,314
02188,5,542,269,273
02188,6,721,415,306
02188,7,530,290,240
02188,8,449,239,210
02188,9,344,203,141
02188,10,377,210,167
02188,11,454,278,176
02188,12,425,250,175
02188,13,333,184,149
02188,14,181,99,82
02188,15,152,72,80
02188,16,90,53,37
02188,17,72,28,44
02188,18,66,18,48
02195,0,3221,1700,1521
02195,1,193,102,91
02195,2,209,99,110
02195,3,159,82,77
02195,4,176,90,86
02195,5,179,111,68
02195,6,185,89,96
02195,7,201,98,103
02195,8,191,105,86
02195,9,182,98,84
02195,10,207,112,95
02195,11,210,123,87
02195,12,253,120,133
02195,13,261,139,122
02195,14,264,151,113
02195,15,153,79,74
02195,16,102,58,44
02195,17,47,26,21
02195,18,49,18,31
02198,0,6422,3517,2905
02198,1,389,217,172
02198,2,418,224,194
02198,3,420,232,188
02198,4,395,215,180
02198,5,302,157,145
02198,6,362,193,169
02198,7,413,201,212
02198,8,373,208,165
02198,9,346,195,151
02198,10,362,191,171
02198,11,502,288,214
02198,12,521,280,241
02198,13,523,297,226
02198,14,479,260,219
02198,15,315,188,127
02198,16,165,100,65
02198,17,82,46,36
02198,18,55,25,30
02220,0,8647,4400,4247
02220,1,437,229,208
02220,2,515,249,266
02220,3,590,319,271
02220,4,507,264,243
02220,5,510,282,228
02220,6,618,331,287
02220,7,636,291,345
02220,8,589,298,291
02220,9,584,312,272
02220,10,531,285,246
02220,11,508,260,248
02220,12,624,329,295
02220,13,637,314,323
02220,14,501,239,262
02220,15,339,172,167
02220,16,209,102,107
02220,17,163,71,92
02220,18,149,53,96
02230,0,1148,597,551
02230,1,61,31,30
02230,2,56,30,26
02230,3,43,25,18
02230,4,31,18,13
02230,5,39,20,19
02230,6,100,52,48
02230,7,115,59,56
02230,8,130,64,66
02230,9,94,45,49
02230,10,81,39,42
02230,11,79,43,36
02230,12,68,36,32
02230,13,84,49,35
02230,14,71,38,33
02230,15,37,21,16
02230,16,32,13,19
02230,17,18,9,9
02230,18,9,5,4
02240,0,6918,3815,3103
02240,1,515,248,267
02240,2,498,257,241
02240,3,447,222,225
02240,4,418,231,187
02240,5,325,176,149
02240,6,527,301,226
02240,7,485,288,197
02240,8,443,246,197
02240,9,416,235,181
02240,10,435,259,176
02240,11,433,247,186
02240,12,491,287,204
02240,13,480,261,219
02240,14,405,229,176
02240,15,272,153,119
02240,16,182,104,78
02240,17,93,50,43
02240,18,53,21,32
02261,0,9164,4803,4361
02261,1,622,284,338
02261,2,576,299,277
02261,3,576,296,280
02261,4,567,281,286
02261,5,462,243,219
02261,6,574,299,275
02261,7,656,357,299
02261,8,619,334,285
02261,9,502,250,252
02261,10,536,302,234
02261,11,637,349,288
02261,12,806,422,384
02261,13,775,416,359
02261,14,549,307,242
02261,15,365,204,161
02261,16,183,98,85
02261,17,93,43,50
02261,18,66,19,47
02275,0,2503,1296,1207
02275,1,116,61,55
02275,2,154,67,87
02275,3,147,71,76
02275,4,132,74,58
02275,5,133,69,64
02275,6,129,67,62
02275,7,127,62,65
02275,8,121,69,52
02275,9,99,47,52
02275,10,149,72,77
02275,11,150,83,67
02275,12,236,122,114
02275,13,262,140,122
02275,14,211,122,89
02275,15,146,73,73
02275,16,78,35,43
02275,17,72,50,22
02275,18,41,12,29
02282,0,604,335,269
02282,1,33,13,20
02282,2,32,13,19
02282,3,23,12,11
02282,4,29,16,13
02282,5,32,13,19
02282,6,45,26,19
02282,7,35,22,13
02282,8,35,21,14
02282,9,35,25,10
02282,10,41,24,17
02282,11,61,33,28
02282,12,39,22,17
02282,13,46,26,20
02282,14,42,29,13
02282,15,33,18,15
02282,16,17,12,5
02282,17,13,7,6
02282,18,13,3,10
02290,0,5327,2822,2505
02290,1,371,190,181
02290,2,478,236,242
02290,3,393,212,181
02290,4,366,174,192
02290,5,277,141,136
02290,6,376,207,169
02290,7,344,188,156
02290,8,349,188,161
02290,9,287,156,131
02290,10,229,106,123
02290,11,312,161,151
02290,12,354,195,159
02290,13,381,206,175
02290,14,345,192,153
02290,15,197,120,77
02290,16,131,74,57
02290,17,69,38,31
02290,18,68,38,30
04001,0,71818,35310,36508
04001,1,4799,2375,2424
04001,2,5457,2723,2734
04001,3,5890,2898,2992
04001,4,5489,2662,2827
04001,5,4695,2345,2350
04001,6,4998,2660,2338
04001,7,4392,2309,2083
04001,8,3964,2080,1884
04001,9,3762,1925,1837
04001,10,3833,1869,1964
04001,11,4296,2089,2207
04001,12,4825,2333,2492
04001,13,4432,2024,2408
04001,14,3645,1758,1887
04001,15,2827,1307,1520
04001,16,2060,929,1131
04001,17,1299,581,718
04001,18,1155,443,712
04003,0,126770,64380,62390
04003,1,7409,3729,3680
04003,2,7485,3802,3683
04003,3,7819,3939,3880
04003,4,8261,4422,3839
04003,5,7627,4405,3222
04003,6,8270,4552,3718
04003,7,7534,4103,3431
04003,8,7562,4055,3507
04003,9,6334,3298,3036
04003,10,6339,3219,3120
04003,11,7047,3450,3597
04003,12,8175,3805,4370
04003,13,8582,4039,4543
04003,14,8605,4123,4482
04003,15,7547,3682,3865
04003,16,5639,2711,2928
04003,17,3566,1738,1828
04003,18,2969,1308,1661
04005,0,142854,70580,72274
04005,1,7882,4111,3771
04005,2,8177,4187,3990
04005,3,8470,4349,4121
04005,4,13964,6480,7484
04005,5,19620,9225,10395
04005,6,11401,5992,5409
04005,7,8885,4601,4284
04005,8,8393,4263,4130
04005,9,7380,3827,3553
04005,10,7167,3630,3537
04005,11,7268,3617,3651
04005,12,8269,3957,4312
04005,13,8123,3826,4297
04005,14,6714,3352,3362
04005,15,4680,2292,2388
04005,16,3090,1422,1668
04005,17,1737,796,941
04005,18,1634,653,981
04007,0,53889,26644,27245
04007,1,3034,1559,1475
04007,2,3083,1611,1472
04007,3,2957,1509,1448
04007,4,2754,1393,1361
04007,5,2440,1248,1192
04007,6,2757,1381,1376
04007,7,2563,1288,1275
04007,8,2535,1353,1182
04007,9,2130,1000,1130
04007,10,2542,1269,1273
04007,11,3071,1454,1617
04007,12,3908,1884,2024
04007,13,4609,2195,2414
04007,14,4677,2283,2394
04007,15,4284,2117,2167
04007,16,3081,1517,1564
04007,17,1874,926,948
04007,18,1590,657,933
04009,0,38072,20283,17789
04009,1,2730,1385,1345
04009,2,2840,1495,1345
04009,3,3015,1522,1493
04009,4,2948,1523,1425
04009,5,2735,1595,1140
04009,6,2977,1722,1255
04009,7,2618,1554,1064
04009,8,2564,1521,1043
04009,9,2341,1314,1027
04009,10,2117,1189,928
04009,11,1925,1048,877
04009,12,1976,980,996
04009,13,1976,1002,974
04009,14,1652,788,864
04009,15,1366,644,722
04009,16,970,440,530
04009,17,697,312,385
04009,18,625,249,376
04011,0,9483,4871,4612
04011,1,756,366,390
04011,2,712,359,353
04011,3,721,361,360
04011,4,644,355,289
04011,5,594,316,278
04011,6,718,356,362
04011,7,687,368,319
04011,8,702,381,321
04011,9,572,317,255
04011,10,537,267,270
04011,11,529,278,251
04011,12,528,279,249
04011,13,535,291,244
04011,14,409,208,201
04011,15,294,154,140
04011,16,206,97,109
04011,17,148,60,88
04011,18,191,58,133
04012,0,21098,10820,10278
04012,1,1002,510,492
04012,2,932,493,439
04012,3,1057,577,480
04012,4,900,486,414
04012,5,855,463,392
04012,6,1059,527,532
04012,7,903,434,469
04012,8,898,498,400
04012,9,796,411,385
04012,10,813,393,420
04012,11,959,445,514
04012,12,1284,609,675
04012,13,1353,651,702
04012,14,1682,802,880
04012,15,2170,1156,1014
04012,16,2054,1075,979
04012,17,1375,735,640
04012,18,1006,555,451
04013,0,4410824,2181718,2229106
04013,1,279620,143107,136513
04013,2,289272,147794,141478
04013,3,304795,155016,149779
04013,4,295805,151600,144205
04013,5,291532,149674,141858
04013,6,335816,170834,164982
04013,7,307998,157183,150815
04013,8,298360,150147,148213
04013,9,275928,136973,138955
04013,10,284479,140898,143581
04013,11,267970,131980,135990
04013,12,268633,130855,137778
04013,13,241331,114056,127275
04013,14,210766,97199,113567
04013,15,177344,81661,95683
04013,16,123762,56327,67435
04013,17,78789,35517,43272
04013,18,78624,30897,47727
04015,0,209550,105979,103571
04015,1,9161,4714,4447
04015,2,9562,4779,4783
04015,3,10764,5494,5270
04015,4,9893,5096,4797
04015,5,9356,5091,4265
04015,6,11163,6090,5073
04015,7,10175,5387,4788
04015,8,9788,5141,4647
04015,9,9092,4754,4338
04015,10,10609,5366,5243
04015,11,12210,5933,6277
04015,12,16084,7716,8368
04015,13,18167,8720,9447
04015,14,18476,9000,9476
04015,15,17513,8909,8604
04015,16,13225,6784,6441
04015,17,8242,4192,4050
04015,18,6070,2813,3257
04017,0,110445,55281,55164
04017,1,7673,3851,3822
04017,2,8253,4257,3996
04017,3,8737,4435,4302
04017,4,7623,3893,3730
04017,5,6344,3379,2965
04017,6,7125,3788,3337
04017,7,6247,3252,2995
04017,8,6167,3148,3019
04017,9,5685,2937,2748
04017,10,5824,2927,2897
04017,11,6202,3001,3201
04017,12,7239,3443,3796
04017,13,7316,3511,3805
04017,14,6709,3176,3533
04017,15,5398,2658,2740
04017,16,3787,1811,1976
04017,17,2309,1069,1240
04017,18,1807,745,1062
04019,0,1039073,511456,527617
04019,1,58491,29898,28593
04019,2,59449,30185,29264
04019,3,61965,31804,30161
04019,4,68872,34523,34349
04019,5,90267,46165,44102
04019,6,72913,38272,34641
04019,7,60111,31316,28795
04019,8,61967,31304,30663
04019,9,56528,28082,28446
04019,10,57185,28099,29086
04019,11,56656,27632,29024
04019,12,64018,30629,33389
04019,13,65396,30360,35036
04019,14,62486,28987,33499
04019,15,54013,25155,28858
04019,16,38553,17610,20943
04019,17,24765,11303,13462
04019,18,25438,10132,15306
04021,0,447138,232917,214221
04021,1,25250,12870,12380
04021,2,28421,14291,14130
04021,3,30354,15631,14723
04021,4,26891,14114,12777
04021,5,25002,14467,10535
04021,6,29377,17048,12329
04021,7,29347,16556,12791
04021,8,30507,16724,13783
04021,9,27795,15217,12578
04021,10,26164,14366,11798
04021,11,23816,12369,11447
04021,12,25694,12689,13005
04021,13,27391,12593,14798
04021,14,28189,12997,15192
04021,15,26681,13029,13652
04021,16,18555,9260,9295
04021,17,10151,5174,4977
04021,18,7553,3522,4031
04023,0,46511,22473,24038
04023,1,3211,1665,1546
04023,2,3407,1720,1687
04023,3,3652,1877,1775
04023,4,3569,1777,1792
04023,5,2995,1535,1460
04023,6,2761,1418,1343
04023,7,2447,1202,1245
04023,8,2526,1153,1373
04023,9,2534,1199,1335
04023,10,2594,1218,1376
04023,11,2682,1235,1447
04023,12,2845,1350,1495
04023,13,2867,1289,1578
04023,14,2610,1181,1429
04023,15,2305,1117,1188
04023,16,1603,738,865
04023,17,962,429,533
04023,18,941,370,571
04025,0,231993,113321,118672
04025,1,9689,5118,4571
04025,2,9968,5000,4968
04025,3,11316,5748,5568
04025,4,11367,6084,5283
04025,5,10435,5604,4831
04025,6,10934,5729,5205
04025,7,10165,5161,5004
04025,8,10402,5323,5079
04025,9,9990,4907,5083
04025,10,11298,5508,5790
04025,11,13205,6241,6964
04025,12,17964,8207,9757
04025,13,21982,9860,12122
04025,14,23388,10863,12525
04025,15,20154,9809,10345
04025,16,13995,6882,7113
04025,17,8316,4094,4222
04025,18,7425,3183,4242
04027,0,212128,109306,102822
04027,1,15229,7702,7527
04027,2,14708,7500,7208
04027,3,14909,7733,7176
04027,4,14814,7751,7063
04027,5,17679,10640,7039
04027,6,15711,8754,6957
04027,7,13793,7527,6266
04027,8,12552,6668,5884
04027,9,10677,5553,5124
04027,10,10664,5128,5536
04027,11,10789,5266,5523
04027,12,10643,5180,5463
04027,13,10132,4851,5281
04027,14,9721,4536,5185
04027,15,9857,4645,5212
04027,16,8914,4212,4702
04027,17,6089,3064,3025
04027,18,5247,2596,2651
05001,0,17769,8593,9176
05001,1,1179,602,577
05001,2,1163,586,577
05001,3,1079,550,529
05001,4,1016,516,500
05001,5,975,475,500
05001,6,1113,536,577
05001,7,923,444,479
05001,8,1009,477,532
05001,9,1075,538,537
05001,10,1067,541,526
05001,11,1140,533,607
05001,12,1278,609,669
05001,13,1268,620,648
05001,14,1120,548,572
05001,15,884,444,440
05001,16,598,254,344
05001,17,443,171,272
05001,18,439,149,290
05003,0,20046,9771,10275
05003,1,1226,630,596
05003,2,1295,687,608
05003,3,1251,606,645
05003,4,1242,653,589
05003,5,1078,555,523
05003,6,1241,597,644
05003,7,1007,491,516
05003,8,1096,516,580
05003,9,1137,532,605
05003,10,1326,618,708
05003,11,1298,637,661
05003,12,1467,718,749
05003,13,1301,644,657
05003,14,1262,607,655
05003,15,1105,524,581
05003,16,808,375,433
05003,17,531,238,293
05003,18,375,143,232
05005,0,41619,20096,21523
05005,1,1921,995,926
05005,2,1933,994,939
05005,3,2229,1135,1094
05005,4,1978,1035,943
05005,5,1748,874,874
05005,6,2009,1028,981
05005,7,1905,942,963
05005,8,2006,947,1059
05005,9,1825,914,911
05005,10,2221,1073,1148
05005,11,2440,1154,1286
05005,12,3185,1467,1718
05005,13,3359,1531,1828
05005,14,3441,1597,1844
05005,15,3318,1561,1757
05005,16,2760,1287,1473
05005,17,1742,869,873
05005,18,1599,693,906
05007,0,272608,135582,137026
05007,1,19055,9851,9204
05007,2,19875,10103,9772
05007,3,20673,10633,10040
05007,4,18363,9357,9006
05007,5,15702,7851,7851
05007,6,19642,9937,9705
05007,7,20493,10409,10084
05007,8,21042,10718,10324
05007,9,17895,9156,8739
05007,10,17964,8890,9074
05007,11,16020,8090,7930
05007,12,15605,7653,7952
05007,13,13722,6533,7189
05007,14,11626,5388,6238
05007,15,9745,4522,5223
05007,16,6651,2999,3652
05007,17,4361,1897,2464
05007,18,4174,1595,2579
05009,0,37480,18443,19037
05009,1,2387,1232,1155
05009,2,2317,1211,1106
05009,3,2484,1265,1219
05009,4,2138,1146,992
05009,5,1989,1003,986
05009,6,2374,1202,1172
05009,7,2022,1009,1013
05009,8,2191,1113,1078
05009,9,2071,1024,1047
05009,10,2307,1130,1177
05009,11,2368,1153,1215
05009,12,2684,1315,1369
05009,13,2405,1143,1262
05009,14,2279,1061,1218
05009,15,2069,982,1087
05009,16,1493,659,834
05009,17,970,424,546
05009,18,932,371,561
05011,0,10897,5306,5591
05011,1,662,348,314
05011,2,756,393,363
05011,3,762,405,357
05011,4,654,311,343
05011,5,543,252,291
05011,6,677,335,342
05011,7,641,336,305
05011,8,657,346,311
05011,9,648,305,343
05011,10,664,335,329
05011,11,696,332,364
05011,12,733,332,401
05011,13,737,357,380
05011,14,620,297,323
05011,15,512,247,265
05011,16,399,161,238
05011,17,257,124,133
05011,18,279,90,189
05013,0,5277,2662,2615
05013,1,237,127,110
05013,2,284,134,150
05013,3,296,150,146
05013,4,296,165,131
05013,5,291,167,124
05013,6,333,175,158
05013,7,291,153,138
05013,8,273,151,122
05013,9,288,136,152
05013,10,341,178,163
05013,11,373,189,184
05013,12,440,231,209
05013,13,397,201,196
05013,14,376,183,193
05013,15,289,134,155
05013,16,194,85,109
05013,17,156,59,97
05013,18,122,44,78
05015,0,28223,14047,14176
05015,1,1654,864,790
05015,2,1613,803,810
05015,3,1759,879,880
05015,4,1673,866,807
05015,5,1487,806,681
05015,6,1534,790,744
05015,7,1452,730,722
05015,8,1488,754,734
05015,9,1487,715,772
05015,10,1623,818,805
05015,11,1741,865,876
05015,12,1985,999,986
05015,13,2183,1019,1164
05015,14,2190,1091,1099
05015,15,1807,910,897
05015,16,1206,590,616
05015,17,705,307,398
05015,18,636,241,395
05017,0,10438,5272,5166
05017,1,599,321,278
05017,2,663,346,317
05017,3,698,372,326
05017,4,599,317,282
05017,5,637,386,251
05017,6,608,362,246
05017,7,550,300,250
05017,8,577,314,263
05017,9,525,275,250
05017,10,641,329,312
05017,11,612,301,311
05017,12,804,386,418
05017,13,803,385,418
05017,14,656,299,357
05017,15,471,201,270
05017,16,408,185,223
05017,17,269,100,169
05017,18,318,93,225
05019,0,22061,10452,11609
05019,1,1161,578,583
05019,2,1131,577,554
05019,3,1225,603,622
05019,4,2215,1034,1181
05019,5,3203,1515,1688
05019,6,1334,643,691
05019,7,1104,544,560
05019,8,1045,517,528
05019,9,1076,511,565
05019,10,1165,562,603
05019,11,1162,549,613
05019,12,1294,585,709
05019,13,1259,597,662
05019,14,1106,524,582
05019,15,943,447,496
05019,16,705,307,398
05019,17,475,201,274
05019,18,458,158,300
05021,0,14847,7255,7592
05021,1,924,443,481
05021,2,848,436,412
05021,3,911,466,445
05021,4,850,432,418
05021,5,814,407,407
05021,6,936,492,444
05021,7,754,371,383
05021,8,850,431,419
05021,9,802,408,394
05021,10,908,449,459
05021,11,1005,521,484
05021,12,1079,528,551
05021,13,987,481,506
05021,14,877,386,491
05021,15,859,413,446
05021,16,629,272,357
05021,17,453,190,263
05021,18,361,129,232
05023,0,24965,12277,12688
05023,1,1095,563,532
05023,2,1328,681,647
05023,3,1435,728,707
05023,4,1322,702,620
05023,5,1108,589,519
05023,6,1224,608,616
05023,7,1198,602,596
05023,8,1343,665,678
05023,9,1312,626,686
05023,10,1368,716,652
05023,11,1648,806,842
05023,12,1965,1006,959
05023,13,1932,888,1044
05023,14,1784,830,954
05023,15,1784,855,929
05023,16,1383,674,709
05023,17,883,397,486
05023,18,853,341,512
05025,0,8018,3978,4040
05025,1,412,224,188
05025,2,439,226,213
05025,3,577,288,289
05025,4,506,259,247
05025,5,407,207,200
05025,6,436,213,223
05025,7,424,223,201
05025,8,459,226,233
05025,9,461,215,246
05025,10,523,250,273
05025,11,519,284,235
05025,12,626,312,314
05025,13,546,269,277
05025,14,530,249,281
05025,15,453,224,229
05025,16,305,152,153
05025,17,222,89,133
05025,18,173,68,105
05027,0,23537,11352,12185
05027,1,1360,727,633
05027,2,1348,690,658
05027,3,1362,690,672
05027,4,2268,1154,1114
05027,5,2621,1339,1282
05027,6,1439,684,755
05027,7,1206,589,617
05027,8,1263,611,652
05027,9,1108,501,607
05027,10,1252,566,686
05027,11,1319,637,682
05027,12,1476,705,771
05027,13,1414,692,722
05027,14,1219,582,637
05027,15,1005,449,556
05027,16,735,319,416
05027,17,572,214,358
05027,18,570,203,367
05029,0,20891,10260,10631
05029,1,1222,630,592
05029,2,1345,658,687
05029,3,1279,639,640
05029,4,1275,677,598
05029,5,1034,515,519
05029,6,1322,679,643
05029,7,1181,571,610
05029,8,1222,601,621
05029,9,1185,596,589
05029,10,1248,607,641
05029,11,1427,705,722
05029,12,1556,776,780
05029,13,1500,720,780
05029,14,1204,592,612
05029,15,1061,493,568
05029,16,764,362,402
05029,17,539,241,298
05029,18,527,198,329
05031,0,108558,52730,55828
05031,1,7597,3966,3631
05031,2,7553,3857,3696
05031,3,7498,3856,3642
05031,4,7943,4101,3842
05031,5,7941,4001,3940
05031,6,8893,4317,4576
05031,7,7846,3813,4033
05031,8,7299,3581,3718
05031,9,6590,3247,3343
05031,10,6387,3132,3255
05031,11,6080,2914,3166
05031,12,6193,2970,3223
05031,13,5708,2602,3106
05031,14,4875,2217,2658
05031,15,3776,1678,2098
05031,16,2743,1122,1621
05031,17,1791,705,1086
05031,18,1845,651,1194
05033,0,63406,31258,32148
05033,1,3970,1999,1971
05033,2,4228,2116,2112
05033,3,4578,2373,2205
05033,4,4182,2159,2023
05033,5,3544,1816,1728
05033,6,4094,2030,2064
05033,7,3912,1969,1943
05033,8,3821,1894,1927
05033,9,3905,1928,1977
05033,10,4087,1988,2099
05033,11,4124,2061,2063
05033,12,4353,2193,2160
05033,13,4061,1958,2103
05033,14,3364,1611,1753
05033,15,2773,1280,1493
05033,16,2059,952,1107
05033,17,1267,542,725
05033,18,1084,389,695
05035,0,48342,23011,25331
05035,1,3686,1896,1790
05035,2,3531,1816,1715
05035,3,3633,1830,1803
05035,4,3478,1790,1688
05035,5,3062,1490,1572
05035,6,3392,1616,1776
05035,7,3022,1399,1623
05035,8,2944,1359,1585
05035,9,2771,1289,1482
05035,10,2893,1335,1558
05035,11,3014,1339,1675
05035,12,3234,1595,1639
05035,13,2844,1291,1553
05035,14,2296,1092,1204
05035,15,1763,774,989
05035,16,1278,575,703
05035,17,753,288,465
05035,18,748,237,511
05037,0,16676,8044,8632
05037,1,1047,514,533
05037,2,1058,537,521
05037,3,1145,576,569
05037,4,1045,551,494
05037,5,945,498,447
05037,6,1008,475,533
05037,7,901,426,475
05037,8,1003,469,534
05037,9,1029,496,533
05037,10,1040,518,522
05037,11,1045,508,537
05037,12,1201,571,630
05037,13,1079,522,557
05037,14,932,456,476
05037,15,867,377,490
05037,16,604,268,336
05037,17,360,150,210
05037,18,367,132,235
05039,0,7182,3549,3633
05039,1,376,191,185
05039,2,409,230,179
05039,3,468,255,213
05039,4,422,216,206
05039,5,363,187,176
05039,6,410,203,207
05039,7,361,189,172
05039,8,412,212,200
05039,9,335,163,172
05039,10,418,220,198
05039,11,425,189,236
05039,12,544,275,269
05039,13,574,303,271
05039,14,497,242,255
05039,15,432,191,241
05039,16,302,131,171
05039,17,188,77,111
05039,18,246,75,171
05041,0,11512,5437,6075
05041,1,772,436,336
05041,2,831,395,436
05041,3,842,424,418
05041,4,755,370,385
05041,5,614,272,342
05041,6,644,294,350
05041,7,642,303,339
05041,8,654,287,367
05041,9,601,295,306
05041,10,607,295,312
05041,11,689,306,383
05041,12,819,388,431
05041,13,854,417,437
05041,14,716,328,388
05041,15,545,259,286
05041,16,414,174,240
05041,17,267,122,145
05041,18,246,72,174
05043,0,18328,8955,9373
05043,1,1096,610,486
05043,2,1045,557,488
05043,3,1117,562,555
05043,4,1409,735,674
05043,5,1788,922,866
05043,6,1272,637,635
05043,7,974,482,492
05043,8,1041,506,535
05043,9,979,469,510
05043,10,1003,455,548
05043,11,1078,501,577
05043,12,1202,559,643
05043,13,1117,586,531
05043,14,964,435,529
05043,15,756,351,405
05043,16,615,254,361
05043,17,466,196,270
05043,18,406,138,268
05045,0,124806,60992,63814
05045,1,7621,3977,3644
05045,2,7911,4117,3794
05045,3,8366,4228,4138
05045,4,9078,4545,4533
05045,5,14476,6949,7527
05045,6,9541,4728,4813
05045,7,8473,4226,4247
05045,8,8127,4074,4053
05045,9,7384,3606,3778
05045,10,7516,3737,3779
05045,11,7074,3378,3696
05045,12,7264,3557,3707
05045,13,6393,3010,3383
05045,14,5277,2444,2833
05045,15,4207,1946,2261
05045,16,2769,1195,1574
05045,17,1728,725,1003
05045,18,1601,550,1051
05047,0,17810,8908,8902
05047,1,993,519,474
05047,2,1103,594,509
05047,3,1223,624,599
05047,4,1183,640,543
05047,5,1011,587,424
05047,6,1071,561,510
05047,7,949,461,488
05047,8,1084,552,532
05047,9,1037,527,510
05047,10,1090,534,556
05047,11,1136,560,576
05047,12,1299,628,671
05047,13,1188,565,623
05047,14,1047,514,533
05047,15,850,387,463
05047,16,648,291,357
05047,17,460,216,244
05047,18,438,148,290
05049,0,12269,6021,6248
05049,1,601,305,296
05049,2,656,357,299
05049,3,787,398,389
05049,4,722,386,336
05049,5,585,300,285
05049,6,559,267,292
05049,7,546,277,269
05049,8,610,284,326
05049,9,583,291,292
05049,10,735,362,373
05049,11,782,384,398
05049,12,920,427,493
05049,13,962,451,511
05049,14,964,466,498
05049,15,816,385,431
05049,16,654,317,337
05049,17,410,209,201
05049,18,377,155,222
05051,0,99154,47660,51494
05051,1,5336,2718,2618
05051,2,5470,2857,2613
05051,3,5619,2829,2790
05051,4,5592,2927,2665
05051,5,5056,2541,2515
05051,6,5955,2975,2980
05051,7,5359,2588,2771
05051,8,5585,2740,2845
05051,9,5291,2545,2746
05051,10,5834,2744,3090
05051,11,6093,2918,3175
05051,12,7044,3343,3701
05051,13,7288,3354,3934
05051,14,7174,3264,3910
05051,15,6140,2813,3327
05051,16,4577,2121,2456
05051,17,2916,1329,1587
05051,18,2825,1054,1771
05053,0,18188,8985,9203
05053,1,980,468,512
05053,2,1119,571,548
05053,3,1218,644,574
05053,4,1161,579,582
05053,5,967,481,486
05053,6,1134,581,553
05053,7,1062,549,513
05053,8,1161,583,578
05053,9,1145,553,592
05053,10,1213,620,593
05053,11,1236,590,646
05053,12,1354,687,667
05053,13,1163,569,594
05053,14,1001,500,501
05053,15,896,437,459
05053,16,642,276,366
05053,17,368,163,205
05053,18,368,134,234
05055,0,45325,22289,23036
05055,1,2968,1542,1426
05055,2,3080,1539,1541
05055,3,3158,1626,1532
05055,4,2932,1487,1445
05055,5,2694,1398,1296
05055,6,3170,1556,1614
05055,7,2856,1410,1446
05055,8,2915,1469,1446
05055,9,2872,1446,1426
05055,10,3081,1534,1547
05055,11,2930,1446,1484
05055,12,2891,1411,1480
05055,13,2536,1227,1309
05055,14,2318,1089,1229
05055,15,1905,886,1019
05055,16,1380,595,785
05055,17,876,359,517
05055,18,763,269,494
05057,0,21741,10482,11259
05057,1,1565,817,748
05057,2,1631,823,808
05057,3,1567,772,795
05057,4,1361,725,636
05057,5,1229,622,607
05057,6,1293,586,707
05057,7,1122,538,584
05057,8,1229,571,658
05057,9,1249,562,687
05057,10,1195,595,600
05057,11,1372,657,715
05057,12,1554,762,792
05057,13,1469,719,750
05057,14,1158,537,621
05057,15,973,438,535
05057,16,787,378,409
05057,17,500,214,286
05057,18,487,166,321
05059,0,33701,17643,16058
05059,1,1716,915,801
05059,2,1844,968,876
05059,3,2063,1060,1003
05059,4,2018,1191,827
05059,5,1962,1119,843
05059,6,2355,1340,1015
05059,7,2027,1132,895
05059,8,2069,1101,968
05059,9,2110,1151,959
05059,10,2210,1188,1022
05059,11,2243,1236,1007
05059,12,2397,1216,1181
05059,13,2318,1123,1195
05059,14,2075,953,1122
05059,15,1697,822,875
05059,16,1185,546,639
05059,17,727,306,421
05059,18,685,276,409
05061,0,13341,6417,6924
05061,1,939,500,439
05061,2,971,508,463
05061,3,994,508,486
05061,4,866,445,421
05061,5,734,365,369
05061,6,795,366,429
05061,7,761,341,420
05061,8,807,391,416
05061,9,708,330,378
05061,10,781,340,441
05061,11,873,438,435
05061,12,901,431,470
05061,13,817,405,412
05061,14,702,338,364
05061,15,627,283,344
05061,16,442,181,261
05061,17,326,140,186
05061,18,297,107,190
05063,0,37678,18371,19307
05063,1,2422,1204,1218
05063,2,2540,1269,1271
05063,3,2638,1343,1295
05063,4,2519,1275,1244
05063,5,2294,1120,1174
05063,6,2246,1144,1102
05063,7,2232,1118,1114
05063,8,2296,1155,1141
05063,9,2273,1119,1154
05063,10,2331,1161,1170
05063,11,2350,1130,1220
05063,12,2475,1192,1283
05063,13,2459,1240,1219
05063,14,2010,951,1059
05063,15,1686,779,907
05063,16,1219,549,670
05063,17,869,340,529
05063,18,819,282,537
05065,0,13593,7050,6543
05065,1,585,284,301
05065,2,662,328,334
05065,3,779,424,355
05065,4,663,349,314
05065,5,683,360,323
05065,6,724,444,280
05065,7,698,388,310
05065,8,741,411,330
05065,9,704,367,337
05065,10,870,494,376
05065,11,924,529,395
05065,12,1041,500,541
05065,13,1013,493,520
05065,14,982,497,485
05065,15,881,430,451
05065,16,706,355,351
05065,17,492,223,269
05065,18,445,174,271
05067,0,16811,8348,8463
05067,1,981,481,500
05067,2,882,436,446
05067,3,957,506,451
05067,4,867,443,424
05067,5,1003,533,470
05067,6,1302,689,613
05067,7,1143,611,532
05067,8,1123,579,544
05067,9,1067,566,501
05067,10,1059,520,539
05067,11,1104,558,546
05067,12,1164,568,596
05067,13,1108,519,589
05067,14,967,463,504
05067,15,818,345,473
05067,16,581,273,308
05067,17,348,140,208
05067,18,337,118,219
05069,0,68114,33662,34452
05069,1,4158,2144,2014
05069,2,4022,2077,1945
05069,3,4248,2180,2068
05069,4,4778,2454,2324
05069,5,4775,2444,2331
05069,6,4715,2522,2193
05069,7,4132,2151,1981
05069,8,4092,2100,1992
05069,9,3735,1918,1817
05069,10,4001,2015,1986
05069,11,4274,2072,2202
05069,12,4716,2251,2465
05069,13,4691,2214,2477
05069,14,3941,1806,2135
05069,15,3091,1469,1622
05069,16,2025,896,1129
05069,17,1373,543,830
05069,18,1347,406,941
05071,0,26742,13264,13478
05071,1,1813,892,921
05071,2,1832,945,887
05071,3,1849,912,937
05071,4,1941,979,962
05071,5,1696,859,837
05071,6,1670,837,833
05071,7,1641,834,807
05071,8,1676,850,826
05071,9,1492,739,753
05071,10,1556,781,775
05071,11,1713,877,836
05071,12,1814,887,927
05071,13,1649,837,812
05071,14,1368,667,701
05071,15,1180,564,616
05071,16,829,385,444
05071,17,508,230,278
05071,18,515,189,326
05073,0,6682,3283,3399
05073,1,341,191,150
05073,2,307,166,141
05073,3,354,184,170
05073,4,358,193,165
05073,5,368,182,186
05073,6,412,225,187
05073,7,285,146,139
05073,8,331,159,172
05073,9,371,178,193
05073,10,371,163,208
05073,11,490,234,256
05073,12,533,253,280
05073,13,555,266,289
05073,14,426,224,202
05073,15,432,184,248
05073,16,337,157,180
05073,17,211,93,118
05073,18,200,85,115
05075,0,16434,8112,8322
05075,1,960,499,461
05075,2,970,506,464
05075,3,1050,557,493
05075,4,1114,574,540
05075,5,1058,536,522
05075,6,1060,560,500
05075,7,857,432,425
05075,8,930,476,454
05075,9,906,430,476
05075,10,973,482,491
05075,11,1094,549,545
05075,12,1130,548,582
05075,13,1090,528,562
05075,14,879,422,457
05075,15,869,405,464
05075,16,617,265,352
05075,17,458,201,257
05075,18,419,142,277
05077,0,8985,5049,3936
05077,1,447,219,228
05077,2,441,215,226
05077,3,447,227,220
05077,4,474,238,236
05077,5,544,340,204
05077,6,728,510,218
05077,7,650,469,181
05077,8,564,393,171
05077,9,563,381,182
05077,10,630,394,236
05077,11,573,303,270
05077,12,597,325,272
05077,13,563,259,304
05077,14,515,232,283
05077,15,464,208,256
05077,16,325,150,175
05077,17,209,83,126
05077,18,251,103,148
05079,0,13383,8273,5110
05079,1,537,265,272
05079,2,609,291,318
05079,3,678,320,358
05079,4,738,443,295
05079,5,1035,802,233
05079,6,1183,886,297
05079,7,1119,843,276
05079,8,1045,739,306
05079,9,914,648,266
05079,10,940,645,295
05079,11,957,582,375
05079,12,863,521,342
05079,13,716,375,341
05079,14,613,299,314
05079,15,526,265,261
05079,16,371,161,210
05079,17,290,115,175
05079,18,249,73,176
05081,0,12326,5936,6390
05081,1,734,368,366
05081,2,741,394,347
05081,3,792,412,380
05081,4,730,404,326
05081,5,652,320,332
05081,6,725,369,356
05081,7,672,333,339
05081,8,677,330,347
05081,9,739,332,407
05081,10,764,362,402
05081,11,812,375,437
05081,12,849,391,458
05081,13,850,400,450
05081,14,810,361,449
05081,15,718,338,380
05081,16,507,231,276
05081,17,302,125,177
05081,18,252,91,161
05083,0,21737,10852,10885
05083,1,1310,684,626
05083,2,1177,576,601
05083,3,1326,685,641
05083,4,1397,814,583
05083,5,1178,631,547
05083,6,1303,664,639
05083,7,1162,590,572
05083,8,1186,565,621
05083,9,1240,608,632
05083,10,1437,711,726
05083,11,1596,829,767
05083,12,1643,803,840
05083,13,1467,692,775
05083,14,1352,665,687
05083,15,1105,531,574
05083,16,855,389,466
05083,17,541,249,292
05083,18,462,166,296
05085,0,73657,36302,37355
05085,1,4988,2549,2439
05085,2,5227,2727,2500
05085,3,5502,2822,2680
05085,4,4980,2559,2421
05085,5,4276,2169,2107
05085,6,5124,2569,2555
05085,7,5242,2607,2635
05085,8,5232,2627,2605
05085,9,4891,2370,2521
05085,10,4854,2387,2467
05085,11,4647,2290,2357
05085,12,4730,2344,2386
05085,13,4156,1943,2213
05085,14,3260,1508,1752
05085,15,2620,1242,1378
05085,16,1844,838,1006
05085,17,1130,431,699
05085,18,954,320,634
05087,0,16481,8229,8252
05087,1,1112,553,559
05087,2,1000,526,474
05087,3,1098,561,537
05087,4,1050,543,507
05087,5,863,421,442
05087,6,977,502,475
05087,7,943,473,470
05087,8,911,466,445
05087,9,923,474,449
05087,10,1016,496,520
05087,11,1080,561,519
05087,12,1216,626,590
05087,13,1149,581,568
05087,14,1061,506,555
05087,15,790,388,402
05087,16,609,286,323
05087,17,376,164,212
05087,18,307,102,205
05089,0,16722,8209,8513
05089,1,837,395,442
05089,2,850,430,420
05089,3,928,440,488
05089,4,745,398,347
05089,5,671,359,312
05089,6,758,389,369
05089,7,750,373,377
05089,8,744,358,386
05089,9,732,366,366
05089,10,880,419,461
05089,11,1071,541,530
05089,12,1393,669,724
05089,13,1595,754,841
05089,14,1573,775,798
05089,15,1345,676,669
05089,16,912,454,458
05089,17,520,264,256
05089,18,418,149,269
05091,0,43592,21411,22181
05091,1,2878,1455,1423
05091,2,2896,1492,1404
05091,3,2794,1473,1321
05091,4,2684,1406,1278
05091,5,2569,1377,1192
05091,6,3063,1558,1505
05091,7,2691,1346,1345
05091,8,2848,1380,1468
05091,9,2636,1287,1349
05091,10,2730,1352,1378
05091,11,2776,1401,1375
05091,12,2948,1397,1551
05091,13,2715,1280,1435
05091,14,2335,1086,1249
05091,15,1918,867,1051
05091,16,1391,605,786
05091,17,905,390,515
05091,18,815,259,556
05093,0,41239,20077,21162
05093,1,2969,1514,1455
05093,2,2829,1450,1379
05093,3,3092,1610,1482
05093,4,2889,1461,1428
05093,5,2655,1338,1317
05093,6,2880,1494,1386
05093,7,2538,1233,1305
05093,8,2507,1244,1263
05093,9,2392,1098,1294
05093,10,2337,1109,1228
05093,11,2649,1278,1371
05093,12,2798,1329,1469
05093,13,2604,1263,1341
05093,14,2062,990,1072
05093,15,1557,693,864
05093,16,1051,467,584
05093,17,767,300,467
05093,18,663,206,457
05095,0,6900,3209,3691
05095,1,451,209,242
05095,2,399,206,193
05095,3,401,203,198
05095,4,346,161,185
05095,5,339,149,190
05095,6,417,178,239
05095,7,317,164,153
05095,8,343,179,164
05095,9,323,142,181
05095,10,380,192,188
05095,11,471,219,252
05095,12,559,265,294
05095,13,553,253,300
05095,14,511,235,276
05095,15,372,163,209
05095,16,291,125,166
05095,17,226,100,126
05095,18,201,66,135
05097,0,8924,4414,4510
05097,1,420,223,197
05097,2,414,221,193
05097,3,485,237,248
05097,4,503,265,238
05097,5,420,219,201
05097,6,430,229,201
05097,7,348,172,176
05097,8,383,192,191
05097,9,418,217,201
05097,10,520,251,269
05097,11,706,309,397
05097,12,749,381,368
05097,13,717,349,368
05097,14,686,342,344
05097,15,640,317,323
05097,16,490,235,255
05097,17,314,138,176
05097,18,281,117,164
05099,0,8326,4126,4200
05099,1,484,257,227
05099,2,538,296,242
05099,3,545,304,241
05099,4,499,259,240
05099,5,375,196,179
05099,6,520,272,248
05099,7,440,210,230
05099,8,439,212,227
05099,9,447,231,216
05099,10,527,256,271
05099,11,557,269,288
05099,12,621,298,323
05099,13,616,291,325
05099,14,522,262,260
05099,15,432,184,248
05099,16,324,147,177
05099,17,211,100,111
05099,18,229,82,147
05101,0,7805,3954,3851
05101,1,381,206,175
05101,2,367,190,177
05101,3,460,245,215
05101,4,448,241,207
05101,5,350,185,165
05101,6,400,199,201
05101,7,368,202,166
05101,8,411,204,207
05101,9,392,193,199
05101,10,404,196,208
05101,11,516,271,245
05101,12,585,285,300
05101,13,654,335,319
05101,14,657,345,312
05101,15,582,286,296
05101,16,401,198,203
05101,17,238,103,135
05101,18,191,70,121
05103,0,23606,11196,12410
05103,1,1328,682,646
05103,2,1471,716,755
05103,3,1621,832,789
05103,4,1362,718,644
05103,5,1222,608,614
05103,6,1343,657,686
05103,7,1307,630,677
05103,8,1309,631,678
05103,9,1222,554,668
05103,10,1413,670,743
05103,11,1472,695,777
05103,12,1820,861,959
05103,13,1906,866,1040
05103,14,1622,752,870
05103,15,1146,520,626
05103,16,827,388,439
05103,17,561,212,349
05103,18,654,204,450
05105,0,10352,5113,5239
05105,1,620,312,308
05105,2,609,322,287
05105,3,672,329,343
05105,4,627,303,324
05105,5,564,288,276
05105,6,522,270,252
05105,7,570,288,282
05105,8,571,288,283
05105,9,594,292,302
05105,10,706,357,349
05105,11,726,368,358
05105,12,756,378,378
05105,13,724,355,369
05105,14,665,300,365
05105,15,560,271,289
05105,16,366,183,183
05105,17,261,124,137
05105,18,239,85,154
05107,0,18029,8476,9553
05107,1,1386,737,649
05107,2,1220,660,560
05107,3,1265,629,636
05107,4,1218,622,596
05107,5,1106,516,590
05107,6,1076,503,573
05107,7,874,398,476
05107,8,949,411,538
05107,9,879,403,476
05107,10,950,454,496
05107,11,1048,473,575
05107,12,1329,613,716
05107,13,1303,564,739
05107,14,1156,521,635
05107,15,856,402,454
05107,16,614,268,346
05107,17,410,180,230
05107,18,390,122,268
05109,0,10673,5336,5337
05109,1,553,292,261
05109,2,648,328,320
05109,3,675,366,309
05109,4,652,327,325
05109,5,596,298,298
05109,6,576,309,267
05109,7,579,317,262
05109,8,563,282,281
05109,9,653,319,334
05109,10,760,398,362
05109,11,734,365,369
05109,12,752,378,374
05109,13,756,365,391
05109,14,706,318,388
05109,15,525,258,267
05109,16,424,195,229
05109,17,315,136,179
05109,18,206,85,121
05111,0,23974,11646,12328
05111,1,1622,826,796
05111,2,1572,825,747
05111,3,1612,809,803
05111,4,1477,735,742
05111,5,1386,699,687
05111,6,1683,857,826
05111,7,1372,679,693
05111,8,1345,654,691
05111,9,1345,664,681
05111,10,1561,765,796
05111,11,1577,803,774
05111,12,1655,780,875
05111,13,1471,749,722
05111,14,1328,574,754
05111,15,1153,514,639
05111,16,880,374,506
05111,17,522,205,317
05111,18,413,134,279
05113,0,20049,9767,10282
05113,1,1196,616,580
05113,2,1220,589,631
05113,3,1330,651,679
05113,4,1269,658,611
05113,5,999,522,477
05113,6,1096,516,580
05113,7,948,475,473
05113,8,1040,509,531
05113,9,1067,530,537
05113,10,1197,579,618
05113,11,1199,608,591
05113,12,1453,719,734
05113,13,1424,680,744
05113,14,1418,677,741
05113,15,1219,567,652
05113,16,937,447,490
05113,17,557,244,313
05113,18,480,180,300
05115,0,64000,31721,32279
05115,1,4056,2085,1971
05115,2,3944,2039,1905
05115,3,4179,2118,2061
05115,4,5067,2563,2504
05115,5,5499,2811,2688
05115,6,4644,2336,2308
05115,7,3985,2036,1949
05115,8,3707,1824,1883
05115,9,3427,1783,1644
05115,10,3730,1838,1892
05115,11,3895,1899,1996
05115,12,4123,2119,2004
05115,13,3663,1749,1914
05115,14,3081,1463,1618
05115,15,2689,1234,1455
05115,16,1891,855,1036
05115,17,1244,557,687
05115,18,1176,412,764
05117,0,8074,4063,4011
05117,1,430,251,179
05117,2,444,244,200
05117,3,454,261,193
05117,4,433,227,206
05117,5,433,239,194
05117,6,406,202,204
05117,7,445,218,227
05117,8,391,198,193
05117,9,391,169,222
05117,10,513,254,259
05117,11,600,279,321
05117,12,592,302,290
05117,13,622,291,331
05117,14,512,268,244
05117,15,479,241,238
05117,16,394,187,207
05117,17,283,131,152
05117,18,252,101,151
05119,0,392680,187731,204949
05119,1,25974,13260,12714
05119,2,25536,13058,12478
05119,3,25029,12812,12217
05119,4,23054,11740,11314
05119,5,25388,12870,12518
05119,6,30212,14700,15512
05119,7,27786,13252,14534
05119,8,26718,12807,13911
05119,9,23508,11113,12395
05119,10,24132,11362,12770
05119,11,23240,10980,12260
05119,12,26048,12242,13806
05119,13,24980,11522,13458
05119,14,21261,9621,11640
05119,15,15562,7025,8537
05119,16,10226,4403,5823
05119,17,6629,2607,4022
05119,18,7397,2357,5040
05121,0,17948,8874,9074
05121,1,1139,586,553
05121,2,1196,620,576
05121,3,1178,624,554
05121,4,1117,582,535
05121,5,927,490,437
05121,6,1189,610,579
05121,7,1063,535,528
05121,8,1044,537,507
05121,9,1031,524,507
05121,10,1003,477,526
05121,11,1148,581,567
05121,12,1198,587,611
05121,13,1136,565,571
05121,14,1067,491,576
05121,15,885,417,468
05121,16,661,284,377
05121,17,438,182,256
05121,18,528,182,346
05123,0,25439,14023,11416
05123,1,1583,779,804
05123,2,1438,704,734
05123,3,1474,790,684
05123,4,1412,704,708
05123,5,1505,839,666
05123,6,1910,1185,725
05123,7,1873,1257,616
05123,8,1957,1326,631
05123,9,1716,1076,640
05123,10,1588,931,657
05123,11,1579,895,684
05123,12,1633,831,802
05123,13,1649,829,820
05123,14,1410,681,729
05123,15,1095,533,562
05123,16,715,303,412
05123,17,434,192,242
05123,18,468,168,300
05125,0,121421,59489,61932
05125,1,7084,3555,3529
05125,2,7699,4003,3696
05125,3,8397,4222,4175
05125,4,7546,3946,3600
05125,5,6271,3072,3199
05125,6,7689,3720,3969
05125,7,7796,3775,4021
05125,8,8550,4222,4328
05125,9,7889,3928,3961
05125,10,7910,3961,3949
05125,11,7810,3853,3957
05125,12,7806,3820,3986
05125,13,7410,3576,3834
05125,14,6705,3054,3651
05125,15,5923,2832,3091
05125,16,4294,2002,2292
05125,17,2577,1152,1425
05125,18,2065,796,1269
05127,0,10319,5236,5083
05127,1,581,291,290
05127,2,661,362,299
05127,3,723,390,333
05127,4,636,352,284
05127,5,518,265,253
05127,6,635,305,330
05127,7,542,290,252
05127,8,544,281,263
05127,9,537,277,260
05127,10,612,296,316
05127,11,725,381,344
05127,12,798,391,407
05127,13,655,341,314
05127,14,645,311,334
05127,15,560,272,288
05127,16,468,232,236
05127,17,258,113,145
05127,18,221,86,135
05129,0,7958,3988,3970
05129,1,418,192,226
05129,2,448,243,205
05129,3,464,250,214
05129,4,461,250,211
05129,5,357,187,170
05129,6,375,180,195
05129,7,401,189,212
05129,8,385,202,183
05129,9,414,217,197
05129,10,467,242,225
05129,11,534,242,292
05129,12,613,324,289
05129,13,633,305,328
05129,14,587,307,280
05129,15,538,266,272
05129,16,366,164,202
05129,17,255,121,134
05129,18,242,107,135
05131,0,127753,62418,65335
05131,1,8387,4301,4086
05131,2,8249,4185,4064
05131,3,8662,4362,4300
05131,4,8309,4221,4088
05131,5,8307,4124,4183
05131,6,9085,4536,4549
05131,7,8231,4106,4125
05131,8,7933,3994,3939
05131,9,7515,3660,3855
05131,10,7940,3894,4046
05131,11,8285,4161,4124
05131,12,8445,4163,4282
05131,13,7901,3787,4114
05131,14,6672,3098,3574
05131,15,5248,2364,2884
05131,16,3732,1669,2063
05131,17,2377,972,1405
05131,18,2475,821,1654
05133,0,17139,8622,8517
05133,1,1353,717,636
05133,2,1373,653,720
05133,3,1376,693,683
05133,4,1223,664,559
05133,5,1101,562,539
05133,6,1165,600,565
05133,7,991,533,458
05133,8,999,524,475
05133,9,947,448,499
05133,10,1150,570,580
05133,11,1022,521,501
05133,12,1007,520,487
05133,13,939,474,465
05133,14,794,409,385
05133,15,629,284,345
05133,16,457,211,246
05133,17,330,126,204
05133,18,283,113,170
05135,0,17366,8570,8796
05135,1,938,509,429
05135,2,917,465,452
05135,3,1038,541,497
05135,4,1026,557,469
05135,5,829,458,371
05135,6,879,435,444
05135,7,743,364,379
05135,8,860,418,442
05135,9,886,446,440
05135,10,1042,498,544
05135,11,1073,529,544
05135,12,1254,599,655
05135,13,1351,618,733
05135,14,1289,613,676
05135,15,1215,593,622
05135,16,885,417,468
05135,17,623,306,317
05135,18,518,204,314
05137,0,12457,6135,6322
05137,1,596,299,297
05137,2,640,337,303
05137,3,730,362,368
05137,4,655,336,319
05137,5,545,285,260
05137,6,626,302,324
05137,7,545,274,271
05137,8,605,300,305
05137,9,669,356,313
05137,10,592,301,291
05137,11,773,363,410
05137,12,1013,496,517
05137,13,1052,525,527
05137,14,957,470,487
05137,15,918,432,486
05137,16,718,349,369
05137,17,426,182,244
05137,18,397,166,231
05139,0,39126,19038,20088
05139,1,2568,1273,1295
05139,2,2603,1329,1274
05139,3,2693,1398,1295
05139,4,2409,1293,1116
05139,5,2174,1067,1107
05139,6,2376,1219,1157
05139,7,2234,1062,1172
05139,8,2435,1170,1265
05139,9,2181,1063,1118
05139,10,2446,1170,1276
05139,11,2415,1197,1218
05139,12,2833,1366,1467
05139,13,2742,1328,1414
05139,14,2296,1068,1228
05139,15,1773,849,924
05139,16,1263,555,708
05139,17,851,346,505
05139,18,834,285,549
05141,0,16603,8255,8348
05141,1,802,425,377
05141,2,875,437,438
05141,3,1029,531,498
05141,4,950,483,467
05141,5,715,387,328
05141,6,731,384,347
05141,7,778,381,397
05141,8,868,422,446
05141,9,835,389,446
05141,10,1007,566,441
05141,11,1067,537,530
05141,12,1259,618,641
05141,13,1362,656,706
05141,14,1214,587,627
05141,15,1140,554,586
05141,16,856,399,457
05141,17,561,262,299
05141,18,554,237,317
05143,0,236961,118335,118626
05143,1,16141,8284,7857
05143,2,16172,8172,8000
05143,3,16224,8331,7893
05143,4,18783,9323,9460
05143,5,24995,13153,11842
05143,6,19138,9796,9342
05143,7,16690,8467,8223
05143,8,16864,8618,8246
05143,9,14439,7329,7110
05143,10,13356,6718,6638
05143,11,12523,6299,6224
05143,12,12646,6245,6401
05143,13,11181,5243,5938
05143,14,9334,4428,4906
05143,15,7210,3300,3910
05143,16,4986,2197,2789
05143,17,3132,1314,1818
05143,18,3147,1118,2029
05145,0,78727,38321,40406
05145,1,4656,2434,2222
05145,2,5029,2590,2439
05145,3,5278,2712,2566
05145,4,5987,2892,3095
05145,5,6213,3073,3140
05145,6,5071,2481,2590
05145,7,4648,2313,2335
05145,8,4724,2277,2447
05145,9,4397,2164,2233
05145,10,5015,2499,2516
05145,11,4945,2383,2562
05145,12,5284,2666,2618
05145,13,4548,2145,2403
05145,14,3985,1901,2084
05145,15,3466,1573,1893
05145,16,2445,1036,1409
05145,17,1596,653,943
05145,18,1440,529,911
05147,0,6490,3121,3369
05147,1,381,215,166
05147,2,400,197,203
05147,3,382,188,194
05147,4,379,184,195
05147,5,355,179,176
05147,6,345,166,179
05147,7,316,141,175
05147,8,323,153,170
05147,9,356,190,166
05147,10,413,199,214
05147,11,403,216,187
05147,12,495,232,263
05147,13,440,207,233
05147,14,496,242,254
05147,15,380,176,204
05147,16,269,110,159
05147,17,157,68,89
05147,18,200,58,142
05149,0,21535,10811,10724
05149,1,1386,710,676
05149,2,1439,738,701
05149,3,1582,819,763
05149,4,1390,745,645
05149,5,1221,649,572
05149,6,1280,657,623
05149,7,1182,611,571
05149,8,1228,643,585
05149,9,1305,668,637
05149,10,1381,683,698
05149,11,1380,667,713
05149,12,1580,824,756
05149,13,1352,669,683
05149,14,1181,580,601
05149,15,927,455,472
05149,16,738,331,407
05149,17,499,207,292
05149,18,484,155,329
06001,0,1666753,820045,846708
06001,1,96716,49506,47210
06001,2,95425,48711,46714
06001,3,95370,48947,46423
06001,4,93570,47278,46292
06001,5,99446,49656,49790
06001,6,137553,69291,68262
06001,7,141644,71053,70591
06001,8,134126,67278,66848
06001,9,117048,58217,58831
06001,10,115151,57304,57847
06001,11,107012,53257,53755
06001,12,107380,52314,55066
06001,13,95802,46151,49651
06001,14,78175,36178,41997
06001,15,58232,26577,31655
06001,16,37876,16738,21138
06001,17,25807,10825,14982
06001,18,30420,10764,19656
06003,0,1101,588,513
06003,1,44,27,17
06003,2,36,18,18
06003,3,69,35,34
06003,4,70,39,31
06003,5,60,34,26
06003,6,55,35,20
06003,7,54,30,24
06003,8,36,22,14
06003,9,47,19,28
06003,10,63,36,27
06003,11,70,29,41
06003,12,114,67,47
06003,13,103,58,45
06003,14,115,58,57
06003,15,78,36,42
06003,16,36,19,17
06003,17,28,16,12
06003,18,23,10,13
06005,0,39383,21425,17958
06005,1,1615,824,791
06005,2,1587,870,717
06005,3,1688,825,863
06005,4,1672,886,786
06005,5,1595,914,681
06005,6,2165,1289,876
06005,7,2131,1316,815
06005,8,2365,1472,893
06005,9,2266,1510,756
06005,10,2488,1554,934
06005,11,2697,1556,1141
06005,12,3140,1653,1487
06005,13,3341,1647,1694
06005,14,3492,1675,1817
06005,15,2997,1467,1530
06005,16,1871,903,968
06005,17,1187,591,596
06005,18,1086,473,613
06007,0,231256,114342,116914
06007,1,12803,6603,6200
06007,2,12732,6561,6171
06007,3,12963,6597,6366
06007,4,15667,7923,7744
06007,5,25027,12680,12347
06007,6,16833,8818,8015
06007,7,13394,6889,6505
06007,8,13601,6996,6605
06007,9,11685,5942,5743
06007,10,11971,5967,6004
06007,11,12243,5955,6288
06007,12,14305,6849,7456
06007,13,15040,7154,7886
06007,14,14348,6797,7551
06007,15,10990,5192,5798
06007,16,7162,3296,3866
06007,17,4914,2140,2774
06007,18,5578,1983,3595
06009,0,45602,22697,22905
06009,1,1955,1016,939
06009,2,2023,1060,963
06009,3,2220,1089,1131
06009,4,2313,1263,1050
06009,5,2021,1058,963
06009,6,2125,1105,1020
06009,7,2252,1146,1106
06009,8,2282,1178,1104
06009,9,1997,1013,984
06009,10,2497,1197,1300
06009,11,2969,1465,1504
06009,12,3887,1847,2040
06009,13,4508,2151,2357
06009,14,4122,1993,2129
06009,15,3497,1762,1735
06009,16,2333,1172,1161
06009,17,1468,710,758
06009,18,1133,472,661
06011,0,21627,11046,10581
06011,1,1543,779,764
06011,2,1618,832,786
06011,3,1732,910,822
06011,4,1598,855,743
06011,5,1409,728,681
06011,6,1463,761,702
06011,7,1418,733,685
06011,8,1390,712,678
06011,9,1222,608,614
06011,10,1255,633,622
06011,11,1285,665,620
06011,12,1286,665,621
06011,13,1245,645,600
06011,14,1026,509,517
06011,15,780,393,387
06011,16,607,297,310
06011,17,354,172,182
06011,18,396,149,247
06013,0,1150215,562483,587732
06013,1,64973,33130,31843
06013,2,70774,36107,34667
06013,3,77366,39512,37854
06013,4,73055,37404,35651
06013,5,66640,33961,32679
06013,6,73055,37178,35877
06013,7,73953,36808,37145
06013,8,78936,38822,40114
06013,9,76498,37235,39263
06013,10,80738,39602,41136
06013,11,80749,39416,41333
06013,12,80276,39126,41150
06013,13,71759,34324,37435
06013,14,59161,27241,31920
06013,15,47276,21524,25752
06013,16,31351,13938,17413
06013,17,20413,8726,11687
06013,18,23242,8429,14813
06015,0,27828,15188,12640
06015,1,1560,812,748
06015,2,1659,853,806
06015,3,1688,856,832
06015,4,1479,773,706
06015,5,1584,965,619
06015,6,1925,1202,723
06015,7,2008,1301,707
06015,8,2056,1269,787
06015,9,1634,998,636
06015,10,1603,935,668
06015,11,1641,895,746
06015,12,1940,993,947
06015,13,2033,939,1094
06015,14,1754,871,883
06015,15,1276,657,619
06015,16,893,412,481
06015,17,546,244,302
06015,18,549,213,336
06017,0,190678,95091,95587
06017,1,8704,4427,4277
06017,2,10164,5243,4921
06017,3,11802,6004,5798
06017,4,11103,5803,5300
06017,5,9554,4934,4620
06017,6,9649,5125,4524
06017,7,9799,5011,4788
06017,8,10898,5379,5519
06017,9,10515,5210,5305
06017,10,12189,6104,6085
06017,11,13360,6586,6774
06017,12,16346,7921,8425
06017,13,16206,7854,8352
06017,14,14190,7089,7101
06017,15,10754,5292,5462
06017,16,6926,3397,3529
06017,17,4191,1988,2203
06017,18,4328,1724,2604
06019,0,994400,496016,498384
06019,1,77299,39515,37784
06019,2,80577,41032,39545
06019,3,79551,40870,38681
06019,4,71727,36379,35348
06019,5,70764,35947,34817
06019,6,80417,41056,39361
06019,7,72036,37065,34971
06019,8,67102,34041,33061
06019,9,58541,29657,28884
06019,10,55843,27918,27925
06019,11,54618,27355,27263
06019,12,54997,26910,28087
06019,13,48815,23537,25278
06019,14,40669,19398,21271
06019,15,30698,14304,16394
06019,16,20902,9301,11601
06019,17,14028,5985,8043
06019,18,15816,5746,10070
06021,0,28047,14235,13812
06021,1,1995,1043,952
06021,2,2099,1104,995
06021,3,2156,1103,1053
06021,4,1922,1003,919
06021,5,1806,933,873
06021,6,1874,990,884
06021,7,1747,906,841
06021,8,1729,878,851
06021,9,1521,752,769
06021,10,1531,778,753
06021,11,1617,792,825
06021,12,1852,942,910
06021,13,1745,876,869
06021,14,1424,719,705
06021,15,1108,563,545
06021,16,836,407,429
06021,17,540,241,299
06021,18,545,205,340
06023,0,136373,67913,68460
06023,1,7251,3764,3487
06023,2,7209,3686,3523
06023,3,7394,3781,3613
06023,4,8904,4441,4463
06023,5,12667,6251,6416
06023,6,9823,5058,4765
06023,7,8311,4294,4017
06023,8,9464,4877,4587
06023,9,8373,4422,3951
06023,10,7417,3915,3502
06023,11,7069,3545,3524
06023,12,8788,4262,4526
06023,13,9323,4418,4905
06023,14,9062,4300,4762
06023,15,6364,3079,3285
06023,16,3844,1799,2045
06023,17,2377,1047,1330
06023,18,2733,974,1759
06025,0,181827,93235,88592
06025,1,14889,7575,7314
06025,2,14623,7585,7038
06025,3,13986,6959,7027
06025,4,13563,7032,6531
06025,5,13089,7197,5892
06025,6,14215,8034,6181
06025,7,12697,7236,5461
06025,8,12001,6551,5450
06025,9,10202,5425,4777
06025,10,10128,5100,5028
06025,11,9995,4966,5029
06025,12,9798,4749,5049
06025,13,9061,4254,4807
06025,14,7332,3435,3897
06025,15,5780,2643,3137
06025,16,4222,1859,2363
06025,17,2996,1308,1688
06025,18,3250,1327,1923
06027,0,17987,9044,8943
06027,1,1011,501,510
06027,2,1083,574,509
06027,3,1019,522,497
06027,4,928,500,428
06027,5,828,428,400
06027,6,893,439,454
06027,7,1063,549,514
06027,8,1110,584,526
06027,9,915,476,439
06027,10,965,490,475
06027,11,994,475,519
06027,12,1461,727,734
06027,13,1507,731,776
06027,14,1316,667,649
06027,15,1002,525,477
06027,16,731,337,394
06027,17,536,262,274
06027,18,625,257,368
06029,0,896764,459690,437074
06029,1,69785,35578,34207
06029,2,74172,37604,36568
06029,3,73637,37336,36301
06029,4,66394,34327,32067
06029,5,65720,35265,30455
06029,6,73491,39711,33780
06029,7,66219,35776,30443
06029,8,60946,32421,28525
06029,9,53421,28149,25272
06029,10,51266,26272,24994
06029,11,49175,24873,24302
06029,12,50348,25079,25269
06029,13,43843,21937,21906
06029,14,33832,16408,17424
06029,15,25532,11964,13568
06029,16,17762,8248,9514
06029,17,10840,4837,6003
06029,18,10381,3905,6476
06031,0,151366,83196,68170
06031,1,11371,5814,5557
06031,2,11885,5946,5939
06031,3,11490,5861,5629
06031,4,10164,5280,4884
06031,5,12660,7506,5154
06031,6,13439,8008,5431
06031,7,12303,7268,5035
06031,8,11130,6585,4545
06031,9,9685,5890,3795
06031,10,8975,5416,3559
06031,11,8391,4787,3604
06031,12,7841,4250,3591
06031,13,6516,3458,3058
06031,14,5086,2508,2578
06031,15,3893,1846,2047
06031,16,2741,1209,1532
06031,17,1928,844,1084
06031,18,1868,720,1148
06033,0,64382,32140,32242
06033,1,3779,1891,1888
06033,2,3771,1926,1845
06033,3,3734,1949,1785
06033,4,3423,1762,1661
06033,5,3017,1630,1387
06033,6,3676,1915,1761
06033,7,3690,1864,1826
06033,8,3507,1806,1701
06033,9,3222,1640,1582
06033,10,3607,1707,1900
06033,11,4076,1994,2082
06033,12,4852,2353,2499
06033,13,5393,2562,2831
06033,14,4943,2454,2489
06033,15,4023,2018,2005
06033,16,2645,1315,1330
06033,17,1583,763,820
06033,18,1441,591,850
06035,0,30802,19155,11647
06035,1,1533,793,740
06035,2,1454,701,753
06035,3,1439,758,681
06035,4,1515,871,644
06035,5,2364,1763,601
06035,6,2999,2269,730
06035,7,2706,2010,696
06035,8,2361,1676,685
06035,9,2134,1524,610
06035,10,2062,1365,697
06035,11,1882,1152,730
06035,12,1850,1036,814
06035,13,1836,918,918
06035,14,1633,875,758
06035,15,1257,618,639
06035,16,740,353,387
06035,17,467,239,228
06035,18,570,234,336
06037,0,10105518,4981895,5123623
06037,1,603555,309680,293875
06037,2,604698,309372,295326
06037,3,610207,312086,298121
06037,4,628932,319722,309210
06037,5,700953,352925,348028
06037,6,856120,435805,420315
06037,7,783916,401667,382249
06037,8,717928,363020,354908
06037,9,663194,329493,333701
06037,10,686882,340062,346820
06037,11,661685,327276,334409
06037,12,644318,314317,330001
06037,13,567173,270049,297124
06037,14,447152,206523,240629
06037,15,337469,151633,185836
06037,16,235061,101591,133470
06037,17,164813,67774,97039
06037,18,191462,68900,122562
06039,0,157672,76008,81664
06039,1,11922,6075,5847
06039,2,12162,6203,5959
06039,3,12264,6162,6102
06039,4,11120,5734,5386
06039,5,10743,5162,5581
06039,6,11563,5477,6086
06039,7,10462,4910,5552
06039,8,10456,4804,5652
06039,9,9403,4211,5192
06039,10,9288,4280,5008
06039,11,8830,4193,4637
06039,12,8944,4294,4650
06039,13,8464,4062,4402
06039,14,7524,3700,3824
06039,15,5776,2763,3013
06039,16,3966,1883,2083
06039,17,2407,1074,1333
06039,18,2378,1021,1357
06041,0,259666,126989,132677
06041,1,11842,5966,5876
06041,2,13794,7034,6760
06041,3,16388,8340,8048
06041,4,15088,7616,7472
06041,5,11793,6077,5716
06041,6,10773,5898,4875
06041,7,11748,6227,5521
06041,8,14325,7185,7140
06041,9,16171,8123,8048
06041,10,20014,9915,10099
06041,11,20298,10058,10240
06041,12,20123,9730,10393
06041,13,19366,9075,10291
06041,14,18061,8225,9836
06041,15,15409,7125,8284
06041,16,10305,4709,5596
06041,17,6343,2821,3522
06041,18,7825,2865,4960
06043,0,17471,8904,8567
06043,1,750,403,347
06043,2,786,392,394
06043,3,787,386,401
06043,4,763,409,354
06043,5,824,452,372
06043,6,993,513,480
06043,7,876,467,409
06043,8,891,441,450
06043,9,777,403,374
06043,10,876,462,414
06043,11,1095,542,553
06043,12,1499,746,753
06043,13,1672,834,838
06043,14,1550,769,781
06043,15,1289,701,588
06043,16,922,458,464
06043,17,577,303,274
06043,18,544,223,321
06045,0,87606,43403,44203
06045,1,5160,2576,2584
06045,2,5205,2683,2522
06045,3,5234,2707,2527
06045,4,4994,2594,2400
06045,5,4503,2300,2203
06045,6,4920,2555,2365
06045,7,4963,2543,2420
06045,8,5396,2733,2663
06045,9,5080,2598,2482
06045,10,5127,2546,2581
06045,11,5059,2523,2536
06045,12,5922,2870,3052
06045,13,6677,3196,3481
06045,14,6857,3228,3629
06045,15,5505,2730,2775
06045,16,3097,1482,1615
06045,17,1792,829,963
06045,18,2115,710,1405
06047,0,274765,138632,136133
06047,1,21174,10835,10339
06047,2,22566,11568,10998
06047,3,23193,11906,11287
06047,4,23859,12153,11706
06047,5,20649,10842,9807
06047,6,21277,11076,10201
06047,7,19012,10073,8939
06047,8,17798,9024,8774
06047,9,15933,7973,7960
06047,10,15740,7778,7962
06047,11,15025,7631,7394
06047,12,14770,7392,7378
06047,13,12924,6356,6568
06047,14,10122,4889,5233
06047,15,7987,3724,4263
06047,16,5387,2472,2915
06047,17,3625,1549,2076
06047,18,3724,1391,2333
06049,0,8777,4386,4391
06049,1,435,204,231
06049,2,497,252,245
06049,3,475,244,231
06049,4,435,235,200
06049,5,397,208,189
06049,6,446,232,214
06049,7,437,200,237
06049,8,461,233,228
06049,9,436,201,235
06049,10,472,259,213
06049,11,503,227,276
06049,12,659,323,336
06049,13,766,375,391
06049,14,754,379,375
06049,15,640,338,302
06049,16,455,245,210
06049,17,258,121,137
06049,18,251,110,141
06051,0,14250,7571,6679
06051,1,691,360,331
06051,2,702,330,372
06051,3,778,393,385
06051,4,750,388,362
06051,5,982,548,434
06051,6,1027,577,450
06051,7,1059,532,527
06051,8,976,507,469
06051,9,871,485,386
06051,10,947,517,430
06051,11,941,529,412
06051,12,1158,593,565
06051,13,1115,608,507
06051,14,899,478,421
06051,15,571,317,254
06051,16,380,204,176
06051,17,198,97,101
06051,18,205,108,97
06053,0,435594,221787,213807
06053,1,30950,15799,15151
06053,2,32700,16798,15902
06053,3,32143,16481,15662
06053,4,30786,15445,15341
06053,5,30484,15836,14648
06053,6,31403,16520,14883
06053,7,31037,16644,14393
06053,8,29768,15836,13932
06053,9,27046,14491,12555
06053,10,26268,13932,12336
06053,11,25048,13066,11982
06053,12,25217,12413,12804
06053,13,23543,11457,12086
06053,14,19759,9569,10190
06053,15,14899,7026,7873
06053,16,9585,4505,5080
06053,17,6532,2823,3709
06053,18,8426,3146,5280
06055,0,139417,69392,70025
06055,1,7049,3605,3444
06055,2,7801,4036,3765
06055,3,8569,4451,4118
06055,4,8764,4402,4362
06055,5,8444,4275,4169
06055,6,8651,4441,4210
06055,7,8468,4314,4154
06055,8,8958,4612,4346
06055,9,8675,4426,4249
06055,10,9159,4555,4604
06055,11,9274,4630,4644
06055,12,9707,4840,4867
06055,13,9233,4473,4760
06055,14,8379,4014,4365
06055,15,6716,3177,3539
06055,16,4711,2263,2448
06055,17,3197,1499,1698
06055,18,3662,1379,2283
06057,0,99696,48920,50776
06057,1,4282,2186,2096
06057,2,4637,2390,2247
06057,3,5006,2550,2456
06057,4,4869,2543,2326
06057,5,4218,2202,2016
06057,6,4578,2334,2244
06057,7,5038,2541,2497
06057,8,5766,2927,2839
06057,9,5257,2691,2566
06057,10,5491,2787,2704
06057,11,5960,2882,3078
06057,12,7957,3634,4323
06057,13,9257,4306,4951
06057,14,9395,4507,4888
06057,15,7531,3720,3811
06057,16,4609,2228,2381
06057,17,2796,1364,1432
06057,18,3049,1128,1921
06059,0,3185968,1572801,1613167
06059,1,187486,96162,91324
06059,2,188161,96378,91783
06059,3,200154,102332,97822
06059,4,204892,104049,100843
06059,5,210107,106528,103579
06059,6,243613,125620,117993
06059,7,216966,111107,105859
06059,8,210516,105483,105033
06059,9,201901,98624,103277
06059,10,224329,109645,114684
06059,11,222233,109741,112492
06059,12,217563,107363,110200
06059,13,187660,90897,96763
06059,14,148314,69512,78802
06059,15,117735,53676,64059
06059,16,83665,37454,46211
06059,17,57494,24750,32744
06059,18,63179,23480,39699
06061,0,393149,192147,201002
06061,1,20976,10733,10243
06061,2,24188,12228,11960
06061,3,26259,13462,12797
06061,4,24494,12730,11764
06061,5,20413,10513,9900
06061,6,21095,10910,10185
06061,7,22052,10929,11123
06061,8,26176,12888,13288
06061,9,25042,12415,12627
06061,10,26751,13148,13603
06061,11,25954,12659,13295
06061,12,27395,13274,14121
06061,13,25448,11899,13549
06061,14,23366,10838,12528
06061,15,20322,9336,10986
06061,16,14158,6362,7796
06061,17,9335,4124,5211
06061,18,9725,3699,6026
06063,0,18804,9360,9444
06063,1,861,408,453
06063,2,829,448,381
06063,3,945,462,483
06063,4,926,485,441
06063,5,725,378,347
06063,6,915,470,445
06063,7,966,474,492
06063,8,941,469,472
06063,9,859,439,420
06063,10,872,447,425
06063,11,1116,545,571
06063,12,1587,742,845
06063,13,1917,899,1018
06063,14,1867,969,898
06063,15,1482,752,730
06063,16,984,531,453
06063,17,548,265,283
06063,18,464,177,287
06065,0,2450758,1221375,1229383
06065,1,158812,81026,77786
06065,2,169386,86662,82724
06065,3,180282,92063,88219
06065,4,177051,90054,86997
06065,5,168029,85700,82329
06065,6,177675,91628,86047
06065,7,164772,84263,80509
06065,8,164156,82382,81774
06065,9,151127,74995,76132
06065,10,154262,76574,77688
06065,11,150972,76118,74854
06065,12,148702,74074,74628
06065,13,132410,64676,67734
06065,14,109135,51537,57598
06065,15,91537,42718,48819
06065,16,65392,29671,35721
06065,17,44102,19802,24300
06065,18,42956,17432,25524
06067,0,1540975,752972,788003
06067,1,98953,50249,48704
06067,2,101004,51722,49282
06067,3,103841,53066,50775
06067,4,94932,48626,46306
06067,5,96256,48746,47510
06067,6,124267,62171,62096
06067,7,118321,59268,59053
06067,8,109932,55001,54931
06067,9,95293,46802,48491
06067,10,97069,47435,49634
06067,11,95032,46388,48644
06067,12,99229,47681,51548
06067,13,89245,41673,47572
06067,14,73425,33492,39933
06067,15,55300,24776,30524
06067,16,36364,15491,20873
06067,17,24651,10135,14516
06067,18,27861,10250,17611
06069,0,61537,30843,30694
06069,1,4072,2027,2045
06069,2,4310,2210,2100
06069,3,4707,2313,2394
06069,4,4418,2288,2130
06069,5,4084,2058,2026
06069,6,4143,2160,1983
06069,7,4281,2236,2045
06069,8,4182,2160,2022
06069,9,3954,2047,1907
06069,10,3885,1933,1952
06069,11,4046,2006,2040
06069,12,4064,2031,2033
06069,13,3454,1726,1728
06069,14,2767,1326,1441
06069,15,2006,976,1030
06069,16,1343,612,731
06069,17,845,372,473
06069,18,976,362,614
06071,0,2171603,1080950,1090653
06071,1,155258,79286,75972
06071,2,158113,80411,77702
06071,3,162767,83503,79264
06071,4,156631,81058,75573
06071,5,163711,84941,78770
06071,6,176422,90599,85823
06071,7,155753,79561,76192
06071,8,146687,73654,73033
06071,9,133631,66174,67457
06071,10,134369,65859,68510
06071,11,130878,64458,66420
06071,12,131373,63739,67634
06071,13,114649,54863,59786
06071,14,88483,41645,46838
06071,15,65177,30420,34757
06071,16,42891,19099,23792
06071,17,27697,11733,15964
06071,18,27113,9947,17166
06073,0,3343364,1682449,1660915
06073,1,208270,106687,101583
06073,2,200824,102660,98164
06073,3,197110,100490,96620
06073,4,207127,107972,99155
06073,5,251805,139929,111876
06073,6,286427,150570,135857
06073,7,264493,137876,126617
06073,8,240211,123702,116509
06073,9,208530,104956,103574
06073,10,209193,104208,104985
06073,11,203950,101423,102527
06073,12,208106,102542,105564
06073,13,187864,90315,97549
06073,14,153360,72182,81178
06073,15,118628,54728,63900
06073,16,79028,35286,43742
06073,17,54224,22956,31268
06073,18,64214,23967,40247
06075,0,883305,450363,432942
06075,1,39722,20351,19371
06075,2,32285,16613,15672
06075,3,29737,15071,14666
06075,4,30923,14992,15931
06075,5,48005,23467,24538
06075,6,103432,53343,50089
06075,7,104864,54932,49932
06075,8,78518,41778,36740
06075,9,60818,32203,28615
06075,10,60003,32347,27656
06075,11,55093,30032,25061
06075,12,52302,27598,24704
06075,13,49354,25075,24279
06075,14,44340,21542,22798
06075,15,32506,15371,17135
06075,16,22094,9989,12105
06075,17,17480,7484,9996
06075,18,21829,8175,13654
06077,0,752660,375136,377524
06077,1,53303,27380,25923
06077,2,57056,29226,27830
06077,3,59320,30387,28933
06077,4,55652,28759,26893
06077,5,50968,26184,24784
06077,6,54998,28342,26656
06077,7,50850,25739,25111
06077,8,51350,25947,25403
06077,9,46585,23239,23346
06077,10,46854,23269,23585
06077,11,45209,22859,22350
06077,12,44905,22044,22861
06077,13,39694,19313,20381
06077,14,32035,15002,17033
06077,15,24778,11394,13384
06077,16,16685,7383,9302
06077,17,10690,4507,6183
06077,18,11728,4162,7566
06079,0,284010,144092,139918
06079,1,13125,6737,6388
06079,2,13922,7206,6716
06079,3,14433,7333,7100
06079,4,21498,11055,10443
06079,5,30190,16530,13660
06079,6,16664,9128,7536
06079,7,15927,8444,7483
06079,8,16813,8866,7947
06079,9,14605,7866,6739
06079,10,15137,8004,7133
06079,11,15702,7967,7735
06079,12,18800,9085,9715
06079,13,20154,9333,10821
06079,14,19095,9170,9925
06079,15,14797,7159,7638
06079,16,9669,4574,5095
06079,17,6318,2809,3509
06079,18,7161,2826,4335
06081,0,769545,380308,389237
06081,1,43545,22435,21110
06081,2,43638,22315,21323
06081,3,44727,22752,21975
06081,4,41205,21174,20031
06081,5,41216,21168,20048
06081,6,56080,29534,26546
06081,7,59278,30693,28585
06081,8,57307,28773,28534
06081,9,52742,26595,26147
06081,10,54138,26907,27231
06081,11,52048,25484,26564
06081,12,52514,25602,26912
06081,13,47186,22678,24508
06081,14,39394,18443,20951
06081,15,30376,13682,16694
06081,16,21233,9159,12074
06081,17,14753,6307,8446
06081,18,18165,6607,11558
06083,0,446527,223377,223150
06083,1,27676,14224,13452
06083,2,27964,14257,13707
06083,3,27372,13780,13592
06083,4,36429,17966,18463
06083,5,49772,25528,24244
06083,6,32738,17548,15190
06083,7,26859,14230,12629
06083,8,26877,14105,12772
06083,9,23768,12202,11566
06083,10,23979,12184,11795
06083,11,24006,12012,11994
06083,12,26168,12735,13433
06083,13,24454,11929,12525
06083,14,21083,9957,11126
06083,15,16637,7834,8803
06083,16,11726,5250,6476
06083,17,8429,3575,4854
06083,18,10590,4061,6529
06085,0,1937570,980868,956702
06085,1,115074,58864,56210
06085,2,116531,59573,56958
06085,3,122117,62772,59345
06085,4,115018,59005,56013
06085,5,119735,63125,56610
06085,6,158337,85728,72609
06085,7,156679,83676,73003
06085,8,145506,75710,69796
06085,9,133920,68043,65877
06085,10,136243,68590,67653
06085,11,128707,65406,63301
06085,12,124070,62679,61391
06085,13,104502,51434,53068
06085,14,82155,38757,43398
06085,15,63652,29067,34585
06085,16,46268,20624,25644
06085,17,32401,13921,18480
06085,18,36655,13894,22761
06087,0,274255,135725,138530
06087,1,13937,7169,6768
06087,2,14702,7463,7239
06087,3,15128,7717,7411
06087,4,22426,11019,11407
06087,5,27512,13650,13862
06087,6,17879,9412,8467
06087,7,15417,7913,7504
06087,8,16273,8162,8111
06087,9,15690,7812,7878
06087,10,16602,8389,8213
06087,11,16934,8429,8505
06087,12,18152,8852,9300
06087,13,18476,8934,9542
06087,14,16821,8300,8521
06087,15,12056,5775,6281
06087,16,6945,3165,3780
06087,17,4196,1831,2365
06087,18,5109,1733,3376
06089,0,180040,88367,91673
06089,1,10597,5448,5149
06089,2,10609,5435,5174
06089,3,10762,5427,5335
06089,4,10412,5430,4982
06089,5,9876,5114,4762
06089,6,11797,5978,5819
06089,7,11365,5722,5643
06089,8,10922,5433,5489
06089,9,9144,4611,4533
06089,10,9846,4818,5028
06089,11,10772,5111,5661
06089,12,13143,6357,6786
06089,13,13242,6237,7005
06089,14,12087,5739,6348
06089,15,9929,4715,5214
06089,16,6888,3245,3643
06089,17,4365,1928,2437
06089,18,4284,1619,2665
06091,0,2987,1511,1476
06091,1,139,67,72
06091,2,133,73,60
06091,3,130,60,70
06091,4,115,68,47
06091,5,110,67,43
06091,6,128,78,50
06091,7,119,53,66
06091,8,143,76,67
06091,9,145,71,74
06091,10,152,69,83
06091,11,169,84,85
06091,12,279,149,130
06091,13,280,132,148
06091,14,347,178,169
06091,15,239,115,124
06091,16,174,93,81
06091,17,100,39,61
06091,18,85,39,46
06093,0,43724,21731,21993
06093,1,2268,1161,1107
06093,2,2513,1218,1295
06093,3,2598,1370,1228
06093,4,2355,1236,1119
06093,5,1994,1062,932
06093,6,2273,1196,1077
06093,7,2270,1167,1103
06093,8,2383,1183,1200
06093,9,2029,1042,987
06093,10,2342,1194,1148
06093,11,2388,1131,1257
06093,12,3235,1513,1722
06093,13,3916,1849,2067
06093,14,3809,1873,1936
06093,15,3077,1530,1547
06093,16,1966,1026,940
06093,17,1158,535,623
06093,18,1150,445,705
06095,0,446610,221997,224613
06095,1,26952,13871,13081
06095,2,27392,13952,13440
06095,3,27730,14336,13394
06095,4,26630,13743,12887
06095,5,28735,15305,13430
06095,6,33838,17668,16170
06095,7,31955,16305,15650
06095,8,30167,15423,14744
06095,9,26300,13248,13052
06095,10,27388,13783,13605
06095,11,28824,14259,14565
06095,12,31182,15219,15963
06095,13,29087,13604,15483
06095,14,24462,11515,12947
06095,15,18669,8550,10119
06095,16,11674,5075,6599
06095,17,7634,3198,4436
06095,18,7991,2943,5048
06097,0,499942,244124,255818
06097,1,24820,12582,12238
06097,2,27021,13766,13255
06097,3,28764,14684,14080
06097,4,29764,14924,14840
06097,5,28106,14178,13928
06097,6,32557,16935,15622
06097,7,31914,16415,15499
06097,8,32834,16462,16372
06097,9,29577,14931,14646
06097,10,31134,15410,15724
06097,11,32550,15994,16556
06097,12,36135,17227,18908
06097,13,36052,16929,19123
06097,14,33834,15581,18253
06097,15,26685,12422,14263
06097,16,16032,7150,8882
06097,17,10055,4255,5800
06097,18,12108,4279,7829
06099,0,549815,272316,277499
06099,1,39758,20338,19420
06099,2,41581,21069,20512
06099,3,42621,21632,20989
06099,4,39385,20324,19061
06099,5,36896,18851,18045
06099,6,41085,20769,20316
06099,7,38591,19648,18943
06099,8,36614,18462,18152
06099,9,33193,16664,16529
06099,10,33115,16425,16690
06099,11,32368,15917,16451
06099,12,33128,16173,16955
06099,13,29161,14062,15099
06099,14,23831,11075,12756
06099,15,18614,8543,10071
06099,16,12471,5521,6950
06099,17,8608,3546,5062
06099,18,8795,3297,5498
06101,0,96807,48222,48585
06101,1,6735,3516,3219
06101,2,6752,3492,3260
06101,3,7286,3755,3531
06101,4,6573,3377,3196
06101,5,6059,3160,2899
06101,6,7158,3666,3492
06101,7,6554,3346,3208
06101,8,6087,3016,3071
06101,9,5602,2803,2799
06101,10,5630,2778,2852
06101,11,5816,2880,2936
06101,12,6037,2932,3105
06101,13,5616,2740,2876
06101,14,4396,2111,2285
06101,15,3747,1769,1978
06101,16,2766,1191,1575
06101,17,2021,932,1089
06101,18,1972,758,1214
06103,0,63916,31743,32173
06103,1,4119,2083,2036
06103,2,4201,2165,2036
06103,3,4488,2298,2190
06103,4,3922,2011,1911
06103,5,3501,1834,1667
06103,6,4027,2071,1956
06103,7,3693,1880,1813
06103,8,3639,1863,1776
06103,9,3418,1740,1678
06103,10,3548,1796,1752
06103,11,3932,1924,2008
06103,12,4790,2255,2535
06103,13,4249,2060,2189
06103,14,3866,1832,2034
06103,15,3222,1548,1674
06103,16,2397,1127,1270
06103,17,1521,696,825
06103,18,1383,560,823
06105,0,12535,6442,6093
06105,1,544,296,248
06105,2,580,300,280
06105,3,651,361,290
06105,4,561,289,272
06105,5,498,261,237
06105,6,543,272,271
06105,7,586,303,283
06105,8,668,340,328
06105,9,644,317,327
06105,10,663,359,304
06105,11,810,416,394
06105,12,1076,532,544
06105,13,1291,623,668
06105,14,1236,644,592
06105,15,916,500,416
06105,16,604,306,298
06105,17,374,189,185
06105,18,290,134,156
06107,0,465861,233078,232783
06107,1,36884,18926,17958
06107,2,41224,21151,20073
06107,3,41247,21034,20213
06107,4,37368,19153,18215
06107,5,33169,16761,16408
06107,6,34574,17689,16885
06107,7,31580,16042,15538
06107,8,31327,15960,15367
06107,9,27668,13799,13869
06107,10,26182,13252,12930
06107,11,25063,12486,12577
06107,12,24549,12106,12443
06107,13,21734,10510,11224
06107,14,17643,8429,9214
06107,15,13787,6501,7286
06107,16,9333,4182,5151
06107,17,6176,2629,3547
06107,18,6353,2468,3885
06109,0,54539,28296,26243
06109,1,2393,1188,1205
06109,2,2558,1297,1261
06109,3,2657,1401,1256
06109,4,2496,1309,1187
06109,5,2679,1534,1145
06109,6,3376,1959,1417
06109,7,3142,1810,1332
06109,8,3207,1817,1390
06109,9,2825,1628,1197
06109,10,2906,1603,1303
06109,11,3184,1673,1511
06109,12,4052,1941,2111
06109,13,4785,2315,2470
06109,14,4617,2287,2330
06109,15,3850,1892,1958
06109,16,2556,1227,1329
06109,17,1673,786,887
06109,18,1583,629,954
06111,0,850967,421319,429648
06111,1,49784,25540,24244
06111,2,53892,27241,26651
06111,3,56724,28883,27841
06111,4,56319,28668,27651
06111,5,57063,29151,27912
06111,6,59641,30885,28756
06111,7,54671,28321,26350
06111,8,54473,27652,26821
06111,9,51403,25291,26112
06111,10,55609,27407,28202
06111,11,56766,28106,28660
06111,12,59144,28890,30254
06111,13,53091,25969,27122
06111,14,42601,20055,22546
06111,15,33666,15813,17853
06111,16,23039,10285,12754
06111,17,15483,6569,8914
06111,18,17598,6593,11005
06113,0,220408,106746,113662
06113,1,12414,6267,6147
06113,2,12852,6496,6356
06113,3,13174,6695,6479
06113,4,21335,9983,11352
06113,5,30835,14509,16326
06113,6,16479,8304,8175
06113,7,13600,6960,6640
06113,8,13905,6889,7016
06113,9,12121,6092,6029
06113,10,11799,5755,6044
06113,11,11621,5720,5901
06113,12,11811,5684,6127
06113,13,10927,5144,5783
06113,14,9021,4167,4854
06113,15,6965,3199,3766
06113,16,4711,2171,2540
06113,17,3150,1333,1817
06113,18,3688,1378,2310
06115,0,78041,39503,38538
06115,1,6187,3207,2980
06115,2,6242,3146,3096
06115,3,5894,3037,2857
06115,4,5091,2705,2386
06115,5,5510,3054,2456
06115,6,6254,3206,3048
06115,7,6024,3045,2979
06115,8,5403,2703,2700
06115,9,4388,2228,2160
06115,10,4070,1972,2098
06115,11,4187,2177,2010
06115,12,4584,2252,2332
06115,13,4252,2064,2188
06115,14,3580,1766,1814
06115,15,2628,1221,1407
06115,16,1706,846,860
06115,17,1086,470,616
06115,18,955,404,551
08001,0,511868,258470,253398
08001,1,36180,18387,17793
08001,2,37711,19250,18461
08001,3,39279,20052,19227
08001,4,35091,18097,16994
08001,5,31852,16330,15522
08001,6,41126,21310,19816
08001,7,42569,22092,20477
08001,8,40637,20960,19677
08001,9,34887,18133,16754
08001,10,33417,17072,16345
08001,11,30002,15209,14793
08001,12,30061,14988,15073
08001,13,25469,12545,12924
08001,14,19515,9274,10241
08001,15,13908,6475,7433
08001,16,8873,3812,5061
08001,17,5829,2438,3391
08001,18,5462,2046,3416
08003,0,16683,8361,8322
08003,1,1088,569,519
08003,2,1208,652,556
08003,3,1074,573,501
08003,4,1716,851,865
08003,5,1827,893,934
08003,6,1262,658,604
08003,7,1065,543,522
08003,8,972,476,496
08003,9,836,426,410
08003,10,745,388,357
08003,11,815,401,414
08003,12,941,449,492
08003,13,863,410,453
08003,14,779,385,394
08003,15,597,270,327
08003,16,385,186,199
08003,17,276,137,139
08003,18,234,94,140
08005,0,651215,322713,328502
08005,1,40524,20635,19889
08005,2,42191,21488,20703
08005,3,44306,22873,21433
08005,4,40285,20699,19586
08005,5,38857,19752,19105
08005,6,51593,26461,25132
08005,7,51156,26153,25003
08005,8,49261,24947,24314
08005,9,44124,22154,21970
08005,10,44501,22139,22362
08005,11,40082,19767,20315
08005,12,41378,19956,21422
08005,13,37892,18020,19872
08005,14,30905,14250,16655
08005,15,22384,10296,12088
08005,16,13862,6160,7702
08005,17,8602,3642,4960
08005,18,9312,3321,5991
08007,0,13765,6898,6867
08007,1,642,294,348
08007,2,683,365,318
08007,3,742,391,351
08007,4,649,329,320
08007,5,551,308,243
08007,6,605,303,302
08007,7,677,322,355
08007,8,778,409,369
08007,9,712,367,345
08007,10,758,417,341
08007,11,873,383,490
08007,12,1184,570,614
08007,13,1326,644,682
08007,14,1422,707,715
08007,15,1048,555,493
08007,16,575,288,287
08007,17,282,137,145
08007,18,258,109,149
08009,0,3585,1800,1785
08009,1,196,110,86
08009,2,238,133,105
08009,3,239,117,122
08009,4,193,95,98
08009,5,188,104,84
08009,6,186,111,75
08009,7,184,88,96
08009,8,192,92,100
08009,9,171,99,72
08009,10,170,86,84
08009,11,195,100,95
08009,12,263,124,139
08009,13,284,149,135
08009,14,236,102,134
08009,15,204,97,107
08009,16,150,75,75
08009,17,128,57,71
08009,18,168,61,107
08011,0,5882,3848,2034
08011,1,191,90,101
08011,2,259,124,135
08011,3,268,127,141
08011,4,249,131,118
08011,5,428,328,100
08011,6,553,458,95
08011,7,453,353,100
08011,8,434,344,90
08011,9,432,333,99
08011,10,442,342,100
08011,11,362,251,111
08011,12,381,219,162
08011,13,375,215,160
08011,14,324,181,143
08011,15,263,135,128
08011,16,197,101,96
08011,17,125,62,63
08011,18,146,54,92
08013,0,326078,164069,162009
08013,1,14494,7441,7053
08013,2,16890,8687,8203
08013,3,19016,9655,9361
08013,4,26658,13523,13135
08013,5,33488,17561,15927
08013,6,24846,13629,11217
08013,7,20906,11241,9665
08013,8,20506,10365,10141
08013,9,20161,10055,10106
08013,10,21575,10809,10766
08013,11,19994,9855,10139
08013,12,21142,10382,10760
08013,13,19916,9619,10297
08013,14,16753,8062,8691
08013,15,12086,5816,6270
08013,16,7500,3405,4095
08013,17,4909,2144,2765
08013,18,5238,1820,3418
08014,0,69267,34441,34826
08014,1,3722,1866,1856
08014,2,4340,2235,2105
08014,3,4990,2542,2448
08014,4,4407,2248,2159
08014,5,3765,1911,1854
08014,6,5454,2889,2565
08014,7,5077,2699,2378
08014,8,5049,2547,2502
08014,9,5242,2635,2607
08014,10,5162,2614,2548
08014,11,4394,2189,2205
08014,12,4234,2117,2117
08014,13,3839,1847,1992
08014,14,3208,1432,1776
08014,15,2612,1180,1432
08014,16,1573,697,876
08014,17,1099,433,666
08014,18,1100,360,740
08015,0,20027,10582,9445
08015,1,746,390,356
08015,2,840,432,408
08015,3,873,450,423
08015,4,871,467,404
08015,5,911,565,346
08015,6,1283,794,489
08015,7,1238,734,504
08015,8,1271,721,550
08015,9,1143,661,482
08015,10,1228,669,559
08015,11,1201,635,566
08015,12,1552,745,807
08015,13,1786,843,943
08015,14,1798,894,904
08015,15,1389,661,728
08015,16,850,451,399
08015,17,492,251,241
08015,18,555,219,336
08017,0,1876,954,922
08017,1,131,62,69
08017,2,155,72,83
08017,3,124,69,55
08017,4,113,65,48
08017,5,81,40,41
08017,6,89,38,51
08017,7,106,57,49
08017,8,118,57,61
08017,9,90,47,43
08017,10,91,55,36
08017,11,113,71,42
08017,12,147,79,68
08017,13,133,62,71
08017,14,142,76,66
08017,15,73,44,29
08017,16,65,32,33
08017,17,39,13,26
08017,18,66,15,51
08019,0,9605,5067,4538
08019,1,374,192,182
08019,2,380,212,168
08019,3,448,248,200
08019,4,389,187,202
08019,5,358,199,159
08019,6,543,325,218
08019,7,598,355,243
08019,8,608,309,299
08019,9,643,338,305
08019,10,721,357,364
08019,11,723,347,376
08019,12,912,462,450
08019,13,955,504,451
08019,14,780,432,348
08019,15,578,291,287
08019,16,317,183,134
08019,17,138,65,73
08019,18,140,61,79
08021,0,8200,4117,4083
08021,1,533,250,283
08021,2,592,291,301
08021,3,636,325,311
08021,4,605,310,295
08021,5,471,250,221
08021,6,448,230,218
08021,7,435,230,205
08021,8,481,241,240
08021,9,401,214,187
08021,10,439,215,224
08021,11,440,230,210
08021,12,565,276,289
08021,13,572,290,282
08021,14,517,247,270
08021,15,424,202,222
08021,16,276,144,132
08021,17,208,96,112
08021,18,157,76,81
08023,0,3828,1982,1846
08023,1,173,82,91
08023,2,194,99,95
08023,3,215,126,89
08023,4,213,111,102
08023,5,181,105,76
08023,6,185,99,86
08023,7,184,86,98
08023,8,183,84,99
08023,9,158,78,80
08023,10,179,92,87
08023,11,248,134,114
08023,12,282,141,141
08023,13,388,198,190
08023,14,320,160,160
08023,15,299,171,128
08023,16,195,103,92
08023,17,130,81,49
08023,18,101,32,69
08025,0,5858,4286,1572
08025,1,147,83,64
08025,2,206,100,106
08025,3,222,107,115
08025,4,194,110,84
08025,5,483,420,63
08025,6,657,582,75
08025,7,563,492,71
08025,8,535,449,86
08025,9,496,418,78
08025,10,511,421,90
08025,11,383,301,82
08025,12,361,226,135
08025,13,297,174,123
08025,14,258,144,114
08025,15,213,110,103
08025,16,144,70,74
08025,17,87,43,44
08025,18,101,36,65
08027,0,4954,2555,2399
08027,1,163,93,70
08027,2,184,91,93
08027,3,186,105,81
08027,4,219,107,112
08027,5,167,88,79
08027,6,202,130,72
08027,7,167,95,72
08027,8,216,129,87
08027,9,197,103,94
08027,10,246,134,112
08027,11,267,112,155
08027,12,510,244,266
08027,13,636,295,341
08027,14,678,332,346
08027,15,467,268,199
08027,16,231,131,100
08027,17,129,64,65
08027,18,89,34,55
08029,0,30953,15501,15452
08029,1,1507,792,715
08029,2,1714,846,868
08029,3,1828,900,928
08029,4,1743,932,811
08029,5,1407,749,658
08029,6,1517,790,727
08029,7,1517,830,687
08029,8,1664,847,817
08029,9,1573,824,749
08029,10,1628,822,806
08029,11,1762,893,869
08029,12,2349,1167,1182
08029,13,2720,1304,1416
08029,14,2606,1231,1375
08029,15,2109,1047,1062
08029,16,1456,713,743
08029,17,969,477,492
08029,18,884,337,547
08031,0,716492,359590,356902
08031,1,42921,21887,21034
08031,2,39148,20010,19138
08031,3,37588,19012,18576
08031,4,34579,17374,17205
08031,5,42962,21033,21929
08031,6,85242,42883,42359
08031,7,81849,42505,39344
08031,8,64579,33611,30968
08031,9,50158,26204,23954
08031,10,45199,23917,21282
08031,11,37596,19743,17853
08031,12,36298,18150,18148
08031,13,34157,16382,17775
08031,14,29714,13840,15874
08031,15,21410,9797,11613
08031,16,13440,5795,7645
08031,17,8975,3689,5286
08031,18,10677,3758,6919
08033,0,2074,1090,984
08033,1,73,31,42
08033,2,133,71,62
08033,3,129,67,62
08033,4,112,63,49
08033,5,84,49,35
08033,6,87,42,45
08033,7,81,41,40
08033,8,120,65,55
08033,9,115,54,61
08033,10,126,68,58
08033,11,134,64,70
08033,12,165,90,75
08033,13,195,100,95
08033,14,163,90,73
08033,15,150,80,70
08033,16,96,56,40
08033,17,61,35,26
08033,18,50,24,26
08035,0,342776,171127,171649
08035,1,20097,10273,9824
08035,2,23555,12173,11382
08035,3,27926,14173,13753
08035,4,25755,13307,12448
08035,5,17931,9147,8784
08035,6,17310,8767,8543
08035,7,20661,10332,10329
08035,8,24809,12372,12437
08035,9,25849,12799,13050
08035,10,29267,14663,14604
08035,11,25638,12770,12868
08035,12,23990,11864,12126
08035,13,19053,9445,9608
08035,14,15109,7220,7889
08035,15,11506,5450,6056
08035,16,6810,3261,3549
08035,17,3748,1651,2097
08035,18,3762,1460,2302
08037,0,54993,29160,25833
08037,1,3058,1571,1487
08037,2,3138,1666,1472
08037,3,3670,1864,1806
08037,4,3239,1686,1553
08037,5,2931,1607,1324
08037,6,4346,2445,1901
08037,7,4407,2465,1942
08037,8,4420,2306,2114
08037,9,4174,2214,1960
08037,10,4337,2342,1995
08037,11,3880,2003,1877
08037,12,3633,1902,1731
08037,13,3404,1799,1605
08037,14,2700,1405,1295
08037,15,1869,967,902
08037,16,973,512,461
08037,17,453,246,207
08037,18,361,160,201
08039,0,26282,13278,13004
08039,1,1229,616,613
08039,2,1509,806,703
08039,3,1804,905,899
08039,4,1771,922,849
08039,5,1272,663,609
08039,6,1099,552,547
08039,7,1224,614,610
08039,8,1456,730,726
08039,9,1501,760,741
08039,10,1944,957,987
08039,11,2243,1123,1120
08039,12,2567,1292,1275
08039,13,2352,1178,1174
08039,14,1784,883,901
08039,15,1240,669,571
08039,16,666,353,313
08039,17,328,159,169
08039,18,293,96,197
08041,0,713856,360720,353136
08041,1,48160,24685,23475
08041,2,47614,24307,23307
08041,3,47944,24407,23537
08041,4,48585,25699,22886
08041,5,57873,32799,25074
08041,6,60508,32314,28194
08041,7,54224,28137,26087
08041,8,49072,25065,24007
08041,9,41733,21181,20552
08041,10,41994,21035,20959
08041,11,41370,20082,21288
08041,12,44588,21612,22976
08041,13,39128,18579,20549
08041,14,32065,15132,16933
08041,15,24414,11356,13058
08041,16,15118,6718,8400
08041,17,9916,4109,5807
08041,18,9550,3503,6047
08043,0,48021,27722,20299
08043,1,2048,1084,964
08043,2,2084,1031,1053
08043,3,2290,1157,1133
08043,4,2227,1180,1047
08043,5,2371,1577,794
08043,6,3486,2467,1019
08043,7,3456,2425,1031
08043,8,3385,2330,1055
08043,9,2930,1981,949
08043,10,3133,2021,1112
08043,11,3112,1842,1270
08043,12,3564,1790,1774
08043,13,3533,1766,1767
08043,14,3433,1743,1690
08043,15,2692,1312,1380
08043,16,1913,935,978
08043,17,1228,625,603
08043,18,1136,456,680
08045,0,59770,30533,29237
08045,1,4102,2035,2067
08045,2,4232,2177,2055
08045,3,4247,2162,2085
08045,4,3899,2031,1868
08045,5,3382,1801,1581
08045,6,4012,2103,1909
08045,7,4262,2219,2043
08045,8,4393,2302,2091
08045,9,3927,2031,1896
08045,10,3935,2052,1883
08045,11,3691,1872,1819
08045,12,4033,2021,2012
08045,13,3797,1902,1895
08045,14,3183,1648,1535
08045,15,1979,988,991
08045,16,1226,595,631
08045,17,722,320,402
08045,18,748,274,474
08047,0,6121,3212,2909
08047,1,229,110,119
08047,2,218,96,122
08047,3,321,159,162
08047,4,276,137,139
08047,5,209,114,95
08047,6,286,147,139
08047,7,360,209,151
08047,8,369,175,194
08047,9,510,274,236
08047,10,495,265,230
08047,11,533,303,230
08047,12,654,351,303
08047,13,626,323,303
08047,14,506,268,238
08047,15,277,148,129
08047,16,143,78,65
08047,17,64,32,32
08047,18,45,23,22
08049,0,15525,8319,7206
08049,1,632,330,302
08049,2,667,346,321
08049,3,814,412,402
08049,4,813,443,370
08049,5,756,418,338
08049,6,1110,610,500
08049,7,1079,617,462
08049,8,1043,583,460
08049,9,926,492,434
08049,10,1001,544,457
08049,11,1047,520,527
08049,12,1331,673,658
08049,13,1574,813,761
08049,14,1153,652,501
08049,15,810,450,360
08049,16,403,228,175
08049,17,177,96,81
08049,18,189,92,97
08051,0,17246,9300,7946
08051,1,742,381,361
08051,2,802,439,363
08051,3,846,436,410
08051,4,1447,787,660
08051,5,2215,1287,928
08051,6,1334,754,580
08051,7,1199,656,543
08051,8,1196,633,563
08051,9,1051,573,478
08051,10,1110,609,501
08051,11,938,469,469
08051,12,1033,504,529
08051,13,1097,587,510
08051,14,899,499,400
08051,15,637,341,296
08051,16,352,184,168
08051,17,178,95,83
08051,18,170,66,104
08053,0,811,418,393
08053,1,32,16,16
08053,2,36,23,13
08053,3,34,18,16
08053,4,47,28,19
08053,5,39,18,21
08053,6,32,16,16
08053,7,42,24,18
08053,8,29,15,14
08053,9,45,25,20
08053,10,32,15,17
08053,11,54,23,31
08053,12,60,30,30
08053,13,83,41,42
08053,14,72,34,38
08053,15,88,48,40
08053,16,43,26,17
08053,17,21,9,12
08053,18,22,9,13
08055,0,6889,3513,3376
08055,1,255,124,131
08055,2,307,177,130
08055,3,334,192,142
08055,4,339,184,155
08055,5,238,124,114
08055,6,301,153,148
08055,7,304,167,137
08055,8,308,159,149
08055,9,289,152,137
08055,10,360,186,174
08055,11,390,214,176
08055,12,602,274,328
08055,13,714,288,426
08055,14,687,366,321
08055,15,569,310,259
08055,16,398,210,188
08055,17,241,121,120
08055,18,253,112,141
08057,0,1399,724,675
08057,1,69,39,30
08057,2,62,31,31
08057,3,67,39,28
08057,4,61,24,37
08057,5,55,33,22
08057,6,85,47,38
08057,7,79,44,35
08057,8,76,39,37
08057,9,97,47,50
08057,10,81,45,36
08057,11,99,46,53
08057,12,117,57,60
08057,13,140,82,58
08057,14,111,57,54
08057,15,71,38,33
08057,16,61,25,36
08057,17,35,15,20
08057,18,33,16,17
08059,0,580233,289294,290939
08059,1,30223,15405,14818
08059,2,30874,15839,15035
08059,3,33041,16880,16161
08059,4,33337,17513,15824
08059,5,31870,16666,15204
08059,6,42434,22177,20257
08059,7,44059,23012,21047
08059,8,42488,21756,20732
08059,9,36781,18764,18017
08059,10,38071,19200,18871
08059,11,37966,18541,19425
08059,12,43375,20794,22581
08059,13,40237,19596,20641
08059,14,33555,16035,17520
08059,15,24862,11745,13117
08059,16,16092,7116,8976
08059,17,10249,4376,5873
08059,18,10719,3879,6840
08061,0,1383,673,710
08061,1,109,60,49
08061,2,78,39,39
08061,3,72,36,36
08061,4,75,35,40
08061,5,86,47,39
08061,6,71,28,43
08061,7,64,37,27
08061,8,68,37,31
08061,9,70,34,36
08061,10,64,29,35
08061,11,66,29,37
08061,12,131,60,71
08061,13,105,56,49
08061,14,100,55,45
08061,15,65,27,38
08061,16,55,25,30
08061,17,48,17,31
08061,18,56,22,34
08063,0,7163,3582,3581
08063,1,461,231,230
08063,2,521,262,259
08063,3,541,273,268
08063,4,452,220,232
08063,5,361,190,171
08063,6,420,218,202
08063,7,411,232,179
08063,8,449,222,227
08063,9,363,190,173
08063,10,362,172,190
08063,11,374,189,185
08063,12,541,258,283
08063,13,522,272,250
08063,14,378,193,185
08063,15,338,161,177
08063,16,263,131,132
08063,17,190,92,98
08063,18,216,76,140
08065,0,7824,4207,3617
08065,1,416,212,204
08065,2,420,212,208
08065,3,484,238,246
08065,4,432,235,197
08065,5,543,292,251
08065,6,691,377,314
08065,7,628,344,284
08065,8,587,323,264
08065,9,514,288,226
08065,10,510,287,223
08065,11,470,261,209
08065,12,522,275,247
08065,13,490,274,216
08065,14,503,275,228
08065,15,252,128,124
08065,16,170,91,79
08065,17,102,52,50
08065,18,90,43,47
08067,0,56310,28411,27899
08067,1,2854,1494,1360
08067,2,2868,1488,1380
08067,3,3178,1657,1521
08067,4,3522,1846,1676
08067,5,3457,1746,1711
08067,6,3697,1936,1761
08067,7,3924,2014,1910
08067,8,4058,2081,1977
08067,9,3489,1805,1684
08067,10,3486,1793,1693
08067,11,3434,1608,1826
08067,12,4183,2039,2144
08067,13,4492,2150,2342
08067,14,3775,1877,1898
08067,15,2679,1380,1299
08067,16,1439,709,730
08067,17,926,454,472
08067,18,849,334,515
08069,0,350518,174991,175527
08069,1,17762,9041,8721
08069,2,19076,9767,9309
08069,3,20069,10280,9789
08069,4,24406,12056,12350
08069,5,36825,18973,17852
08069,6,28307,15011,13296
08069,7,23301,12235,11066
08069,8,23095,11780,11315
08069,9,20508,10507,10001
08069,10,19863,10197,9666
08069,11,18529,9039,9490
08069,12,21634,10313,11321
08069,13,22205,10541,11664
08069,14,19444,9287,10157
08069,15,14361,6977,7384
08069,16,9282,4306,4976
08069,17,5685,2476,3209
08069,18,6166,2205,3961
08071,0,14503,7572,6931
08071,1,682,350,332
08071,2,725,371,354
08071,3,828,429,399
08071,4,874,453,421
08071,5,828,495,333
08071,6,869,517,352
08071,7,749,414,335
08071,8,833,484,349
08071,9,696,365,331
08071,10,796,408,388
08071,11,824,445,379
08071,12,1091,545,546
08071,13,1179,588,591
08071,14,1142,613,529
08071,15,981,493,488
08071,16,614,302,312
08071,17,390,170,220
08071,18,402,130,272
08073,0,5610,3277,2333
08073,1,303,156,147
08073,2,305,179,126
08073,3,328,162,166
08073,4,274,143,131
08073,5,376,245,131
08073,6,454,312,142
08073,7,438,301,137
08073,8,376,253,123
08073,9,335,211,124
08073,10,339,222,117
08073,11,375,215,160
08073,12,383,220,163
08073,13,339,192,147
08073,14,265,131,134
08073,15,244,117,127
08073,16,192,98,94
08073,17,120,56,64
08073,18,164,64,100
08075,0,21528,12030,9498
08075,1,1143,595,548
08075,2,1117,573,544
08075,3,1049,550,499
08075,4,1400,812,588
08075,5,1558,942,616
08075,6,1798,1208,590
08075,7,1495,950,545
08075,8,1488,938,550
08075,9,1242,761,481
08075,10,1293,769,524
08075,11,1253,719,534
08075,12,1447,768,679
08075,13,1421,715,706
08075,14,1177,593,584
08075,15,887,429,458
08075,16,669,315,354
08075,17,466,199,267
08075,18,625,194,431
08077,0,153207,75720,77487
08077,1,8659,4447,4212
08077,2,9230,4718,4512
08077,3,9656,4943,4713
08077,4,10139,5256,4883
08077,5,9415,4888,4527
08077,6,10091,5067,5024
08077,7,10019,5123,4896
08077,8,9993,5099,4894
08077,9,8579,4288,4291
08077,10,8323,4210,4113
08077,11,8477,4140,4337
08077,12,10571,4981,5590
08077,13,10817,5159,5658
08077,14,9629,4651,4978
08077,15,7414,3490,3924
08077,16,5084,2347,2737
08077,17,3427,1538,1889
08077,18,3684,1375,2309
08079,0,776,385,391
08079,1,33,14,19
08079,2,36,16,20
08079,3,18,10,8
08079,4,34,18,16
08079,5,21,11,10
08079,6,34,20,14
08079,7,52,28,24
08079,8,33,16,17
08079,9,37,20,17
08079,10,41,17,24
08079,11,43,15,28
08079,12,77,37,40
08079,13,75,37,38
08079,14,94,52,42
08079,15,67,35,32
08079,16,40,18,22
08079,17,19,10,9
08079,18,22,11,11
08081,0,13188,6763,6425
08081,1,939,440,499
08081,2,933,498,435
08081,3,987,544,443
08081,4,833,433,400
08081,5,707,368,339
08081,6,816,416,400
08081,7,874,450,424
08081,8,868,491,377
08081,9,771,389,382
08081,10,737,361,376
08081,11,810,429,381
08081,12,940,472,468
08081,13,953,499,454
08081,14,729,373,356
08081,15,520,269,251
08081,16,355,175,180
08081,17,185,76,109
08081,18,231,80,151
08083,0,26158,12901,13257
08083,1,1463,749,714
08083,2,1675,864,811
08083,3,1607,831,776
08083,4,1540,796,744
08083,5,1206,636,570
08083,6,1466,712,754
08083,7,1541,787,754
08083,8,1449,730,719
08083,9,1349,642,707
08083,10,1450,716,734
08083,11,1521,724,797
08083,12,1938,928,1010
08083,13,2168,999,1169
08083,14,2038,984,1054
08083,15,1514,768,746
08083,16,976,480,496
08083,17,610,300,310
08083,18,647,255,392
08085,0,42214,20815,21399
08085,1,2368,1216,1152
08085,2,2563,1316,1247
08085,3,2603,1304,1299
08085,4,2441,1271,1170
08085,5,2048,1066,982
08085,6,2072,1080,992
08085,7,2304,1179,1125
08085,8,2474,1234,1240
08085,9,2197,1046,1151
08085,10,2372,1165,1207
08085,11,2546,1239,1307
08085,12,3056,1481,1575
08085,13,3334,1606,1728
08085,14,3050,1482,1568
08085,15,2569,1252,1317
08085,16,1796,864,932
08085,17,1175,560,615
08085,18,1246,454,792
08087,0,28558,14410,14148
08087,1,2113,1077,1036
08087,2,2150,1054,1096
08087,3,1989,1035,954
08087,4,1887,985,902
08087,5,1814,909,905
08087,6,1969,997,972
08087,7,2007,1102,905
08087,8,1789,936,853
08087,9,1564,786,778
08087,10,1629,851,778
08087,11,1644,841,803
08087,12,1815,924,891
08087,13,1766,915,851
08087,14,1334,652,682
08087,15,1036,499,537
08087,16,767,346,421
08087,17,577,261,316
08087,18,708,240,468
08089,0,18432,9025,9407
08089,1,1113,554,559
08089,2,1202,588,614
08089,3,1303,670,633
08089,4,1378,730,648
08089,5,1101,600,501
08089,6,1064,541,523
08089,7,1008,488,520
08089,8,1078,522,556
08089,9,1017,496,521
08089,10,964,477,487
08089,11,1013,482,531
08089,12,1224,589,635
08089,13,1201,590,611
08089,14,1188,575,613
08089,15,913,433,480
08089,16,656,283,373
08089,17,531,231,300
08089,18,478,176,302
08091,0,4833,2446,2387
08091,1,142,83,59
08091,2,210,109,101
08091,3,226,106,120
08091,4,232,117,115
08091,5,161,86,75
08091,6,178,102,76
08091,7,214,99,115
08091,8,251,122,129
08091,9,292,159,133
08091,10,299,157,142
08091,11,310,136,174
08091,12,441,216,225
08091,13,563,268,295
08091,14,524,278,246
08091,15,368,186,182
08091,16,242,128,114
08091,17,92,53,39
08091,18,88,41,47
08093,0,18556,9768,8788
08093,1,667,351,316
08093,2,752,419,333
08093,3,869,430,439
08093,4,801,419,382
08093,5,638,360,278
08093,6,851,458,393
08093,7,886,473,413
08093,8,1161,615,546
08093,9,1072,578,494
08093,10,1271,671,600
08093,11,1508,781,727
08093,12,2113,1122,991
08093,13,2174,1091,1083
08093,14,1740,901,839
08093,15,1111,616,495
08093,16,549,297,252
08093,17,221,121,100
08093,18,172,65,107
08095,0,4286,2115,2171
08095,1,288,165,123
08095,2,272,121,151
08095,3,331,191,140
08095,4,247,129,118
08095,5,216,108,108
08095,6,230,120,110
08095,7,202,103,99
08095,8,271,121,150
08095,9,204,102,102
08095,10,206,95,111
08095,11,248,143,105
08095,12,282,135,147
08095,13,323,163,160
08095,14,244,119,125
08095,15,194,102,92
08095,16,157,64,93
08095,17,165,62,103
08095,18,206,72,134
08097,0,17950,9289,8661
08097,1,700,335,365
08097,2,697,364,333
08097,3,793,399,394
08097,4,801,407,394
08097,5,861,434,427
08097,6,1333,738,595
08097,7,1366,720,646
08097,8,1222,643,579
08097,9,1132,543,589
08097,10,1399,742,657
08097,11,1357,704,653
08097,12,1356,641,715
08097,13,1451,770,681
08097,14,1305,698,607
08097,15,1017,527,490
08097,16,614,338,276
08097,17,289,159,130
08097,18,257,127,130
08099,0,12164,6113,6051
08099,1,869,451,418
08099,2,878,467,411
08099,3,868,443,425
08099,4,969,511,458
08099,5,797,434,363
08099,6,676,362,314
08099,7,669,342,327
08099,8,733,360,373
08099,9,660,321,339
08099,10,632,328,304
08099,11,630,312,318
08099,12,834,411,423
08099,13,806,407,399
08099,14,700,334,366
08099,15,532,274,258
08099,16,375,156,219
08099,17,246,92,154
08099,18,290,108,182
08101,0,167529,82556,84973
08101,1,9748,5018,4730
08101,2,10250,5269,4981
08101,3,10948,5640,5308
08101,4,11262,5810,5452
08101,5,10265,5324,4941
08101,6,11279,5778,5501
08101,7,10750,5416,5334
08101,8,10401,5201,5200
08101,9,9345,4660,4685
08101,10,9931,4880,5051
08101,11,9818,4836,4982
08101,12,11210,5349,5861
08101,13,11334,5379,5955
08101,14,10155,4847,5308
08101,15,7869,3730,4139
08101,16,5275,2336,2939
08101,17,3661,1603,2058
08101,18,4028,1480,2548
08103,0,6336,3237,3099
08103,1,373,206,167
08103,2,431,224,207
08103,3,477,240,237
08103,4,449,222,227
08103,5,377,193,184
08103,6,359,184,175
08103,7,441,215,226
08103,8,435,231,204
08103,9,323,171,152
08103,10,353,183,170
08103,11,366,193,173
08103,12,481,232,249
08103,13,486,256,230
08103,14,319,171,148
08103,15,233,113,120
08103,16,187,98,89
08103,17,120,55,65
08103,18,126,50,76
08105,0,11250,5624,5626
08105,1,659,330,329
08105,2,703,346,357
08105,3,737,371,366
08105,4,729,390,339
08105,5,606,326,280
08105,6,696,340,356
08105,7,685,357,328
08105,8,695,362,333
08105,9,618,318,300
08105,10,571,261,310
08105,11,653,318,335
08105,12,769,379,390
08105,13,853,427,426
08105,14,761,389,372
08105,15,568,265,303
08105,16,430,225,205
08105,17,229,104,125
08105,18,288,116,172
08107,0,25733,13399,12334
08107,1,1166,569,597
08107,2,1235,611,624
08107,3,1386,721,665
08107,4,1419,750,669
08107,5,1461,766,695
08107,6,1954,1082,872
08107,7,1893,1031,862
08107,8,1928,992,936
08107,9,1778,973,805
08107,10,1885,979,906
08107,11,1670,875,795
08107,12,1952,942,1010
08107,13,2032,1018,1014
08107,14,1648,894,754
08107,15,1128,599,529
08107,16,596,324,272
08107,17,315,162,153
08107,18,287,111,176
08109,0,6843,3426,3417
08109,1,398,180,218
08109,2,358,181,177
08109,3,457,260,197
08109,4,404,192,212
08109,5,269,142,127
08109,6,286,148,138
08109,7,297,146,151
08109,8,372,186,186
08109,9,391,193,198
08109,10,328,174,154
08109,11,461,210,251
08109,12,558,237,321
08109,13,692,362,330
08109,14,651,336,315
08109,15,461,250,211
08109,16,245,126,119
08109,17,115,56,59
08109,18,100,47,53
08111,0,762,427,335
08111,1,28,11,17
08111,2,25,15,10
08111,3,31,16,15
08111,4,21,15,6
08111,5,27,19,8
08111,6,54,27,27
08111,7,44,23,21
08111,8,53,29,24
08111,9,57,26,31
08111,10,49,29,20
08111,11,51,38,13
08111,12,62,41,21
08111,13,82,46,36
08111,14,57,28,29
08111,15,61,31,30
08111,16,30,18,12
08111,17,18,10,8
08111,18,12,5,7
08113,0,8191,4359,3832
08113,1,326,169,157
08113,2,391,198,193
08113,3,469,254,215
08113,4,368,192,176
08113,5,380,187,193
08113,6,636,358,278
08113,7,662,373,289
08113,8,586,293,293
08113,9,616,295,321
08113,10,681,362,319
08113,11,639,339,300
08113,12,607,335,272
08113,13,629,345,284
08113,14,558,295,263
08113,15,358,208,150
08113,16,159,91,68
08113,17,65,35,30
08113,18,61,30,31
08115,0,2303,1137,1166
08115,1,120,60,60
08115,2,130,64,66
08115,3,132,61,71
08115,4,123,64,59
08115,5,101,54,47
08115,6,112,60,52
08115,7,129,60,69
08115,8,127,62,65
08115,9,118,50,68
08115,10,112,63,49
08115,11,107,57,50
08115,12,169,81,88
08115,13,219,118,101
08115,14,167,86,81
08115,15,138,70,68
08115,16,108,48,60
08115,17,85,42,43
08115,18,106,37,69
08117,0,31007,16816,14191
08117,1,1404,772,632
08117,2,1363,688,675
08117,3,1449,750,699
08117,4,1234,655,579
08117,5,1722,896,826
08117,6,3378,1956,1422
08117,7,2919,1638,1281
08117,8,2456,1344,1112
08117,9,2206,1237,969
08117,10,2326,1320,1006
08117,11,2050,1058,992
08117,12,2108,1131,977
08117,13,2157,1149,1008
08117,14,1833,930,903
08117,15,1245,667,578
08117,16,714,388,326
08117,17,262,145,117
08117,18,181,92,89
08119,0,25083,12734,12349
08119,1,994,492,502
08119,2,1132,586,546
08119,3,1358,708,650
08119,4,1216,647,569
08119,5,1090,575,515
08119,6,1155,623,532
08119,7,1222,637,585
08119,8,1308,646,662
08119,9,1239,611,628
08119,10,1638,823,815
08119,11,1894,962,932
08119,12,2609,1245,1364
08119,13,2723,1343,1380
08119,14,2373,1213,1160
08119,15,1589,862,727
08119,16,854,446,408
08119,17,402,196,206
08119,18,287,119,168
08121,0,4909,2552,2357
08121,1,291,157,134
08121,2,315,168,147
08121,3,318,164,154
08121,4,290,157,133
08121,5,262,141,121
08121,6,289,159,130
08121,7,293,162,131
08121,8,293,151,142
08121,9,258,151,107
08121,10,262,141,121
08121,11,297,162,135
08121,12,347,171,176
08121,13,378,182,196
08121,14,331,172,159
08121,15,201,105,96
08121,16,194,99,95
08121,17,129,57,72
08121,18,161,53,108
08123,0,314305,158475,155830
08123,1,22837,11593,11244
08123,2,22960,11796,11164
08123,3,23564,12142,11422
08123,4,22401,11151,11250
08123,5,19205,9787,9418
08123,6,23806,12096,11710
08123,7,24225,12479,11746
08123,8,22874,11918,10956
08123,9,20110,10501,9609
08123,10,19925,10158,9767
08123,11,18039,9122,8917
08123,12,18942,9424,9518
08123,13,17193,8442,8751
08123,14,13957,6731,7226
08123,15,10103,4941,5162
08123,16,6299,2918,3381
08123,17,4031,1790,2241
08123,18,3834,1486,2348
08125,0,10020,4989,5031
08125,1,745,374,371
08125,2,788,406,382
08125,3,752,357,395
08125,4,629,335,294
08125,5,527,267,260
08125,6,595,303,292
08125,7,622,317,305
08125,8,606,297,309
08125,9,519,261,258
08125,10,586,318,268
08125,11,568,302,266
08125,12,611,310,301
08125,13,621,325,296
08125,14,533,245,288
08125,15,477,214,263
08125,16,338,163,175
08125,17,226,102,124
08125,18,277,93,184
09001,0,943823,459748,484075
09001,1,51672,26405,25267
09001,2,56713,28741,27972
09001,3,64049,32573,31476
09001,4,65906,33577,32329
09001,5,59743,30515,29228
09001,6,52874,27196,25678
09001,7,55047,27430,27617
09001,8,58183,28323,29860
09001,9,58887,28953,29934
09001,10,66466,32365,34101
09001,11,72070,34736,37334
09001,12,71103,34235,36868
09001,13,61192,29730,31462
09001,14,45485,21315,24170
09001,15,36410,16632,19778
09001,16,26273,11455,14818
09001,17,18084,7490,10594
09001,18,23666,8077,15589
09003,0,892697,434117,458580
09003,1,47866,24552,23314
09003,2,50488,25495,24993
09003,3,54513,27691,26822
09003,4,57686,29752,27934
09003,5,57352,29539,27813
09003,6,59143,30678,28465
09003,7,59330,29934,29396
09003,8,57715,28622,29093
09003,9,52224,25447,26777
09003,10,57317,27660,29657
09003,11,62607,30327,32280
09003,12,64910,31201,33709
09003,13,58672,27906,30766
09003,14,46515,21577,24938
09003,15,37764,16978,20786
09003,16,26407,11384,15023
09003,17,18420,7443,10977
09003,18,23768,7931,15837
09005,0,181111,89551,91560
09005,1,7493,3808,3685
09005,2,8500,4430,4070
09005,3,10126,5147,4979
09005,4,10627,5571,5056
09005,5,9725,5029,4696
09005,6,9495,5019,4476
09005,7,9398,4816,4582
09005,8,9626,4839,4787
09005,9,9299,4564,4735
09005,10,12158,5900,6258
09005,11,14709,7221,7488
09005,12,15970,7855,8115
09005,13,15483,7667,7816
09005,14,12389,6109,6280
09005,15,10004,4735,5269
09005,16,6827,3207,3620
09005,17,4282,1844,2438
09005,18,5000,1790,3210
09007,0,162682,79242,83440
09007,1,6729,3425,3304
09007,2,7379,3750,3629
09007,3,8715,4481,4234
09007,4,10204,5239,4965
09007,5,10049,5202,4847
09007,6,9166,4744,4422
09007,7,9490,4750,4740
09007,8,9066,4396,4670
09007,9,8575,4202,4373
09007,10,10963,5298,5665
09007,11,12806,6221,6585
09007,12,13849,6707,7142
09007,13,12624,6184,6440
09007,14,10384,4889,5495
09007,15,8386,3935,4451
09007,16,5757,2572,3185
09007,17,3651,1551,2100
09007,18,4889,1696,3193
09009,0,857620,413494,444126
09009,1,44160,22607,21553
09009,2,46082,23676,22406
09009,3,50768,25855,24913
09009,4,58409,29410,28999
09009,5,59257,29677,29580
09009,6,58453,29693,28760
09009,7,56564,27922,28642
09009,8,52347,25486,26861
09009,9,48260,23055,25205
09009,10,54875,26279,28596
09009,11,59909,28907,31002
09009,12,62657,30100,32557
09009,13,56993,27091,29902
09009,14,46011,21318,24693
09009,15,37144,16761,20383
09009,16,25740,11200,14540
09009,17,17388,7029,10359
09009,18,22603,7428,15175
09011,0,266784,133702,133082
09011,1,13233,6825,6408
09011,2,13846,7111,6735
09011,3,15056,7633,7423
09011,4,16686,8741,7945
09011,5,19639,11312,8327
09011,6,18062,10002,8060
09011,7,16932,8818,8114
09011,8,15492,7710,7782
09011,9,14179,7009,7170
09011,10,16376,7878,8498
09011,11,19059,9259,9800
09011,12,20608,10091,10517
09011,13,19005,9330,9675
09011,14,15379,7485,7894
09011,15,12450,5895,6555
09011,16,8653,4021,4632
09011,17,5614,2276,3338
09011,18,6515,2306,4209
09013,0,150921,75598,75323
09013,1,6245,3157,3088
09013,2,6738,3538,3200
09013,3,7871,3975,3896
09013,4,14271,7090,7181
09013,5,19651,9870,9781
09013,6,8281,4549,3732
09013,7,8164,4370,3794
09013,8,8126,4201,3925
09013,9,7308,3789,3519
09013,10,9106,4503,4603
09013,11,10324,5018,5306
09013,12,11024,5521,5503
09013,13,9967,4933,5034
09013,14,7666,3717,3949
09013,15,6097,2950,3147
09013,16,4450,2125,2325
09013,17,2663,1180,1483
09013,18,2969,1112,1857
09015,0,117027,57943,59084
09015,1,5736,2908,2828
09015,2,6265,3202,3063
09015,3,6799,3442,3357
09015,4,8115,4147,3968
09015,5,7700,4024,3676
09015,6,7449,3879,3570
09015,7,7542,3817,3725
09015,8,7321,3658,3663
09015,9,6728,3351,3377
09015,10,7715,3859,3856
09015,11,8491,4166,4325
09015,12,9346,4600,4746
09015,13,8402,4145,4257
09015,14,6491,3132,3359
09015,15,4995,2386,2609
09015,16,3279,1493,1786
09015,17,2192,911,1281
09015,18,2461,823,1638
10001,0,178550,86023,92527
10001,1,11170,5572,5598
10001,2,11264,5713,5551
10001,3,11516,5821,5695
10001,4,12105,6053,6052
10001,5,12492,6378,6114
10001,6,12835,6585,6250
10001,7,11499,5600,5899
10001,8,10898,5284,5614
10001,9,9841,4567,5274
10001,10,10345,4903,5442
10001,11,11305,5371,5934
10001,12,11933,5659,6274
10001,13,10864,4952,5912
10001,14,9479,4318,5161
10001,15,8345,3800,4545
10001,16,5877,2655,3222
10001,17,3631,1574,2057
10001,18,3151,1218,1933
10003,0,559335,271123,288212
10003,1,32142,16381,15761
10003,2,33133,16707,16426
10003,3,33905,17047,16858
10003,4,37412,18913,18499
10003,5,35542,17929,17613
10003,6,42067,21063,21004
10003,7,39244,19794,19450
10003,8,36710,18193,18517
10003,9,32417,15862,16555
10003,10,35910,17377,18533
10003,11,38448,18293,20155
10003,12,39526,18823,20703
10003,13,35851,17008,18843
10003,14,28539,13003,15536
10003,15,22280,10014,12266
10003,16,15297,6600,8697
10003,17,9978,4184,5794
10003,18,10934,3932,7002
10005,0,229286,110781,118505
10005,1,11499,5705,5794
10005,2,11850,6068,5782
10005,3,12233,6182,6051
10005,4,10846,5614,5232
10005,5,10315,5385,4930
10005,6,12078,6122,5956
10005,7,11340,5585,5755
10005,8,11242,5579,5663
10005,9,10360,4988,5372
10005,10,12177,5933,6244
10005,11,14306,6864,7442
10005,12,17334,8051,9283
10005,13,20131,9108,11023
10005,14,21496,10029,11467
10005,15,18055,8666,9389
10005,16,11631,5613,6018
10005,17,6641,3120,3521
10005,18,5752,2169,3583
11001,0,702455,333307,369148
11001,1,45617,23103,22514
11001,2,37622,19126,18496
11001,3,28573,14294,14279
11001,4,36900,17535,19365
11001,5,52924,23793,29131
11001,6,83096,38651,44445
11001,7,80991,38517,42474
11001,8,62212,30585,31627
11001,9,43462,21565,21897
11001,10,38787,19559,19228
11001,11,36666,18277,18389
11001,12,36676,17999,18677
11001,13,33626,15465,18161
11001,14,27984,12184,15800
11001,15,21120,9000,12120
11001,16,14419,5904,8515
11001,17,9627,3744,5883
11001,18,12153,4006,8147
12001,0,269956,130428,139528
12001,1,14113,7120,6993
12001,2,13902,7036,6866
12001,3,13045,6686,6359
12001,4,21562,10135,11427
12001,5,42197,20774,21423
12001,6,24072,12066,12006
12001,7,18174,9070,9104
12001,8,16084,8048,8036
12001,9,13386,6529,6857
12001,10,13232,6526,6706
12001,11,13099,6280,6819
12001,12,14630,6830,7800
12001,13,14624,6660,7964
12001,14,12921,5885,7036
12001,15,9826,4518,5308
12001,16,6451,2934,3517
12001,17,4039,1672,2367
12001,18,4599,1659,2940
12003,0,28355,14917,13438
12003,1,1778,887,891
12003,2,1845,955,890
12003,3,1931,991,940
12003,4,1831,939,892
12003,5,1655,985,670
12003,6,2247,1306,941
12003,7,2020,1130,890
12003,8,1892,1036,856
12003,9,1770,955,815
12003,10,1971,1101,870
12003,11,1877,1027,850
12003,12,1880,970,910
12003,13,1643,794,849
12003,14,1379,686,693
12003,15,1040,482,558
12003,16,738,329,409
12003,17,486,203,283
12003,18,372,141,231
12005,0,185287,91929,93358
12005,1,11333,5862,5471
12005,2,11233,5684,5549
12005,3,10920,5488,5432
12005,4,9920,5121,4799
12005,5,10927,5951,4976
12005,6,13877,7017,6860
12005,7,12840,6618,6222
12005,8,11878,6101,5777
12005,9,10503,5244,5259
12005,10,11498,5669,5829
12005,11,12294,6014,6280
12005,12,13879,6762,7117
12005,13,12507,5899,6608
12005,14,10189,4793,5396
12005,15,8218,3895,4323
12005,16,5683,2607,3076
12005,17,3785,1632,2153
12005,18,3803,1572,2231
12007,0,27732,15318,12414
12007,1,1494,779,715
12007,2,1536,804,732
12007,3,1512,756,756
12007,4,1399,712,687
12007,5,1676,1082,594
12007,6,2294,1485,809
12007,7,1960,1243,717
12007,8,1978,1238,740
12007,9,1674,1050,624
12007,10,1817,1095,722
12007,11,1772,1029,743
12007,12,1888,998,890
12007,13,1797,871,926
12007,14,1484,718,766
12007,15,1258,568,690
12007,16,994,430,564
12007,17,588,254,334
12007,18,611,206,405
12009,0,596849,291903,304946
12009,1,27825,14305,13520
12009,2,29480,15251,14229
12009,3,31999,16252,15747
12009,4,31780,16770,15010
12009,5,30980,16551,14429
12009,6,35253,18363,16890
12009,7,32892,16495,16397
12009,8,32127,15771,16356
12009,9,29794,14472,15322
12009,10,34825,16664,18161
12009,11,40729,19599,21130
12009,12,50094,23988,26106
12009,13,47726,22682,25044
12009,14,40994,19652,21342
12009,15,35234,16578,18656
12009,16,27375,12600,14775
12009,17,19135,8446,10689
12009,18,18607,7464,11143
12011,0,1951260,950568,1000692
12011,1,113117,57889,55228
12011,2,112738,57220,55518
12011,3,116835,58899,57936
12011,4,111640,56733,54907
12011,5,111833,57024,54809
12011,6,132021,66390,65631
12011,7,131927,65464,66463
12011,8,133163,65092,68071
12011,9,127383,61863,65520
12011,10,134502,65330,69172
12011,11,140067,68494,71573
12011,12,140176,69102,71074
12011,13,121545,58245,63300
12011,14,99831,46623,53208
12011,15,81189,37062,44127
12011,16,57616,25610,32006
12011,17,39563,16600,22963
12011,18,46114,16928,29186
12013,0,14587,7962,6625
12013,1,715,373,342
12013,2,814,395,419
12013,3,913,476,437
12013,4,775,401,374
12013,5,784,470,314
12013,6,1092,680,412
12013,7,1019,629,390
12013,8,970,578,392
12013,9,952,584,368
12013,10,1020,625,395
12013,11,999,564,435
12013,12,963,503,460
12013,13,940,459,481
12013,14,803,395,408
12013,15,669,303,366
12013,16,513,245,268
12013,17,336,164,172
12013,18,310,118,192
12015,0,184998,90256,94742
12015,1,5536,2828,2708
12015,2,5793,3026,2767
12015,3,6513,3404,3109
12015,4,6715,3494,3221
12015,5,6910,3704,3206
12015,6,7595,4100,3495
12015,7,6748,3507,3241
12015,8,6721,3396,3325
12015,9,6824,3433,3391
12015,10,8643,4111,4532
12015,11,10769,5035,5734
12015,12,14547,6639,7908
12015,13,17290,7863,9427
12015,14,19931,9295,10636
12015,15,19646,9574,10072
12015,16,15236,7556,7680
12015,17,9979,4971,5008
12015,18,9602,4320,5282
12017,0,147929,71714,76215
12017,1,5633,2843,2790
12017,2,5926,2981,2945
12017,3,6494,3317,3177
12017,4,6144,3235,2909
12017,5,5594,2976,2618
12017,6,6659,3478,3181
12017,7,6010,3072,2938
12017,8,5758,2820,2938
12017,9,5690,2772,2918
12017,10,7425,3489,3936
12017,11,8810,4157,4653
12017,12,11106,5136,5970
12017,13,12975,5792,7183
12017,14,14472,6714,7758
12017,15,14395,6906,7489
12017,16,11509,5710,5799
12017,17,7057,3537,3520
12017,18,6272,2779,3493
12019,0,216072,106560,109512
12019,1,11957,6073,5884
12019,2,13556,7000,6556
12019,3,15249,7859,7390
12019,4,14520,7574,6946
12019,5,11890,6047,5843
12019,6,13637,7033,6604
12019,7,13604,6756,6848
12019,8,14231,6936,7295
12019,9,13632,6529,7103
12019,10,14901,7202,7699
12019,11,15017,7382,7635
12019,12,15690,7750,7940
12019,13,14084,6673,7411
12019,14,12003,5734,6269
12019,15,9444,4590,4854
12019,16,6061,2744,3317
12019,17,3523,1563,1960
12019,18,3073,1115,1958
12021,0,378488,186769,191719
12021,1,16634,8611,8023
12021,2,17433,8874,8559
12021,3,19039,9758,9281
12021,4,18589,9752,8837
12021,5,17907,9504,8403
12021,6,18139,9525,8614
12021,7,17791,9495,8296
12021,8,18442,9516,8926
12021,9,18275,8997,9278
12021,10,20699,10145,10554
12021,11,22860,11219,11641
12021,12,24758,11689,13069
12021,13,25987,11912,14075
12021,14,28833,13215,15618
12021,15,31014,14577,16437
12021,16,26501,12759,13742
12021,17,18338,9021,9317
12021,18,17249,8200,9049
12023,0,70503,36366,34137
12023,1,4191,2096,2095
12023,2,4227,2172,2055
12023,3,4378,2180,2198
12023,4,4188,2340,1848
12023,5,4474,2783,1691
12023,6,4806,2649,2157
12023,7,4424,2391,2033
12023,8,4253,2213,2040
12023,9,3982,2189,1793
12023,10,4126,2142,1984
12023,11,4371,2265,2106
12023,12,4786,2414,2372
12023,13,4983,2353,2630
12023,14,4118,1995,2123
12023,15,3592,1702,1890
12023,16,2542,1197,1345
12023,17,1576,696,880
12023,18,1486,589,897
12027,0,37489,21230,16259
12027,1,1885,979,906
12027,2,1942,982,960
12027,3,1980,1025,955
12027,4,2143,1255,888
12027,5,2501,1694,807
12027,6,2834,1845,989
12027,7,2524,1635,889
12027,8,2507,1604,903
12027,9,2041,1284,757
12027,10,2190,1299,891
12027,11,2172,1246,926
12027,12,2302,1229,1073
12027,13,2151,1082,1069
12027,14,2144,1070,1074
12027,15,2115,1035,1080
12027,16,1853,890,963
12027,17,1137,578,559
12027,18,1068,498,570
12029,0,16700,9244,7456
12029,1,771,411,360
12029,2,861,437,424
12029,3,873,467,406
12029,4,813,428,385
12029,5,818,523,295
12029,6,1046,661,385
12029,7,935,560,375
12029,8,1048,630,418
12029,9,944,626,318
12029,10,924,529,395
12029,11,1162,659,503
12029,12,1308,674,634
12029,13,1248,617,631
12029,14,1173,591,582
12029,15,1109,568,541
12029,16,801,438,363
12029,17,495,251,244
12029,18,371,174,197
12031,0,950181,460434,489747
12031,1,64303,32939,31364
12031,2,60254,30530,29724
12031,3,57840,29625,28215
12031,4,53783,27373,26410
12031,5,62188,31744,30444
12031,6,82574,41123,41451
12031,7,75276,37246,38030
12031,8,65240,31901,33339
12031,9,55052,26744,28308
12031,10,58902,28528,30374
12031,11,59998,28643,31355
12031,12,63769,30189,33580
12031,13,57519,26531,30988
12031,14,46283,20998,25285
12031,15,35256,16056,19200
12031,16,22642,9639,13003
12031,17,14388,5825,8563
12031,18,14914,4800,10114
12033,0,315534,156179,159355
12033,1,19025,9792,9233
12033,2,18228,9273,8955
12033,3,18228,9270,8958
12033,4,21255,11772,9483
12033,5,25161,13535,11626
12033,6,25326,13105,12221
12033,7,21117,10715,10402
12033,8,18577,9439,9138
12033,9,16032,7892,8140
12033,10,17848,8907,8941
12033,11,18751,8912,9839
12033,12,22052,10545,11507
12033,13,20786,9643,11143
12033,14,17313,7945,9368
12033,15,14022,6415,7607
12033,16,9436,4145,5291
12033,17,6316,2672,3644
12033,18,6061,2202,3859
12035,0,112067,53927,58140
12035,1,4369,2196,2173
12035,2,4974,2574,2400
12035,3,5825,3012,2813
12035,4,5748,2940,2808
12035,5,4812,2531,2281
12035,6,5198,2673,2525
12035,7,4890,2311,2579
12035,8,5286,2505,2781
12035,9,5480,2630,2850
12035,10,6410,3040,3370
12035,11,7015,3275,3740
12035,12,8179,3653,4526
12035,13,9453,4229,5224
12035,14,10413,4769,5644
12035,15,9531,4682,4849
12035,16,6720,3322,3398
12035,17,4067,1996,2071
12035,18,3697,1589,2108
12037,0,11736,6545,5191
12037,1,531,285,246
12037,2,523,270,253
12037,3,550,284,266
12037,4,456,241,215
12037,5,583,384,199
12037,6,919,637,282
12037,7,790,513,277
12037,8,720,444,276
12037,9,612,381,231
12037,10,728,416,312
12037,11,765,413,352
12037,12,844,420,424
12037,13,901,434,467
12037,14,960,466,494
12037,15,772,381,391
12037,16,566,311,255
12037,17,301,160,141
12037,18,215,105,110
12039,0,45894,21790,24104
12039,1,2747,1359,1388
12039,2,2761,1388,1373
12039,3,2945,1472,1473
12039,4,2685,1344,1341
12039,5,2697,1301,1396
12039,6,2903,1466,1437
12039,7,2580,1213,1367
12039,8,2917,1345,1572
12039,9,2838,1327,1511
12039,10,2946,1390,1556
12039,11,3035,1486,1549
12039,12,3412,1586,1826
12039,13,3231,1559,1672
12039,14,2806,1284,1522
12039,15,2156,952,1204
12039,16,1412,629,783
12039,17,932,365,567
12039,18,891,324,567
12041,0,18256,9429,8827
12041,1,1037,567,470
12041,2,1007,516,491
12041,3,995,476,519
12041,4,1323,816,507
12041,5,1486,1080,406
12041,6,941,482,459
12041,7,953,475,478
12041,8,986,511,475
12041,9,881,438,443
12041,10,1084,511,573
12041,11,1191,613,578
12041,12,1315,649,666
12041,13,1316,624,692
12041,14,1122,532,590
12041,15,935,453,482
12041,16,747,339,408
12041,17,454,193,261
12041,18,483,154,329
12043,0,13724,7719,6005
12043,1,427,215,212
12043,2,570,286,284
12043,3,676,332,344
12043,4,649,372,277
12043,5,663,396,267
12043,6,920,593,327
12043,7,866,573,293
12043,8,874,563,311
12043,9,820,537,283
12043,10,877,520,357
12043,11,835,473,362
12043,12,868,486,382
12043,13,935,477,458
12043,14,927,435,492
12043,15,1021,505,516
12043,16,868,469,399
12043,17,547,280,267
12043,18,381,207,174
12045,0,16164,9461,6703
12045,1,647,344,303
12045,2,718,367,351
12045,3,717,356,361
12045,4,696,366,330
12045,5,898,626,272
12045,6,1227,890,337
12045,7,1095,794,301
12045,8,1003,693,310
12045,9,1025,680,345
12045,10,1119,727,392
12045,11,1175,697,478
12045,12,1181,637,544
12045,13,1176,603,573
12045,14,1155,577,578
12045,15,964,483,481
12045,16,643,302,341
12045,17,388,168,220
12045,18,337,151,186
12047,0,14310,8283,6027
12047,1,781,403,378
12047,2,703,343,360
12047,3,762,398,364
12047,4,798,482,316
12047,5,1298,1025,273
12047,6,1124,756,368
12047,7,871,566,305
12047,8,807,529,278
12047,9,840,501,339
12047,10,891,536,355
12047,11,948,562,386
12047,12,943,525,418
12047,13,969,477,492
12047,14,827,423,404
12047,15,738,338,400
12047,16,445,207,238
12047,17,275,108,167
12047,18,290,104,186
12049,0,27245,14376,12869
12049,1,1879,961,918
12049,2,1983,1045,938
12049,3,2079,1064,1015
12049,4,1953,1066,887
12049,5,1966,1180,786
12049,6,2026,1151,875
12049,7,1624,914,710
12049,8,1505,816,689
12049,9,1565,784,781
12049,10,1662,887,775
12049,11,1601,880,721
12049,12,1529,803,726
12049,13,1341,633,708
12049,14,1365,701,664
12049,15,1141,537,604
12049,16,844,414,430
12049,17,635,302,333
12049,18,547,238,309
12051,0,41556,22163,19393
12051,1,3072,1653,1419
12051,2,3107,1702,1405
12051,3,3064,1572,1492
12051,4,2762,1506,1256
12051,5,2822,1649,1173
12051,6,3174,1733,1441
12051,7,2838,1575,1263
12051,8,2696,1450,1246
12051,9,2469,1351,1118
12051,10,2592,1380,1212
12051,11,2679,1420,1259
12051,12,2416,1229,1187
12051,13,2153,1065,1088
12051,14,1637,841,796
12051,15,1564,828,736
12051,16,1111,529,582
12051,17,669,356,313
12051,18,731,324,407
12053,0,190865,91975,98890
12053,1,8695,4375,4320
12053,2,9413,4868,4545
12053,3,10457,5211,5246
12053,4,10000,5041,4959
12053,5,9110,4628,4482
12053,6,10434,5299,5135
12053,7,9684,4715,4969
12053,8,9810,4806,5004
12053,9,9547,4703,4844
12053,10,11351,5378,5973
12053,11,12104,5675,6429
12053,12,13658,6473,7185
12053,13,14190,6475,7715
12053,14,14263,6606,7657
12053,15,13859,6537,7322
12053,16,10828,5172,5656
12053,17,7017,3326,3691
12053,18,6445,2687,3758
12055,0,105424,51515,53909
12055,1,4810,2408,2402
12055,2,4935,2485,2450
12055,3,5296,2710,2586
12055,4,4664,2401,2263
12055,5,4709,2516,2193
12055,6,5258,2783,2475
12055,7,4932,2496,2436
12055,8,4827,2463,2364
12055,9,4397,2192,2205
12055,10,4852,2364,2488
12055,11,5443,2713,2730
12055,12,6561,3066,3495
12055,13,7518,3411,4107
12055,14,8324,3724,4600
12055,15,9218,4351,4867
12055,16,8377,4055,4322
12055,17,5802,2865,2937
12055,18,5501,2512,2989
12057,0,1436888,702940,733948
12057,1,89013,45807,43206
12057,2,90293,46469,43824
12057,3,90952,46717,44235
12057,4,90507,46166,44341
12057,5,92141,45872,46269
12057,6,112397,55958,56439
12057,7,106818,52948,53870
12057,8,102443,50187,52256
12057,9,93296,45570,47726
12057,10,97559,48275,49284
12057,11,93423,45853,47570
12057,12,92010,44674,47336
12057,13,80721,37883,42838
12057,14,67823,31361,36462
12057,15,54620,25055,29565
12057,16,35658,15708,19950
12057,17,23482,9734,13748
12057,18,23732,8703,15029
12059,0,19477,10336,9141
12059,1,1072,541,531
12059,2,1022,516,506
12059,3,1160,617,543
12059,4,1063,581,482
12059,5,1244,790,454
12059,6,1325,799,526
12059,7,1142,665,477
12059,8,1147,642,505
12059,9,1150,652,498
12059,10,1315,767,548
12059,11,1286,653,633
12059,12,1366,688,678
12059,13,1314,666,648
12059,14,1187,551,636
12059,15,954,446,508
12059,16,767,356,411
12059,17,544,236,308
12059,18,419,170,249
12061,0,157413,75421,81992
12061,1,6403,3280,3123
12061,2,6776,3389,3387
12061,3,7282,3690,3592
12061,4,7658,4249,3409
12061,5,6805,3442,3363
12061,6,7627,3889,3738
12061,7,6889,3476,3413
12061,8,7061,3399,3662
12061,9,6833,3328,3505
12061,10,8187,3880,4307
12061,11,9339,4482,4857
12061,12,11819,5437,6382
12061,13,12715,5653,7062
12061,14,13692,6182,7510
12061,15,13519,6192,7327
12061,16,10278,4935,5343
12061,17,6968,3235,3733
12061,18,7562,3283,4279
12063,0,48305,26615,21690
12063,1,2436,1265,1171
12063,2,2365,1250,1115
12063,3,2544,1341,1203
12063,4,2681,1424,1257
12063,5,2952,1848,1104
12063,6,3380,2060,1320
12063,7,3164,2005,1159
12063,8,3431,2222,1209
12063,9,3235,2004,1231
12063,10,3200,1924,1276
12063,11,3060,1718,1342
12063,12,3220,1698,1522
12063,13,3213,1630,1583
12063,14,2797,1401,1396
12063,15,2461,1122,1339
12063,16,1778,758,1020
12063,17,1254,534,720
12063,18,1134,411,723
12065,0,14288,7491,6797
12065,1,638,350,288
12065,2,688,351,337
12065,3,718,367,351
12065,4,639,323,316
12065,5,646,370,276
12065,6,856,517,339
12065,7,820,504,316
12065,8,800,472,328
12065,9,844,520,324
12065,10,943,488,455
12065,11,1082,583,499
12065,12,1113,547,566
12065,13,1139,538,601
12065,14,1093,539,554
12065,15,943,444,499
12065,16,591,297,294
12065,17,365,158,207
12065,18,370,123,247
12067,0,8732,4986,3746
12067,1,371,172,199
12067,2,483,198,285
12067,3,553,281,272
12067,4,589,333,256
12067,5,670,509,161
12067,6,707,440,267
12067,7,546,384,162
12067,8,600,368,232
12067,9,667,395,272
12067,10,654,429,225
12067,11,513,280,233
12067,12,509,293,216
12067,13,469,239,230
12067,14,442,235,207
12067,15,353,165,188
12067,16,262,115,147
12067,17,184,86,98
12067,18,160,64,96
12069,0,356495,172515,183980
12069,1,17502,8934,8568
12069,2,18700,9587,9113
12069,3,20244,10281,9963
12069,4,18405,9434,8971
12069,5,17030,8514,8516
12069,6,20010,9861,10149
12069,7,19163,9566,9597
12069,8,19411,9471,9940
12069,9,18990,9146,9844
12069,10,21181,10322,10859
12069,11,21912,10609,11303
12069,12,23941,11555,12386
12069,13,24897,11537,13360
12069,14,25712,11616,14096
12069,15,25562,11920,13642
12069,16,19674,9313,10361
12069,17,12938,6155,6783
12069,18,11223,4694,6529
12071,0,754610,369372,385238
12071,1,34544,17708,16836
12071,2,36201,18457,17744
12071,3,38518,19815,18703
12071,4,38127,19351,18776
12071,5,36961,18564,18397
12071,6,42278,21501,20777
12071,7,40395,20337,20058
12071,8,39649,20073,19576
12071,9,37722,18621,19101
12071,10,42829,21053,21776
12071,11,45388,21721,23667
12071,12,51742,24230,27512
12071,13,54362,25110,29252
12071,14,58873,27376,31497
12071,15,58402,28201,30201
12071,16,44700,21910,22790
12071,17,27869,13796,14073
12071,18,26050,11548,14502
12073,0,292502,138642,153860
12073,1,15155,7731,7424
12073,2,14874,7589,7285
12073,3,15301,7809,7492
12073,4,25727,11819,13908
12073,5,46218,21754,24464
12073,6,24574,12139,12435
12073,7,17950,8775,9175
12073,8,17366,8289,9077
12073,9,14752,6926,7826
12073,10,15171,7329,7842
12073,11,14584,6832,7752
12073,12,16211,7549,8662
12073,13,15464,7010,8454
12073,14,13837,6287,7550
12073,15,10577,4908,5669
12073,16,6550,2858,3692
12073,17,3968,1573,2395
12073,18,4223,1465,2758
12075,0,40770,19903,20867
12075,1,2069,1073,996
12075,2,2222,1169,1053
12075,3,2304,1178,1126
12075,4,2103,1080,1023
12075,5,1848,937,911
12075,6,2470,1238,1232
12075,7,2099,996,1103
12075,8,2066,985,1081
12075,9,1967,948,1019
12075,10,2385,1154,1231
12075,11,2647,1296,1351
12075,12,3258,1485,1773
12075,13,3229,1523,1706
12075,14,3182,1461,1721
12075,15,2790,1356,1434
12075,16,2020,1021,999
12075,17,1222,602,620
12075,18,889,401,488
12077,0,8457,5215,3242
12077,1,396,199,197
12077,2,376,192,184
12077,3,439,230,209
12077,4,458,268,190
12077,5,538,378,160
12077,6,796,583,213
12077,7,642,451,191
12077,8,672,479,193
12077,9,646,446,200
12077,10,662,452,210
12077,11,561,355,206
12077,12,558,313,245
12077,13,484,266,218
12077,14,412,221,191
12077,15,319,166,153
12077,16,229,94,135
12077,17,167,81,86
12077,18,102,41,61
12079,0,18529,9799,8730
12079,1,940,506,434
12079,2,963,492,471
12079,3,970,488,482
12079,4,968,547,421
12079,5,1011,602,409
12079,6,1391,805,586
12079,7,1202,677,525
12079,8,1123,644,479
12079,9,1099,650,449
12079,10,1244,719,525
12079,11,1209,644,565
12079,12,1286,656,630
12079,13,1325,610,715
12079,14,1274,625,649
12079,15,962,494,468
12079,16,698,311,387
12079,17,448,197,251
12079,18,416,132,284
12081,0,394855,190647,204208
12081,1,18437,9418,9019
12081,2,19742,9986,9756
12081,3,21222,10585,10637
12081,4,19781,10273,9508
12081,5,18678,9598,9080
12081,6,21410,10675,10735
12081,7,20358,10002,10356
12081,8,20677,10059,10618
12081,9,19979,9805,10174
12081,10,23124,11123,12001
12081,11,24976,11886,13090
12081,12,28612,13359,15253
12081,13,29686,13671,16015
12081,14,29855,13668,16187
12081,15,28696,13573,15123
12081,16,21120,9993,11127
12081,17,13885,6636,7249
12081,18,14617,6337,8280
12083,0,359977,172642,187335
12083,1,17802,9118,8684
12083,2,18497,9466,9031
12083,3,19162,9767,9395
12083,4,18023,9239,8784
12083,5,17376,8848,8528
12083,6,20564,10151,10413
12083,7,18645,9130,9515
12083,8,18372,8780,9592
12083,9,17020,8095,8925
12083,10,19734,9493,10241
12083,11,21194,10050,11144
12083,12,23725,10918,12807
12083,13,25685,11544,14141
12083,14,27853,12437,15416
12083,15,28220,13118,15102
12083,16,22305,10683,11622
12083,17,14151,6767,7384
12083,18,11649,5038,6611
12085,0,160912,79518,81394
12085,1,6622,3413,3209
12085,2,6991,3515,3476
12085,3,7834,3988,3846
12085,4,7693,3945,3748
12085,5,7024,3787,3237
12085,6,7637,4278,3359
12085,7,7443,3983,3460
12085,8,7440,3929,3511
12085,9,7497,3847,3650
12085,10,9220,4654,4566
12085,11,10520,5113,5407
12085,12,12470,5975,6495
12085,13,12831,6124,6707
12085,14,12201,5745,6456
12085,15,12171,5686,6485
12085,16,10268,4797,5471
12085,17,6992,3241,3751
12085,18,8058,3498,4560
12086,0,2761581,1340718,1420863
12086,1,159444,81251,78193
12086,2,151347,77092,74255
12086,3,154046,78093,75953
12086,4,157450,80212,77238
12086,5,167734,85087,82647
12086,6,197832,100675,97157
12086,7,196227,100627,95600
12086,8,188044,94717,93327
12086,9,191592,94796,96796
12086,10,202497,100797,101700
12086,11,202557,99792,102765
12086,12,187328,89367,97961
12086,13,157371,71904,85467
12086,14,133374,59019,74355
12086,15,106937,46583,60354
12086,16,83044,34655,48389
12086,17,60440,23740,36700
12086,18,64317,22311,42006
12087,0,75027,39005,36022
12087,1,3467,1784,1683
12087,2,3055,1535,1520
12087,3,3109,1615,1494
12087,4,2828,1417,1411
12087,5,3527,1888,1639
12087,6,4628,2469,2159
12087,7,4646,2447,2199
12087,8,4565,2411,2154
12087,9,4591,2400,2191
12087,10,5087,2627,2460
12087,11,5810,3065,2745
12087,12,6301,3223,3078
12087,13,6147,3126,3021
12087,14,5807,2971,2836
12087,15,4750,2566,2184
12087,16,3226,1694,1532
12087,17,1760,970,790
12087,18,1723,797,926
12089,0,85832,42254,43578
12089,1,4365,2238,2127
12089,2,4721,2389,2332
12089,3,4867,2546,2321
12089,4,4633,2409,2224
12089,5,3982,2047,1935
12089,6,4944,2478,2466
12089,7,4932,2492,2440
12089,8,4988,2492,2496
12089,9,4701,2296,2405
12089,10,5469,2659,2810
12089,11,5862,2842,3020
12089,12,6572,3111,3461
12089,13,6754,3167,3587
12089,14,6385,3058,3327
12089,15,5516,2662,2854
12089,16,3413,1682,1731
12089,17,1972,933,1039
12089,18,1756,753,1003
12091,0,207269,104997,102272
12091,1,13607,6958,6649
12091,2,13142,6631,6511
12091,3,12314,6244,6070
12091,4,11250,6053,5197
12091,5,14139,8173,5966
12091,6,17424,9425,7999
12091,7,15862,8456,7406
12091,8,13785,7193,6592
12091,9,11353,5665,5688
12091,10,11045,5447,5598
12091,11,12335,6088,6247
12091,12,14726,7266,7460
12091,13,13098,6282,6816
12091,14,10810,5190,5620
12091,15,8618,4144,4474
12091,16,5911,2649,3262
12091,17,4236,1736,2500
12091,18,3614,1397,2217
12093,0,41537,22289,19248
12093,1,2503,1309,1194
12093,2,2366,1254,1112
12093,3,2428,1246,1182
12093,4,2482,1393,1089
12093,5,2291,1322,969
12093,6,2888,1590,1298
12093,7,2630,1526,1104
12093,8,2532,1477,1055
12093,9,2558,1419,1139
12093,10,2601,1496,1105
12093,11,2662,1519,1143
12093,12,2751,1409,1342
12093,13,2627,1319,1308
12093,14,2258,1112,1146
12093,15,2135,1044,1091
12093,16,1731,829,902
12093,17,1152,588,564
12093,18,942,437,505
12095,0,1380645,677345,703300
12095,1,84175,42956,41219
12095,2,84530,43201,41329
12095,3,86099,44197,41902
12095,4,90181,44958,45223
12095,5,104861,51224,53637
12095,6,123446,62488,60958
12095,7,109757,55249,54508
12095,8,103213,51100,52113
12095,9,94249,46345,47904
12095,10,92647,45630,47017
12095,11,87910,43360,44550
12095,12,83790,40930,42860
12095,13,70967,33598,37369
12095,14,56480,25945,30535
12095,15,43274,19666,23608
12095,16,27667,12007,15660
12095,17,18336,7706,10630
12095,18,19063,6785,12278
12097,0,367990,181463,186527
12097,1,22984,11744,11240
12097,2,24573,12879,11694
12097,3,26401,13405,12996
12097,4,25496,13092,12404
12097,5,24333,12499,11834
12097,6,27190,13789,13401
12097,7,26484,13496,12988
12097,8,27369,13813,13556
12097,9,26220,12670,13550
12097,10,25104,12132,12972
12097,11,23615,11598,12017
12097,12,21217,10275,10942
12097,13,18399,8479,9920
12097,14,16120,7386,8734
12097,15,13364,6061,7303
12097,16,8936,4002,4934
12097,17,5449,2343,3106
12097,18,4736,1800,2936
12099,0,1485941,720762,765179
12099,1,75576,38741,36835
12099,2,76292,38870,37422
12099,3,81782,41618,40164
12099,4,81909,41940,39969
12099,5,79705,40723,38982
12099,6,90697,46250,44447
12099,7,86880,44437,42443
12099,8,86045,42944,43101
12099,9,84216,41384,42832
12099,10,93268,45608,47660
12099,11,96769,46825,49944
12099,12,102500,49289,53211
12099,13,95036,44644,50392
12099,14,87716,40041,47675
12099,15,84611,37601,47010
12099,16,69186,30821,38365
12099,17,50542,22471,28071
12099,18,63211,26555,36656
12101,0,539630,262406,277224
12101,1,28068,14250,13818
12101,2,30083,15374,14709
12101,3,32206,16605,15601
12101,4,30322,15429,14893
12101,5,26635,13632,13003
12101,6,29905,14758,15147
12101,7,30092,14540,15552
12101,8,32838,15839,16999
12101,9,32467,15963,16504
12101,10,35894,17884,18010
12101,11,36180,17695,18485
12101,12,37639,18237,19402
12101,13,35196,16301,18895
12101,14,34282,15829,18453
12101,15,32606,15172,17434
12101,16,24560,11449,13111
12101,17,15813,7441,8372
12101,18,14844,6008,8836
12103,0,975280,467828,507452
12103,1,42298,21566,20732
12103,2,42716,21693,21023
12103,3,45163,22960,22203
12103,4,44284,22731,21553
12103,5,47661,23949,23712
12103,6,61542,30457,31085
12103,7,56926,28135,28791
12103,8,55187,26972,28215
12103,9,51521,25212,26309
12103,10,61065,29606,31459
12103,11,68612,33114,35498
12103,12,79411,37880,41531
12103,13,77253,36034,41219
12103,14,69272,32258,37014
12103,15,60484,27987,32497
12103,16,44634,20163,24471
12103,17,30554,13289,17265
12103,18,36697,13822,22875
12105,0,708009,346929,361080
12105,1,40901,20911,19990
12105,2,42841,22076,20765
12105,3,45624,23375,22249
12105,4,44325,22591,21734
12105,5,42126,21143,20983
12105,6,48503,24257,24246
12105,7,44174,22233,21941
12105,8,43678,21335,22343
12105,9,40749,19823,20926
12105,10,42928,21258,21670
12105,11,42117,20828,21289
12105,12,43799,21078,22721
12105,13,43102,20198,22904
12105,14,41555,19113,22442
12105,15,38654,17865,20789
12105,16,28484,13520,14964
12105,17,18391,8582,9809
12105,18,16058,6743,9315
12107,0,74163,36699,37464
12107,1,4313,2253,2060
12107,2,4357,2217,2140
12107,3,4610,2361,2249
12107,4,4074,2146,1928
12107,5,3726,1932,1794
12107,6,4504,2326,2178
12107,7,3815,1887,1928
12107,8,3787,1857,1930
12107,9,3568,1778,1790
12107,10,4142,1996,2146
12107,11,4634,2293,2341
12107,12,5807,2756,3051
12107,13,5622,2676,2946
12107,14,5520,2724,2796
12107,15,4453,2194,2259
12107,16,3367,1603,1764
12107,17,2007,924,1083
12107,18,1857,776,1081
12109,0,254261,124017,130244
12109,1,12573,6430,6143
12109,2,15205,7727,7478
12109,3,17156,8691,8465
12109,4,16284,8358,7926
12109,5,11710,6036,5674
12109,6,11474,5784,5690
12109,7,13268,6346,6922
12109,8,16309,7879,8430
12109,9,16597,8173,8424
12109,10,18190,8978,9212
12109,11,17656,8607,9049
12109,12,18563,8808,9755
12109,13,17796,8300,9496
12109,14,17056,7974,9082
12109,15,14300,6906,7394
12109,16,9188,4355,4833
12109,17,5362,2455,2907
12109,18,5574,2210,3364
12111,0,321128,156975,164153
12111,1,16190,8466,7724
12111,2,17108,8828,8280
12111,3,18783,9696,9087
12111,4,17757,9391,8366
12111,5,16678,8492,8186
12111,6,19102,9706,9396
12111,7,17625,8755,8870
12111,8,17907,8690,9217
12111,9,17508,8460,9048
12111,10,19125,9206,9919
12111,11,20756,9980,10776
12111,12,22582,10645,11937
12111,13,22504,10621,11883
12111,14,21905,10122,11783
12111,15,20290,9695,10595
12111,16,15388,7251,8137
12111,17,10115,4771,5344
12111,18,9805,4200,5605
12113,0,179349,91404,87945
12113,1,10122,5143,4979
12113,2,10655,5477,5178
12113,3,11630,6029,5601
12113,4,10747,5632,5115
12113,5,9993,5635,4358
12113,6,12482,6949,5533
12113,7,12556,6729,5827
12113,8,11939,6211,5728
12113,9,11174,5760,5414
12113,10,12076,6123,5953
12113,11,12371,6142,6229
12113,12,13494,6652,6842
12113,13,11465,5503,5962
12113,14,9751,4724,5027
12113,15,7758,3740,4018
12113,16,5329,2425,2904
12113,17,3274,1515,1759
12113,18,2533,1015,1518
12115,0,426718,203342,223376
12115,1,15073,7650,7423
12115,2,16178,8347,7831
12115,3,18121,9357,8764
12115,4,18241,9383,8858
12115,5,17075,8641,8434
12115,6,18619,9591,9028
12115,7,17134,8566,8568
12115,8,17858,8815,9043
12115,9,17961,8560,9401
12115,10,22114,10631,11483
12115,11,25182,11854,13328
12115,12,31495,14479,17016
12115,13,35158,15833,19325
12115,14,39228,17636,21592
12115,15,39633,18507,21126
12115,16,31573,14941,16632
12115,17,21868,10281,11587
12115,18,24207,10270,13937
12117,0,467832,226010,241822
12117,1,24795,12828,11967
12117,2,26798,13540,13258
12117,3,29080,14619,14461
12117,4,27743,13989,13754
12117,5,28716,14492,14224
12117,6,34680,17614,17066
12117,7,33296,16584,16712
12117,8,33772,16595,17177
12117,9,31031,14899,16132
12117,10,32588,15666,16922
12117,11,31964,15275,16689
12117,12,32145,15280,16865
12117,13,28691,13426,15265
12117,14,23706,10662,13044
12117,15,19024,8539,10485
12117,16,12364,5391,6973
12117,17,8004,3238,4766
12117,18,9435,3373,6062
12119,0,128754,64194,64560
12119,1,2523,1310,1213
12119,2,2509,1256,1253
12119,3,2627,1323,1304
12119,4,2295,1217,1078
12119,5,3076,1765,1311
12119,6,3631,2222,1409
12119,7,3892,2595,1297
12119,8,3956,2639,1317
12119,9,3613,2210,1403
12119,10,4037,2381,1656
12119,11,4551,2364,2187
12119,12,6533,2959,3574
12119,13,11365,4543,6822
12119,14,19461,8365,11096
12119,15,23106,11007,12099
12119,16,17230,8673,8557
12119,17,8775,4615,4160
12119,18,5574,2750,2824
12121,0,44191,22743,21448
12121,1,2383,1195,1188
12121,2,2644,1347,1297
12121,3,2742,1405,1337
12121,4,2519,1330,1189
12121,5,2417,1410,1007
12121,6,2833,1693,1140
12121,7,2664,1501,1163
12121,8,2532,1378,1154
12121,9,2286,1229,1057
12121,10,2646,1376,1270
12121,11,2822,1437,1385
12121,12,3075,1505,1570
12121,13,3186,1506,1680
12121,14,2851,1373,1478
12121,15,2417,1188,1229
12121,16,1828,880,948
12121,17,1189,561,628
12121,18,1157,429,728
12123,0,21623,11798,9825
12123,1,1228,624,604
12123,2,1272,674,598
12123,3,1187,593,594
12123,4,1032,548,484
12123,5,1199,724,475
12123,6,1709,1100,609
12123,7,1453,918,535
12123,8,1269,774,495
12123,9,1252,765,487
12123,10,1329,775,554
12123,11,1375,750,625
12123,12,1414,740,674
12123,13,1484,728,756
12123,14,1366,686,680
12123,15,1227,579,648
12123,16,830,381,449
12123,17,568,259,309
12123,18,429,180,249
12125,0,14940,9623,5317
12125,1,785,414,371
12125,2,793,394,399
12125,3,862,434,428
12125,4,806,457,349
12125,5,970,689,281
12125,6,1170,854,316
12125,7,1107,791,316
12125,8,1025,708,317
12125,9,957,670,287
12125,10,991,695,296
12125,11,1060,764,296
12125,12,1206,877,329
12125,13,971,682,289
12125,14,719,442,277
12125,15,653,342,311
12125,16,384,181,203
12125,17,318,155,163
12125,18,163,74,89
12127,0,547538,267217,280321
12127,1,25929,13188,12741
12127,2,26609,13566,13043
12127,3,27464,14063,13401
12127,4,29836,15648,14188
12127,5,31342,16102,15240
12127,6,33998,17423,16575
12127,7,30393,15546,14847
12127,8,29072,14567,14505
12127,9,27996,13847,14149
12127,10,31905,15828,16077
12127,11,35406,16923,18483
12127,12,41852,19790,22062
12127,13,42003,19611,22392
12127,14,40141,18832,21309
12127,15,34873,16573,18300
12127,16,25082,11739,13343
12127,17,16658,7313,9345
12127,18,16979,6658,10321
12129,0,32461,17327,15134
12129,1,1803,897,906
12129,2,1821,945,876
12129,3,2088,1102,986
12129,4,1914,1004,910
12129,5,1583,902,681
12129,6,2179,1253,926
12129,7,2276,1333,943
12129,8,2283,1316,967
12129,9,2155,1182,973
12129,10,2452,1422,1030
12129,11,2317,1256,1061
12129,12,2316,1188,1128
12129,13,2188,1047,1141
12129,14,1797,891,906
12129,15,1494,759,735
12129,16,906,446,460
12129,17,487,231,256
12129,18,402,153,249
12131,0,71375,36080,35295
12131,1,4098,2076,2022
12131,2,3989,2007,1982
12131,3,4054,2054,2000
12131,4,3439,1759,1680
12131,5,3045,1695,1350
12131,6,4246,2326,1920
12131,7,4372,2284,2088
12131,8,4567,2427,2140
12131,9,4164,2219,1945
12131,10,4498,2351,2147
12131,11,5023,2454,2569
12131,12,5675,2746,2929
12131,13,5528,2678,2850
12131,14,5011,2429,2582
12131,15,4170,2055,2115
12131,16,2630,1271,1359
12131,17,1526,687,839
12131,18,1340,562,778
12133,0,24880,13350,11530
12133,1,1275,631,644
12133,2,1328,666,662
12133,3,1486,732,754
12133,4,1362,748,614
12133,5,1618,976,642
12133,6,1833,1119,714
12133,7,1657,1002,655
12133,8,1504,900,604
12133,9,1598,926,672
12133,10,1714,947,767
12133,11,1739,959,780
12133,12,1815,926,889
12133,13,1588,789,799
12133,14,1406,669,737
12133,15,1200,561,639
12133,16,885,399,486
12133,17,503,241,262
12133,18,369,159,210
13001,0,18507,9240,9267
13001,1,1255,648,607
13001,2,1279,650,629
13001,3,1302,642,660
13001,4,1159,605,554
13001,5,1105,621,484
13001,6,1160,608,552
13001,7,1037,527,510
13001,8,1108,567,541
13001,9,1098,521,577
13001,10,1134,571,563
13001,11,1178,595,583
13001,12,1255,647,608
13001,13,1248,582,666
13001,14,1038,510,528
13001,15,858,434,424
13001,16,587,256,331
13001,17,379,151,228
13001,18,327,105,222
13003,0,8297,4188,4109
13003,1,598,293,305
13003,2,604,307,297
13003,3,605,311,294
13003,4,574,290,284
13003,5,549,276,273
13003,6,581,309,272
13003,7,513,265,248
13003,8,495,234,261
13003,9,531,277,254
13003,10,554,289,265
13003,11,517,278,239
13003,12,540,259,281
13003,13,469,235,234
13003,14,403,193,210
13003,15,305,152,153
13003,16,241,113,128
13003,17,130,65,65
13003,18,88,42,46
13005,0,11185,5468,5717
13005,1,732,366,366
13005,2,784,376,408
13005,3,843,428,415
13005,4,734,369,365
13005,5,700,380,320
13005,6,723,371,352
13005,7,661,334,327
13005,8,677,315,362
13005,9,777,392,385
13005,10,713,382,331
13005,11,682,345,337
13005,12,637,301,336
13005,13,728,337,391
13005,14,636,290,346
13005,15,464,224,240
13005,16,311,134,177
13005,17,228,84,144
13005,18,155,40,115
13007,0,3092,1529,1563
13007,1,164,91,73
13007,2,145,68,77
13007,3,177,84,93
13007,4,169,83,86
13007,5,177,91,86
13007,6,182,101,81
13007,7,158,80,78
13007,8,151,66,85
13007,9,156,78,78
13007,10,196,104,92
13007,11,207,105,102
13007,12,265,124,141
13007,13,249,130,119
13007,14,244,119,125
13007,15,168,81,87
13007,16,115,51,64
13007,17,72,33,39
13007,18,97,40,57
13009,0,44823,22742,22081
13009,1,2125,1087,1038
13009,2,2320,1159,1161
13009,3,2544,1333,1211
13009,4,4238,1968,2270
13009,5,5416,2783,2633
13009,6,2917,1549,1368
13009,7,2383,1258,1125
13009,8,2490,1310,1180
13009,9,2265,1201,1064
13009,10,2465,1340,1125
13009,11,2725,1453,1272
13009,12,2947,1486,1461
13009,13,2811,1453,1358
13009,14,2423,1198,1225
13009,15,1924,873,1051
13009,16,1269,584,685
13009,17,826,381,445
13009,18,735,326,409
13011,0,18988,9645,9343
13011,1,1119,575,544
13011,2,1068,530,538
13011,3,1232,671,561
13011,4,1274,739,535
13011,5,1056,540,516
13011,6,1163,573,590
13011,7,1087,560,527
13011,8,1153,551,602
13011,9,1216,616,600
13011,10,1315,677,638
13011,11,1392,725,667
13011,12,1322,667,655
13011,13,1270,665,605
13011,14,1082,521,561
13011,15,1001,455,546
13011,16,647,310,337
13011,17,349,163,186
13011,18,242,107,135
13013,0,80809,39597,41212
13013,1,5433,2778,2655
13013,2,5903,3001,2902
13013,3,6188,3136,3052
13013,4,5215,2696,2519
13013,5,4695,2345,2350
13013,6,5838,2894,2944
13013,7,5981,2928,3053
13013,8,6053,3056,2997
13013,9,5318,2645,2673
13013,10,5603,2781,2822
13013,11,5190,2502,2688
13013,12,4971,2439,2532
13013,13,4363,2050,2313
13013,14,3510,1685,1825
13013,15,2847,1294,1553
13013,16,1757,698,1059
13013,17,1001,365,636
13013,18,943,304,639
13015,0,106408,52478,53930
13015,1,6886,3511,3375
13015,2,6821,3470,3351
13015,3,7421,3773,3648
13015,4,6957,3652,3305
13015,5,6459,3220,3239
13015,6,7582,3777,3805
13015,7,6903,3395,3508
13015,8,6741,3262,3479
13015,9,6606,3265,3341
13015,10,7577,3813,3764
13015,11,7636,3773,3863
13015,12,7425,3694,3731
13015,13,6478,3197,3281
13015,14,5048,2353,2695
13015,15,4289,1994,2295
13015,16,2659,1201,1458
13015,17,1543,643,900
13015,18,1377,485,892
13017,0,16787,7965,8822
13017,1,1074,523,551
13017,2,1160,593,567
13017,3,1230,615,615
13017,4,1071,564,507
13017,5,961,452,509
13017,6,1022,505,517
13017,7,1022,472,550
13017,8,993,460,533
13017,9,940,462,478
13017,10,1029,506,523
13017,11,1084,538,546
13017,12,1094,527,567
13017,13,1168,555,613
13017,14,967,424,543
13017,15,789,328,461
13017,16,550,215,335
13017,17,335,126,209
13017,18,298,100,198
13019,0,19252,9454,9798
13019,1,1227,640,587
13019,2,1175,573,602
13019,3,1415,725,690
13019,4,1263,643,620
13019,5,1041,522,519
13019,6,1231,611,620
13019,7,1197,603,594
13019,8,1103,529,574
13019,9,1096,545,551
13019,10,1285,655,630
13019,11,1310,658,652
13019,12,1391,679,712
13019,13,1226,576,650
13019,14,1006,482,524
13019,15,923,438,485
13019,16,609,280,329
13019,17,396,163,233
13019,18,358,132,226
13021,0,153095,71847,81248
13021,1,10433,5281,5152
13021,2,10664,5466,5198
13021,3,10294,5283,5011
13021,4,10722,5335,5387
13021,5,11040,5147,5893
13021,6,11410,5433,5977
13021,7,9553,4425,5128
13021,8,9397,4401,4996
13021,9,8310,3905,4405
13021,10,9037,4309,4728
13021,11,9147,4269,4878
13021,12,9833,4528,5305
13021,13,9379,4266,5113
13021,14,7928,3552,4376
13021,15,6074,2639,3435
13021,16,4161,1662,2499
13021,17,2842,1066,1776
13021,18,2871,880,1991
13023,0,12838,6124,6714
13023,1,678,345,333
13023,2,723,407,316
13023,3,713,364,349
13023,4,1337,650,687
13023,5,1024,498,526
13023,6,829,399,430
13023,7,681,308,373
13023,8,705,317,388
13023,9,673,314,359
13023,10,791,384,407
13023,11,847,416,431
13023,12,895,429,466
13023,13,779,370,409
13023,14,571,274,297
13023,15,575,256,319
13023,16,405,174,231
13023,17,306,118,188
13023,18,306,101,205
13025,0,18897,9312,9585
13025,1,1146,584,562
13025,2,1213,634,579
13025,3,1293,667,626
13025,4,1216,629,587
13025,5,1110,602,508
13025,6,1200,586,614
13025,7,1113,561,552
13025,8,1056,496,560
13025,9,1138,564,574
13025,10,1354,642,712
13025,11,1356,662,694
13025,12,1365,673,692
13025,13,1197,583,614
13025,14,1097,532,565
13025,15,849,391,458
13025,16,533,241,292
13025,17,388,160,228
13025,18,273,105,168
13027,0,15513,7569,7944
13027,1,920,468,452
13027,2,955,498,457
13027,3,942,474,468
13027,4,862,480,382
13027,5,817,399,418
13027,6,925,479,446
13027,7,905,452,453
13027,8,820,422,398
13027,9,822,408,414
13027,10,997,484,513
13027,11,1086,517,569
13027,12,1253,585,668
13027,13,1133,539,594
13027,14,993,434,559
13027,15,889,419,470
13027,16,572,260,312
13027,17,374,148,226
13027,18,248,103,145
13029,0,38109,18795,19314
13029,1,2853,1486,1367
13029,2,3165,1611,1554
13029,3,3237,1644,1593
13029,4,2829,1478,1351
13029,5,1934,994,940
13029,6,2484,1248,1236
13029,7,2915,1387,1528
13029,8,3199,1553,1646
13029,9,2764,1378,1386
13029,10,2558,1242,1316
13029,11,2205,1084,1121
13029,12,2143,1039,1104
13029,13,1773,818,955
13029,14,1474,687,787
13029,15,1099,515,584
13029,16,675,321,354
13029,17,428,178,250
13029,18,374,132,242
13031,0,77296,37919,39377
13031,1,4466,2211,2255
13031,2,4191,2058,2133
13031,3,4316,2182,2134
13031,4,8318,4289,4029
13031,5,12319,6204,6115
13031,6,5877,3077,2800
13031,7,4985,2466,2519
13031,8,4323,2102,2221
13031,9,3869,1825,2044
13031,10,4028,1942,2086
13031,11,3844,1897,1947
13031,12,4060,1885,2175
13031,13,3840,1826,2014
13031,14,3075,1452,1623
13031,15,2362,1085,1277
13031,16,1595,714,881
13031,17,991,395,596
13031,18,837,309,528
13033,0,22423,10682,11741
13033,1,1565,760,805
13033,2,1559,796,763
13033,3,1682,865,817
13033,4,1552,798,754
13033,5,1298,658,640
13033,6,1435,714,721
13033,7,1284,580,704
13033,8,1315,615,700
13033,9,1261,621,640
13033,10,1379,638,741
13033,11,1401,630,771
13033,12,1642,760,882
13033,13,1553,738,815
13033,14,1262,575,687
13033,15,930,441,489
13033,16,603,244,359
13033,17,378,134,244
13033,18,324,115,209
13035,0,24193,12774,11419
13035,1,1401,721,680
13035,2,1410,693,717
13035,3,1390,659,731
13035,4,1388,749,639
13035,5,1723,1082,641
13035,6,1885,1137,748
13035,7,1604,972,632
13035,8,1645,949,696
13035,9,1526,893,633
13035,10,1659,900,759
13035,11,1661,891,770
13035,12,1704,841,863
13035,13,1435,688,747
13035,14,1263,590,673
13035,15,1023,425,598
13035,16,703,325,378
13035,17,376,162,214
13035,18,397,97,300
13037,0,6352,3830,2522
13037,1,245,111,134
13037,2,316,171,145
13037,3,336,180,156
13037,4,337,173,164
13037,5,441,309,132
13037,6,498,359,139
13037,7,467,347,120
13037,8,522,368,154
13037,9,492,342,150
13037,10,477,323,154
13037,11,407,270,137
13037,12,423,239,184
13037,13,396,201,195
13037,14,295,167,128
13037,15,254,111,143
13037,16,168,82,86
13037,17,122,53,69
13037,18,156,24,132
13039,0,53677,27469,26208
13039,1,3845,1973,1872
13039,2,3784,1946,1838
13039,3,3507,1796,1711
13039,4,3302,1813,1489
13039,5,4951,3149,1802
13039,6,4759,2539,2220
13039,7,3985,2089,1896
13039,8,3360,1721,1639
13039,9,2706,1288,1418
13039,10,2909,1401,1508
13039,11,2994,1426,1568
13039,12,3359,1562,1797
13039,13,2897,1382,1515
13039,14,2475,1160,1315
13039,15,2175,1049,1126
13039,16,1354,602,752
13039,17,765,350,415
13039,18,550,223,327
13043,0,10836,5313,5523
13043,1,672,355,317
13043,2,744,371,373
13043,3,848,436,412
13043,4,692,360,332
13043,5,609,295,314
13043,6,685,317,368
13043,7,623,308,315
13043,8,616,330,286
13043,9,618,294,324
13043,10,686,337,349
13043,11,674,313,361
13043,12,730,354,376
13043,13,687,333,354
13043,14,642,341,301
13043,15,570,256,314
13043,16,371,186,185
13043,17,195,73,122
13043,18,174,54,120
13045,0,118121,57613,60508
13045,1,7583,3954,3629
13045,2,7507,3854,3653
13045,3,8000,4154,3846
13045,4,9464,4650,4814
13045,5,10430,5104,5326
13045,6,8674,4218,4456
13045,7,7353,3625,3728
13045,8,7404,3645,3759
13045,9,6970,3454,3516
13045,10,7647,3666,3981
13045,11,7228,3600,3628
13045,12,7258,3534,3724
13045,13,6523,3112,3411
13045,14,5444,2482,2962
13045,15,4323,1976,2347
13045,16,3011,1344,1667
13045,17,1841,794,1047
13045,18,1461,447,1014
13047,0,67420,32610,34810
13047,1,3715,1893,1822
13047,2,4126,2128,1998
13047,3,4712,2447,2265
13047,4,4436,2367,2069
13047,5,3662,1910,1752
13047,6,4151,2044,2107
13047,7,4030,1938,2092
13047,8,4120,1971,2149
13047,9,4370,2110,2260
13047,10,4791,2305,2486
13047,11,4597,2250,2347
13047,12,4534,2145,2389
13047,13,4222,1995,2227
13047,14,3784,1700,2084
13047,15,3163,1430,1733
13047,16,2295,952,1343
13047,17,1511,606,905
13047,18,1201,419,782
13049,0,12968,7436,5532
13049,1,664,290,374
13049,2,724,353,371
13049,3,722,386,336
13049,4,674,380,294
13049,5,938,588,350
13049,6,1121,762,359
13049,7,980,660,320
13049,8,868,604,264
13049,9,813,542,271
13049,10,886,517,369
13049,11,857,508,349
13049,12,904,452,452
13049,13,745,399,346
13049,14,610,309,301
13049,15,565,285,280
13049,16,415,201,214
13049,17,254,105,149
13049,18,228,95,133
13051,0,289195,138978,150217
13051,1,18249,9256,8993
13051,2,16684,8551,8133
13051,3,16782,8539,8243
13051,4,18940,9173,9767
13051,5,22480,11269,11211
13051,6,25216,12608,12608
13051,7,22106,10996,11110
13051,8,19491,9522,9969
13051,9,16397,7877,8520
13051,10,16525,7916,8609
13051,11,16799,8024,8775
13051,12,17980,8286,9694
13051,13,17068,7779,9289
13051,14,14799,6597,8202
13051,15,11785,5286,6499
13051,16,7765,3438,4327
13051,17,4890,2067,2823
13051,18,5239,1794,3445
13053,0,10684,6843,3841
13053,1,898,468,430
13053,2,711,378,333
13053,3,500,256,244
13053,4,818,649,169
13053,5,2334,1896,438
13053,6,1680,1135,545
13053,7,1006,625,381
13053,8,649,368,281
13053,9,471,276,195
13053,10,312,167,145
13053,11,343,167,176
13053,12,225,120,105
13053,13,221,103,118
13053,14,147,71,76
13053,15,129,45,84
13053,16,106,56,50
13053,17,75,43,32
13053,18,59,20,39
13055,0,24790,12680,12110
13055,1,1485,775,710
13055,2,1483,756,727
13055,3,1611,820,791
13055,4,1537,823,714
13055,5,1487,837,650
13055,6,1688,967,721
13055,7,1454,777,677
13055,8,1538,812,726
13055,9,1479,821,658
13055,10,1668,859,809
13055,11,1634,845,789
13055,12,1679,794,885
13055,13,1693,854,839
13055,14,1396,665,731
13055,15,1116,527,589
13055,16,819,367,452
13055,17,505,219,286
13055,18,518,162,356
13057,0,254149,125168,128981
13057,1,15017,7633,7384
13057,2,16767,8685,8082
13057,3,18819,9782,9037
13057,4,17647,8993,8654
13057,5,14293,7188,7105
13057,6,14900,7460,7440
13057,7,15688,7728,7960
13057,8,17098,8356,8742
13057,9,17924,8818,9106
13057,10,19871,9830,10041
13057,11,18432,9086,9346
13057,12,17451,8575,8876
13057,13,14862,7198,7664
13057,14,12469,5667,6802
13057,15,10538,4823,5715
13057,16,6250,2912,3338
13057,17,3417,1513,1904
13057,18,2706,921,1785
13059,0,127330,60322,67008
13059,1,6662,3372,3290
13059,2,6279,3236,3043
13059,3,5865,2920,2945
13059,4,12317,5483,6834
13059,5,23796,11605,12191
13059,6,12085,5844,6241
13059,7,8907,4308,4599
13059,8,8005,4000,4005
13059,9,6414,3060,3354
13059,10,6081,2902,3179
13059,11,5489,2620,2869
13059,12,5780,2690,3090
13059,13,5691,2494,3197
13059,14,4965,2203,2762
13059,15,3563,1542,2021
13059,16,2402,989,1413
13059,17,1442,555,887
13059,18,1587,499,1088
13061,0,2887,1362,1525
13061,1,149,80,69
13061,2,157,71,86
13061,3,177,97,80
13061,4,160,79,81
13061,5,116,54,62
13061,6,163,85,78
13061,7,144,60,84
13061,8,171,81,90
13061,9,140,71,69
13061,10,129,58,71
13061,11,166,75,91
13061,12,190,89,101
13061,13,251,116,135
13061,14,237,108,129
13061,15,226,106,120
13061,16,133,73,60
13061,17,96,34,62
13061,18,82,25,57
13063,0,289615,135554,154061
13063,1,21675,10953,10722
13063,2,22736,11582,11154
13063,3,23183,11763,11420
13063,4,21191,10582,10609
13063,5,20437,10040,10397
13063,6,24682,11572,13110
13063,7,20890,9470,11420
13063,8,19669,8750,10919
13063,9,18272,8104,10168
13063,10,19372,8665,10707
13063,11,18553,8422,10131
13063,12,17316,7798,9518
13063,13,14642,6472,8170
13063,14,11087,4805,6282
13063,15,7325,3189,4136
13063,16,4277,1837,2440
13063,17,2414,917,1497
13063,18,1894,633,1261
13065,0,6648,3232,3416
13065,1,438,226,212
13065,2,487,254,233
13065,3,474,243,231
13065,4,440,225,215
13065,5,412,179,233
13065,6,443,233,210
13065,7,409,179,230
13065,8,393,173,220
13065,9,391,197,194
13065,10,417,223,194
13065,11,448,225,223
13065,12,396,184,212
13065,13,423,205,218
13065,14,360,162,198
13065,15,320,165,155
13065,16,199,92,107
13065,17,118,29,89
13065,18,80,38,42
13067,0,756865,366600,390265
13067,1,46903,23934,22969
13067,2,48274,24371,23903
13067,3,51880,26117,25763
13067,4,50830,25865,24965
13067,5,48260,24213,24047
13067,6,56710,28157,28553
13067,7,54313,27018,27295
13067,8,54602,26286,28316
13067,9,52275,24812,27463
13067,10,55732,26800,28932
13067,11,52079,24851,27228
13067,12,50305,23929,26376
13067,13,41925,19689,22236
13067,14,33525,15349,18176
13067,15,25446,11421,14025
13067,16,15603,6935,8668
13067,17,9255,3790,5465
13067,18,8948,3063,5885
13069,0,43093,22140,20953
13069,1,2994,1557,1437
13069,2,2899,1464,1435
13069,3,2885,1446,1439
13069,4,2953,1596,1357
13069,5,3018,1648,1370
13069,6,3397,1886,1511
13069,7,2856,1615,1241
13069,8,2918,1560,1358
13069,9,2653,1458,1195
13069,10,2903,1478,1425
13069,11,2739,1456,1283
13069,12,2673,1305,1368
13069,13,2275,1095,1180
13069,14,2077,949,1128
13069,15,1647,749,898
13069,16,1033,447,586
13069,17,624,237,387
13069,18,549,194,355
13071,0,45592,22585,23007
13071,1,3069,1551,1518
13071,2,3446,1736,1710
13071,3,3447,1804,1643
13071,4,3049,1671,1378
13071,5,2841,1531,1310
13071,6,3058,1558,1500
13071,7,2859,1447,1412
13071,8,2973,1470,1503
13071,9,2794,1390,1404
13071,10,2859,1435,1424
13071,11,2910,1488,1422
13071,12,2681,1262,1419
13071,13,2552,1183,1369
13071,14,2300,1055,1245
13071,15,1905,883,1022
13071,16,1263,586,677
13071,17,816,325,491
13071,18,770,210,560
13073,0,154291,75273,79018
13073,1,9767,5010,4757
13073,2,10970,5424,5546
13073,3,11535,5850,5685
13073,4,10380,5372,5008
13073,5,8721,4471,4250
13073,6,10538,5241,5297
13073,7,11109,5446,5663
13073,8,11440,5543,5897
13073,9,10109,4889,5220
13073,10,10534,5181,5353
13073,11,9803,4683,5120
13073,12,9774,4674,5100
13073,13,8778,4088,4690
13073,14,7464,3528,3936
13073,15,5544,2656,2888
13073,16,3579,1647,1932
13073,17,2221,903,1318
13073,18,2025,667,1358
13075,0,17162,8268,8894
13075,1,1095,587,508
13075,2,1154,583,571
13075,3,1309,650,659
13075,4,1146,595,551
13075,5,1081,528,553
13075,6,1046,503,543
13075,7,1045,496,549
13075,8,1059,494,565
13075,9,1022,477,545
13075,10,1128,545,583
13075,11,1127,533,594
13075,12,1109,544,565
13075,13,1002,465,537
13075,14,946,446,500
13075,15,724,372,352
13075,16,540,216,324
13075,17,363,155,208
13075,18,266,79,187
13077,0,145864,70983,74881
13077,1,8758,4478,4280
13077,2,9583,4890,4693
13077,3,10779,5343,5436
13077,4,10075,5073,5002
13077,5,8483,4204,4279
13077,6,9021,4483,4538
13077,7,9025,4358,4667
13077,8,9631,4604,5027
13077,9,9573,4576,4997
13077,10,10955,5258,5697
13077,11,10998,5472,5526
13077,12,10266,4991,5275
13077,13,8475,4147,4328
13077,14,6874,3210,3664
13077,15,5743,2671,3072
13077,16,3738,1659,2079
13077,17,2208,961,1247
13077,18,1679,605,1074
13079,0,12318,6214,6104
13079,1,599,295,304
13079,2,678,341,337
13079,3,777,402,375
13079,4,707,383,324
13079,5,643,381,262
13079,6,756,405,351
13079,7,715,391,324
13079,8,664,329,335
13079,9,668,320,348
13079,10,812,423,389
13079,11,929,470,459
13079,12,1117,552,565
13079,13,937,471,466
13079,14,801,381,420
13079,15,687,310,377
13079,16,424,199,225
13079,17,248,105,143
13079,18,156,56,100
13081,0,22601,10687,11914
13081,1,1428,696,732
13081,2,1463,748,715
13081,3,1626,819,807
13081,4,1432,750,682
13081,5,1286,624,662
13081,6,1403,666,737
13081,7,1238,614,624
13081,8,1384,637,747
13081,9,1269,533,736
13081,10,1315,613,702
13081,11,1437,673,764
13081,12,1538,731,807
13081,13,1565,723,842
13081,14,1379,644,735
13081,15,1111,529,582
13081,16,675,315,360
13081,17,532,200,332
13081,18,520,172,348
13083,0,16226,7971,8255
13083,1,794,430,364
13083,2,871,424,447
13083,3,913,452,461
13083,4,1161,586,575
13083,5,1327,674,653
13083,6,966,492,474
13083,7,862,422,440
13083,8,859,431,428
13083,9,957,495,462
13083,10,1020,505,515
13083,11,1024,517,507
13083,12,1139,535,604
13083,13,1201,589,612
13083,14,1037,485,552
13083,15,804,358,446
13083,16,602,293,309
13083,17,373,165,208
13083,18,316,118,198
13085,0,25083,12400,12683
13085,1,1355,676,679
13085,2,1321,691,630
13085,3,1568,810,758
13085,4,1456,745,711
13085,5,1368,706,662
13085,6,1528,768,760
13085,7,1476,715,761
13085,8,1369,665,704
13085,9,1437,736,701
13085,10,1764,895,869
13085,11,1812,880,932
13085,12,1840,904,936
13085,13,1744,826,918
13085,14,1681,778,903
13085,15,1522,750,772
13085,16,992,476,516
13085,17,514,236,278
13085,18,336,143,193
13087,0,26575,12857,13718
13087,1,1831,912,919
13087,2,1766,876,890
13087,3,1772,896,876
13087,4,1828,965,863
13087,5,1713,888,825
13087,6,1833,929,904
13087,7,1496,707,789
13087,8,1585,764,821
13087,9,1543,774,769
13087,10,1720,830,890
13087,11,1713,844,869
13087,12,1778,876,902
13087,13,1690,778,912
13087,14,1295,579,716
13087,15,1155,542,613
13087,16,789,328,461
13087,17,576,224,352
13087,18,492,145,347
13089,0,756558,357770,398788
13089,1,52440,26495,25945
13089,2,49172,25174,23998
13089,3,46717,23777,22940
13089,4,43799,21898,21901
13089,5,46519,22039,24480
13089,6,65657,31551,34106
13089,7,61899,29811,32088
13089,8,57821,27473,30348
13089,9,50220,23823,26397
13089,10,51125,24324,26801
13089,11,48063,22679,25384
13089,12,47307,21703,25604
13089,13,41699,18387,23312
13089,14,34860,14958,19902
13089,15,24210,10290,13920
13089,16,15107,6385,8722
13089,17,9622,3662,5960
13089,18,10321,3341,6980
13091,0,20705,10787,9918
13091,1,1012,519,493
13091,2,1149,565,584
13091,3,1146,569,577
13091,4,1223,717,506
13091,5,1193,684,509
13091,6,1513,860,653
13091,7,1228,726,502
13091,8,1314,715,599
13091,9,1292,733,559
13091,10,1570,829,741
13091,11,1488,791,697
13091,12,1447,751,696
13091,13,1393,686,707
13091,14,1176,567,609
13091,15,989,464,525
13091,16,671,287,384
13091,17,508,194,314
13091,18,393,130,263
13093,0,13706,7451,6255
13093,1,521,276,245
13093,2,637,315,322
13093,3,745,367,378
13093,4,727,350,377
13093,5,782,489,293
13093,6,951,618,333
13093,7,775,512,263
13093,8,935,556,379
13093,9,883,537,346
13093,10,956,564,392
13093,11,956,535,421
13093,12,1016,502,514
13093,13,1064,549,515
13093,14,890,425,465
13093,15,698,352,346
13093,16,562,269,293
13093,17,324,134,190
13093,18,284,101,183
13095,0,91243,41868,49375
13095,1,5850,3023,2827
13095,2,6036,3086,2950
13095,3,5842,2980,2862
13095,4,8296,3759,4537
13095,5,7994,3682,4312
13095,6,6672,3134,3538
13095,7,5332,2457,2875
13095,8,5346,2427,2919
13095,9,4828,2123,2705
13095,10,5009,2361,2648
13095,11,5034,2188,2846
13095,12,5492,2425,3067
13095,13,5485,2471,3014
13095,14,4895,2163,2732
13095,15,3450,1488,1962
13095,16,2359,975,1384
13095,17,1613,590,1023
13095,18,1710,536,1174
13097,0,145331,69035,76296
13097,1,9054,4612,4442
13097,2,10107,5154,4953
13097,3,11324,5775,5549
13097,4,11012,5605,5407
13097,5,9606,4741,4865
13097,6,9888,4859,5029
13097,7,8668,3937,4731
13097,8,9729,4356,5373
13097,9,10100,4439,5661
13097,10,11187,5145,6042
13097,11,10486,4907,5579
13097,12,9548,4614,4934
13097,13,7848,3717,4131
13097,14,6123,2670,3453
13097,15,4697,2090,2607
13097,16,2990,1297,1693
13097,17,1631,675,956
13097,18,1333,442,891
13099,0,10247,4782,5465
13099,1,653,328,325
13099,2,695,346,349
13099,3,750,376,374
13099,4,692,364,328
13099,5,580,279,301
13099,6,628,295,333
13099,7,518,230,288
13099,8,568,267,301
13099,9,575,265,310
13099,10,628,272,356
13099,11,666,330,336
13099,12,695,307,388
13099,13,651,310,341
13099,14,538,274,264
13099,15,525,211,314
13099,16,399,164,235
13099,17,247,101,146
13099,18,239,63,176
13101,0,4000,2067,1933
13101,1,251,163,88
13101,2,327,177,150
13101,3,308,131,177
13101,4,259,132,127
13101,5,239,129,110
13101,6,270,141,129
13101,7,319,173,146
13101,8,244,140,104
13101,9,291,143,148
13101,10,253,130,123
13101,11,257,143,114
13101,12,243,129,114
13101,13,218,107,111
13101,14,188,82,106
13101,15,115,53,62
13101,16,79,25,54
13101,17,79,38,41
13101,18,60,31,29
13103,0,62190,30999,31191
13103,1,4226,2188,2038
13103,2,4603,2406,2197
13103,3,4857,2526,2331
13103,4,4258,2195,2063
13103,5,3478,1788,1690
13103,6,4331,2194,2137
13103,7,4488,2234,2254
13103,8,4547,2256,2291
13103,9,4235,2038,2197
13103,10,4287,2155,2132
13103,11,4136,2033,2103
13103,12,4042,1977,2065
13103,13,3480,1742,1738
13103,14,2605,1208,1397
13103,15,1955,918,1037
13103,16,1340,608,732
13103,17,720,330,390
13103,18,602,203,399
13105,0,19120,9147,9973
13105,1,1131,606,525
13105,2,1183,587,596
13105,3,1139,556,583
13105,4,1062,526,536
13105,5,1011,508,503
13105,6,1276,645,631
13105,7,1069,541,528
13105,8,1093,544,549
13105,9,972,475,497
13105,10,1161,547,614
13105,11,1303,601,702
13105,12,1394,638,756
13105,13,1327,641,686
13105,14,1230,569,661
13105,15,1053,488,565
13105,16,738,330,408
13105,17,512,202,310
13105,18,466,143,323
13107,0,22612,11130,11482
13107,1,1496,753,743
13107,2,1564,809,755
13107,3,1658,823,835
13107,4,1490,748,742
13107,5,1450,797,653
13107,6,1548,796,752
13107,7,1494,755,739
13107,8,1493,800,693
13107,9,1266,652,614
13107,10,1307,660,647
13107,11,1328,640,688
13107,12,1472,719,753
13107,13,1403,638,765
13107,14,1221,552,669
13107,15,953,421,532
13107,16,662,277,385
13107,17,437,179,258
13107,18,370,111,259
13109,0,10721,5216,5505
13109,1,728,379,349
13109,2,806,408,398
13109,3,842,435,407
13109,4,734,377,357
13109,5,579,298,281
13109,6,694,350,344
13109,7,653,325,328
13109,8,666,301,365
13109,9,632,296,336
13109,10,639,315,324
13109,11,665,322,343
13109,12,709,342,367
13109,13,656,302,354
13109,14,511,237,274
13109,15,455,215,240
13109,16,342,139,203
13109,17,222,104,118
13109,18,188,71,117
13111,0,25964,12610,13354
13111,1,1081,557,524
13111,2,1102,548,554
13111,3,1329,692,637
13111,4,1234,614,620
13111,5,1124,585,539
13111,6,1231,603,628
13111,7,1085,491,594
13111,8,1240,605,635
13111,9,1218,615,603
13111,10,1457,707,750
13111,11,1615,755,860
13111,12,2109,991,1118
13111,13,2476,1161,1315
13111,14,2583,1210,1373
13111,15,2155,1085,1070
13111,16,1349,679,670
13111,17,846,424,422
13111,18,730,288,442
13113,0,113459,55009,58450
13113,1,5121,2670,2451
13113,2,6679,3463,3216
13113,3,8493,4308,4185
13113,4,8836,4479,4357
13113,5,6777,3426,3351
13113,6,5215,2653,2562
13113,7,5000,2403,2597
13113,8,6225,2973,3252
13113,9,6661,3177,3484
13113,10,8058,3797,4261
13113,11,8698,4144,4554
13113,12,8837,4282,4555
13113,13,8223,3851,4372
13113,14,6890,3235,3655
13113,15,5747,2778,2969
13113,16,3741,1717,2024
13113,17,2179,965,1214
13113,18,2079,688,1391
13115,0,97927,47307,50620
13115,1,5967,3012,2955
13115,2,6148,3135,3013
13115,3,6628,3413,3215
13115,4,7235,3457,3778
13115,5,6485,3108,3377
13115,6,6721,3367,3354
13115,7,5951,2938,3013
13115,8,6049,2943,3106
13115,9,5692,2893,2799
13115,10,6164,3094,3070
13115,11,6175,2952,3223
13115,12,6304,3035,3269
13115,13,6018,2867,3151
13115,14,5192,2429,2763
13115,15,4149,1897,2252
13115,16,3098,1341,1757
13115,17,2038,791,1247
13115,18,1913,635,1278
13117,0,236612,117339,119273
13117,1,14131,7288,6843
13117,2,18069,9207,8862
13117,3,20487,10534,9953
13117,4,17993,9268,8725
13117,5,11611,5912,5699
13117,6,9764,4850,4914
13117,7,13298,6247,7051
13117,8,18131,8641,9490
13117,9,19837,9894,9943
13117,10,21149,10865,10284
13117,11,17998,9162,8836
13117,12,14816,7455,7361
13117,13,10907,5346,5561
13117,14,9313,4225,5088
13117,15,8157,3716,4441
13117,16,5454,2448,3006
13117,17,3111,1388,1723
13117,18,2386,893,1493
13119,0,23023,11292,11731
13119,1,1361,712,649
13119,2,1379,692,687
13119,3,1373,690,683
13119,4,1598,848,750
13119,5,1535,757,778
13119,6,1500,748,752
13119,7,1351,712,639
13119,8,1208,608,600
13119,9,1261,592,669
13119,10,1396,706,690
13119,11,1509,754,755
13119,12,1614,828,786
13119,13,1562,754,808
13119,14,1359,647,712
13119,15,1199,532,667
13119,16,810,340,470
13119,17,540,225,315
13119,18,468,147,321
13121,0,1050114,508527,541587
13121,1,61778,31589,30189
13121,2,62660,31969,30691
13121,3,65634,33292,32342
13121,4,70934,35903,35031
13121,5,74865,37737,37128
13121,6,94302,46425,47877
13121,7,84407,41435,42972
13121,8,78276,37479,40797
13121,9,71023,33838,37185
13121,10,76057,37041,39016
13121,11,68580,34025,34555
13121,12,64908,31429,33479
13121,13,53960,24946,29014
13121,14,43059,19144,23915
13121,15,32064,14012,18052
13121,16,20615,8717,11898
13121,17,12696,4929,7767
13121,18,14296,4617,9679
13123,0,30816,15437,15379
13123,1,1658,849,809
13123,2,1536,778,758
13123,3,1691,845,846
13123,4,1609,779,830
13123,5,1472,769,703
13123,6,1548,812,736
13123,7,1487,775,712
13123,8,1543,813,730
13123,9,1767,926,841
13123,10,1877,961,916
13123,11,2045,1022,1023
13123,12,2345,1153,1192
13123,13,2587,1229,1358
13123,14,2622,1304,1318
13123,15,2223,1125,1098
13123,16,1363,698,665
13123,17,802,374,428
13123,18,641,225,416
13125,0,2995,1484,1511
13125,1,142,62,80
13125,2,178,103,75
13125,3,194,117,77
13125,4,214,116,98
13125,5,168,87,81
13125,6,180,85,95
13125,7,149,84,65
13125,8,163,71,92
13125,9,200,95,105
13125,10,229,113,116
13125,11,213,107,106
13125,12,217,113,104
13125,13,210,103,107
13125,14,160,71,89
13125,15,139,70,69
13125,16,101,44,57
13125,17,54,22,32
13125,18,84,21,63
13127,0,85219,40136,45083
13127,1,4733,2361,2372
13127,2,5153,2622,2531
13127,3,5299,2662,2637
13127,4,5347,2799,2548
13127,5,4883,2450,2433
13127,6,5320,2560,2760
13127,7,4914,2239,2675
13127,8,4992,2271,2721
13127,9,4723,2214,2509
13127,10,5247,2457,2790
13127,11,5449,2585,2864
13127,12,6000,2702,3298
13127,13,5912,2701,3211
13127,14,5547,2444,3103
13127,15,4855,2209,2646
13127,16,3155,1395,1760
13127,17,1916,870,1046
13127,18,1774,595,1179
13129,0,57685,28429,29256
13129,1,3477,1818,1659
13129,2,3778,1928,1850
13129,3,4182,2149,2033
13129,4,4068,2132,1936
13129,5,3447,1747,1700
13129,6,3747,1842,1905
13129,7,3540,1812,1728
13129,8,3676,1802,1874
13129,9,3708,1817,1891
13129,10,4197,2057,2140
13129,11,4122,2062,2060
13129,12,3827,1866,1961
13129,13,3356,1615,1741
13129,14,2822,1339,1483
13129,15,2310,1079,1231
13129,16,1625,685,940
13129,17,978,393,585
13129,18,825,286,539
13131,0,24748,11931,12817
13131,1,1600,810,790
13131,2,1649,861,788
13131,3,1860,961,899
13131,4,1571,766,805
13131,5,1306,608,698
13131,6,1432,708,724
13131,7,1416,656,760
13131,8,1508,719,789
13131,9,1377,690,687
13131,10,1517,715,802
13131,11,1684,825,859
13131,12,1705,830,875
13131,13,1611,780,831
13131,14,1457,683,774
13131,15,1195,562,633
13131,16,834,339,495
13131,17,557,248,309
13131,18,469,170,299
13133,0,17698,8521,9177
13133,1,884,473,411
13133,2,964,451,513
13133,3,902,474,428
13133,4,815,428,387
13133,5,775,393,382
13133,6,822,407,415
13133,7,837,405,432
13133,8,990,456,534
13133,9,889,412,477
13133,10,844,385,459
13133,11,1054,539,515
13133,12,1229,556,673
13133,13,1551,672,879
13133,14,1594,761,833
13133,15,1581,791,790
13133,16,1062,539,523
13133,17,494,251,243
13133,18,411,128,283
13135,0,927781,452986,474795
13135,1,61223,31158,30065
13135,2,67667,34220,33447
13135,3,74902,37986,36916
13135,4,69805,35700,34105
13135,5,60235,30417,29818
13135,6,62234,30967,31267
13135,7,60581,29573,31008
13135,8,66809,32379,34430
13135,9,66973,31659,35314
13135,10,70923,34150,36773
13135,11,65660,31988,33672
13135,12,59758,28967,30791
13135,13,47747,22851,24896
13135,14,35621,16312,19309
13135,15,25137,11346,13791
13135,16,15402,6789,8613
13135,17,9067,3695,5372
13135,18,8037,2829,5208
13137,0,45388,21450,23938
13137,1,2640,1389,1251
13137,2,2752,1387,1365
13137,3,3043,1495,1548
13137,4,3067,1504,1563
13137,5,3022,1391,1631
13137,6,2945,1390,1555
13137,7,2763,1269,1494
13137,8,2723,1228,1495
13137,9,2714,1180,1534
13137,10,2944,1367,1577
13137,11,2769,1320,1449
13137,12,2958,1416,1542
13137,13,2810,1328,1482
13137,14,2557,1190,1367
13137,15,2229,1086,1143
13137,16,1598,734,864
13137,17,1036,468,568
13137,18,818,308,510
13139,0,202148,100538,101610
13139,1,13293,6739,6554
13139,2,13602,7033,6569
13139,3,15188,7848,7340
13139,4,14367,7439,6928
13139,5,13127,6626,6501
13139,6,13732,7014,6718
13139,7,12479,6347,6132
13139,8,12792,6349,6443
13139,9,12425,6256,6169
13139,10,13985,6989,6996
13139,11,13269,6715,6554
13139,12,12492,6239,6253
13139,13,11291,5379,5912
13139,14,9491,4448,5043
13139,15,8322,3836,4486
13139,16,5678,2599,3079
13139,17,3450,1464,1986
13139,18,3165,1218,1947
13141,0,8348,4593,3755
13141,1,315,150,165
13141,2,346,185,161
13141,3,385,212,173
13141,4,383,218,165
13141,5,521,322,199
13141,6,641,437,204
13141,7,522,368,154
13141,8,470,298,172
13141,9,438,269,169
13141,10,498,291,207
13141,11,609,311,298
13141,12,610,316,294
13141,13,662,307,355
13141,14,642,326,316
13141,15,530,260,270
13141,16,326,165,161
13141,17,207,92,115
13141,18,243,66,177
13143,0,29533,14335,15198
13143,1,1773,905,868
13143,2,1975,995,980
13143,3,2048,990,1058
13143,4,1921,954,967
13143,5,1652,822,830
13143,6,1993,1003,990
13143,7,1850,914,936
13143,8,1759,827,932
13143,9,1797,895,902
13143,10,2150,1053,1097
13143,11,2105,1056,1049
13143,12,1965,1008,957
13143,13,1772,853,919
13143,14,1515,666,849
13143,15,1313,606,707
13143,16,903,402,501
13143,17,585,225,360
13143,18,457,161,296
13145,0,34475,17245,17230
13145,1,1635,825,810
13145,2,1998,1012,986
13145,3,2256,1208,1048
13145,4,2282,1196,1086
13145,5,1840,996,844
13145,6,1789,959,830
13145,7,1798,920,878
13145,8,1946,934,1012
13145,9,2094,1040,1054
13145,10,2534,1239,1295
13145,11,2610,1245,1365
13145,12,2684,1371,1313
13145,13,2533,1217,1316
13145,14,2337,1148,1189
13145,15,1854,914,940
13145,16,1117,565,552
13145,17,594,274,320
13145,18,574,182,392
13147,0,26099,12929,13170
13147,1,1395,737,658
13147,2,1456,746,710
13147,3,1668,884,784
13147,4,1478,788,690
13147,5,1416,760,656
13147,6,1597,863,734
13147,7,1387,678,709
13147,8,1413,695,718
13147,9,1398,721,677
13147,10,1683,825,858
13147,11,1804,873,931
13147,12,1851,888,963
13147,13,1914,928,986
13147,14,1662,774,888
13147,15,1558,744,814
13147,16,1113,502,611
13147,17,723,303,420
13147,18,583,220,363
13149,0,11879,5916,5963
13149,1,667,347,320
13149,2,732,378,354
13149,3,806,422,384
13149,4,767,402,365
13149,5,728,373,355
13149,6,776,383,393
13149,7,628,308,320
13149,8,684,334,350
13149,9,688,347,341
13149,10,810,413,397
13149,11,865,444,421
13149,12,860,422,438
13149,13,794,371,423
13149,14,715,354,361
13149,15,560,268,292
13149,16,385,193,192
13149,17,213,83,130
13149,18,201,74,127
13151,0,230220,109748,120472
13151,1,13478,6901,6577
13151,2,15114,7609,7505
13151,3,18471,9486,8985
13151,4,18308,9370,8938
13151,5,15215,7588,7627
13151,6,14730,7118,7612
13151,7,13511,6295,7216
13151,8,15131,6626,8505
13151,9,16172,7184,8988
13151,10,18043,8302,9741
13151,11,17262,8243,9019
13151,12,15507,7431,8076
13151,13,12462,5831,6631
13151,14,9755,4367,5388
13151,15,7587,3402,4185
13151,16,4689,2087,2602
13151,17,2703,1160,1543
13151,18,2082,748,1334
13153,0,155469,75339,80130
13153,1,10195,5293,4902
13153,2,11262,5709,5553
13153,3,11522,5873,5649
13153,4,10416,5386,5030
13153,5,9910,5103,4807
13153,6,11440,5679,5761
13153,7,11449,5427,6022
13153,8,11091,5232,5859
13153,9,9374,4391,4983
13153,10,9774,4601,5173
13153,11,10032,4774,5258
13153,12,10684,5245,5439
13153,13,8558,4038,4520
13153,14,6682,3098,3584
13153,15,5270,2393,2877
13153,16,3437,1457,1980
13153,17,2464,972,1492
13153,18,1909,668,1241
13155,0,9398,4889,4509
13155,1,462,229,233
13155,2,542,276,266
13155,3,604,311,293
13155,4,614,338,276
13155,5,621,380,241
13155,6,702,424,278
13155,7,586,342,244
13155,8,622,321,301
13155,9,607,340,267
13155,10,628,353,275
13155,11,590,295,295
13155,12,591,306,285
13155,13,543,246,297
13155,14,458,229,229
13155,15,456,189,267
13155,16,326,159,167
13155,17,206,84,122
13155,18,240,67,173
13157,0,70422,34706,35716
13157,1,4598,2318,2280
13157,2,5026,2554,2472
13157,3,5145,2644,2501
13157,4,4617,2347,2270
13157,5,3755,1863,1892
13157,6,4656,2302,2354
13157,7,4559,2303,2256
13157,8,5070,2487,2583
13157,9,4660,2341,2319
13157,10,5041,2528,2513
13157,11,4754,2427,2327
13157,12,4473,2219,2254
13157,13,3912,1882,2030
13157,14,3269,1489,1780
13157,15,2912,1341,1571
13157,16,2079,916,1163
13157,17,1064,478,586
13157,18,832,267,565
13159,0,14040,6866,7174
13159,1,827,408,419
13159,2,926,459,467
13159,3,987,536,451
13159,4,905,479,426
13159,5,721,380,341
13159,6,810,393,417
13159,7,808,386,422
13159,8,817,381,436
13159,9,786,389,397
13159,10,922,435,487
13159,11,1011,523,488
13159,12,1054,518,536
13159,13,1012,478,534
13159,14,844,383,461
13159,15,671,317,354
13159,16,423,191,232
13159,17,283,128,155
13159,18,233,82,151
13161,0,15029,7408,7621
13161,1,1040,543,497
13161,2,1094,562,532
13161,3,1179,603,576
13161,4,1066,539,527
13161,5,871,432,439
13161,6,923,437,486
13161,7,922,472,450
13161,8,879,423,456
13161,9,936,460,476
13161,10,964,476,488
13161,11,945,490,455
13161,12,963,471,492
13161,13,880,430,450
13161,14,765,345,420
13161,15,668,347,321
13161,16,484,208,276
13161,17,268,99,169
13161,18,182,71,111
13163,0,15430,7447,7983
13163,1,984,499,485
13163,2,984,488,496
13163,3,1023,541,482
13163,4,998,518,480
13163,5,893,452,441
13163,6,1038,534,504
13163,7,883,453,430
13163,8,909,477,432
13163,9,804,388,416
13163,10,934,459,475
13163,11,1050,484,566
13163,12,1067,497,570
13163,13,1044,488,556
13163,14,926,442,484
13163,15,736,290,446
13163,16,550,216,334
13163,17,315,117,198
13163,18,292,104,188
13165,0,8683,4658,4025
13165,1,461,248,213
13165,2,480,249,231
13165,3,510,266,244
13165,4,528,299,229
13165,5,632,403,229
13165,6,716,434,282
13165,7,555,336,219
13165,8,571,322,249
13165,9,515,298,217
13165,10,584,337,247
13165,11,523,296,227
13165,12,614,301,313
13165,13,536,264,272
13165,14,468,222,246
13165,15,405,182,223
13165,16,261,107,154
13165,17,169,54,115
13165,18,155,40,115
13167,0,9708,5441,4267
13167,1,498,237,261
13167,2,444,217,227
13167,3,545,278,267
13167,4,527,259,268
13167,5,576,348,228
13167,6,635,413,222
13167,7,663,429,234
13167,8,636,411,225
13167,9,659,429,230
13167,10,700,438,262
13167,11,668,418,250
13167,12,697,384,313
13167,13,636,329,307
13167,14,556,285,271
13167,15,495,254,241
13167,16,328,159,169
13167,17,201,70,131
13167,18,244,83,161
13169,0,28616,13847,14769
13169,1,1446,767,679
13169,2,1780,898,882
13169,3,2106,1070,1036
13169,4,1979,998,981
13169,5,1595,811,784
13169,6,1672,821,851
13169,7,1522,705,817
13169,8,1824,898,926
13169,9,1724,799,925
13169,10,2011,949,1062
13169,11,1987,1013,974
13169,12,2062,1012,1050
13169,13,1860,885,975
13169,14,1744,792,952
13169,15,1313,597,716
13169,16,943,423,520
13169,17,588,257,331
13169,18,460,152,308
13171,0,19000,9150,9850
13171,1,1095,563,532
13171,2,1069,557,512
13171,3,1083,566,517
13171,4,1782,800,982
13171,5,1476,649,827
13171,6,1320,679,641
13171,7,1074,542,532
13171,8,1051,491,560
13171,9,1011,486,525
13171,10,1138,582,556
13171,11,1218,603,615
13171,12,1236,591,645
13171,13,1224,604,620
13171,14,1085,490,595
13171,15,841,382,459
13171,16,591,280,311
13171,17,378,160,218
13171,18,328,125,203
13173,0,10340,5226,5114
13173,1,687,338,349
13173,2,713,359,354
13173,3,715,367,348
13173,4,596,327,269
13173,5,576,330,246
13173,6,815,432,383
13173,7,783,396,387
13173,8,717,340,377
13173,9,633,322,311
13173,10,610,290,320
13173,11,708,362,346
13173,12,725,379,346
13173,13,606,293,313
13173,14,486,244,242
13173,15,397,182,215
13173,16,269,124,145
13173,17,179,83,96
13173,18,125,58,67
13175,0,47325,22395,24930
13175,1,3169,1635,1534
13175,2,3205,1611,1594
13175,3,3339,1679,1660
13175,4,3027,1517,1510
13175,5,2727,1431,1296
13175,6,3115,1465,1650
13175,7,2721,1211,1510
13175,8,2859,1312,1547
13175,9,2759,1304,1455
13175,10,2909,1416,1493
13175,11,3075,1487,1588
13175,12,3132,1498,1634
13175,13,2929,1347,1582
13175,14,2612,1199,1413
13175,15,2128,927,1201
13175,16,1566,661,905
13175,17,1014,402,612
13175,18,1039,293,746
13177,0,29764,14924,14840
13177,1,1830,981,849
13177,2,2162,1096,1066
13177,3,2357,1236,1121
13177,4,2139,1114,1025
13177,5,1599,846,753
13177,6,1866,908,958
13177,7,1982,1007,975
13177,8,2294,1117,1177
13177,9,2066,1066,1000
13177,10,2252,1125,1127
13177,11,1855,926,929
13177,12,1849,897,952
13177,13,1762,856,906
13177,14,1431,710,721
13177,15,1078,537,541
13177,16,596,263,333
13177,17,350,159,191
13177,18,296,80,216
13179,0,61497,31168,30329
13179,1,6386,3260,3126
13179,2,4852,2546,2306
13179,3,3890,1928,1962
13179,4,3760,2049,1711
13179,5,6955,3989,2966
13179,6,7055,3786,3269
13179,7,4905,2511,2394
13179,8,3824,1965,1859
13179,9,2819,1411,1408
13179,10,2832,1321,1511
13179,11,2766,1256,1510
13179,12,3076,1371,1705
13179,13,2688,1245,1443
13179,14,2043,974,1069
13179,15,1622,733,889
13179,16,1081,461,620
13179,17,549,223,326
13179,18,394,139,255
13181,0,7915,3836,4079
13181,1,440,229,211
13181,2,379,195,184
13181,3,433,207,226
13181,4,425,215,210
13181,5,397,206,191
13181,6,473,242,231
13181,7,431,219,212
13181,8,367,177,190
13181,9,399,186,213
13181,10,439,205,234
13181,11,512,236,276
13181,12,675,323,352
13181,13,660,331,329
13181,14,627,312,315
13181,15,501,221,280
13181,16,373,172,201
13181,17,198,86,112
13181,18,186,74,112
13183,0,18998,9583,9415
13183,1,1407,755,652
13183,2,1446,721,725
13183,3,1430,670,760
13183,4,1311,702,609
13183,5,1179,595,584
13183,6,1482,787,695
13183,7,1646,850,796
13183,8,1452,756,696
13183,9,1302,657,645
13183,10,1261,641,620
13183,11,1113,540,573
13183,12,1129,569,560
13183,13,1009,485,524
13183,14,733,349,384
13183,15,466,235,231
13183,16,263,117,146
13183,17,162,79,83
13183,18,207,75,132
13185,0,116321,56320,60001
13185,1,7897,4006,3891
13185,2,8007,4081,3926
13185,3,7841,3951,3890
13185,4,9229,4508,4721
13185,5,14408,7089,7319
13185,6,9935,5145,4790
13185,7,7778,3904,3874
13185,8,7029,3454,3575
13185,9,5979,2885,3094
13185,10,6135,2894,3241
13185,11,5952,2833,3119
13185,12,6217,2961,3256
13185,13,5548,2573,2975
13185,14,4776,2168,2608
13185,15,3756,1620,2136
13185,16,2582,1058,1524
13185,17,1765,713,1052
13185,18,1487,477,1010
13187,0,32955,16335,16620
13187,1,1482,750,732
13187,2,1598,831,767
13187,3,1699,879,820
13187,4,3128,1561,1567
13187,5,4111,2176,1935
13187,6,2009,1017,992
13187,7,1630,816,814
13187,8,1710,870,840
13187,9,1673,803,870
13187,10,1827,884,943
13187,11,1864,944,920
13187,12,2226,1051,1175
13187,13,2212,1059,1153
13187,14,1939,927,1012
13187,15,1641,776,865
13187,16,1124,547,577
13187,17,588,258,330
13187,18,494,186,308
13189,0,21531,10081,11450
13189,1,1407,699,708
13189,2,1554,790,764
13189,3,1561,782,779
13189,4,1453,708,745
13189,5,1180,584,596
13189,6,1381,671,710
13189,7,1247,564,683
13189,8,1165,535,630
13189,9,1121,506,615
13189,10,1326,625,701
13189,11,1416,687,729
13189,12,1484,705,779
13189,13,1459,664,795
13189,14,1217,536,681
13189,15,1065,501,564
13189,16,712,275,437
13189,17,456,157,299
13189,18,327,92,235
13191,0,14340,7001,7339
13191,1,592,303,289
13191,2,581,309,272
13191,3,722,371,351
13191,4,680,344,336
13191,5,690,355,335
13191,6,821,433,388
13191,7,685,351,334
13191,8,657,305,352
13191,9,694,336,358
13191,10,929,446,483
13191,11,978,457,521
13191,12,1201,578,623
13191,13,1282,605,677
13191,14,1208,546,662
13191,15,1065,514,551
13191,16,753,363,390
13191,17,435,223,212
13191,18,367,162,205
13193,0,13143,7203,5940
13193,1,666,313,353
13193,2,679,349,330
13193,3,666,325,341
13193,4,774,421,353
13193,5,892,572,320
13193,6,1081,712,369
13193,7,938,617,321
13193,8,830,515,315
13193,9,758,483,275
13193,10,786,483,303
13193,11,902,478,424
13193,12,957,452,505
13193,13,944,448,496
13193,14,804,386,418
13193,15,627,310,317
13193,16,423,180,243
13193,17,226,86,140
13193,18,190,73,117
13195,0,29650,14661,14989
13195,1,1781,921,860
13195,2,1874,956,918
13195,3,1991,1055,936
13195,4,1811,965,846
13195,5,1645,843,802
13195,6,1966,992,974
13195,7,1732,821,911
13195,8,1772,837,935
13195,9,1812,853,959
13195,10,1978,978,1000
13195,11,2045,1033,1012
13195,12,2161,1067,1094
13195,13,2050,976,1074
13195,14,1670,822,848
13195,15,1412,695,717
13195,16,959,434,525
13195,17,550,248,302
13195,18,441,165,276
13197,0,8351,4112,4239
13197,1,416,218,198
13197,2,468,220,248
13197,3,539,250,289
13197,4,528,271,257
13197,5,435,245,190
13197,6,457,236,221
13197,7,443,204,239
13197,8,404,200,204
13197,9,455,211,244
13197,10,536,268,268
13197,11,597,280,317
13197,12,745,392,353
13197,13,657,332,325
13197,14,526,267,259
13197,15,470,234,236
13197,16,349,155,194
13197,17,197,72,125
13197,18,129,57,72
13199,0,21068,10085,10983
13199,1,1262,640,622
13199,2,1194,595,599
13199,3,1301,677,624
13199,4,1251,652,599
13199,5,1200,631,569
13199,6,1300,608,692
13199,7,1193,597,596
13199,8,1184,562,622
13199,9,1096,521,575
13199,10,1223,554,669
13199,11,1389,682,707
13199,12,1632,785,847
13199,13,1553,734,819
13199,14,1370,640,730
13199,15,1175,525,650
13199,16,770,361,409
13199,17,494,178,316
13199,18,481,143,338
13201,0,5686,2725,2961
13201,1,318,161,157
13201,2,372,193,179
13201,3,378,202,176
13201,4,336,179,157
13201,5,285,140,145
13201,6,341,166,175
13201,7,301,141,160
13201,8,303,127,176
13201,9,300,158,142
13201,10,342,164,178
13201,11,396,188,208
13201,12,373,183,190
13201,13,377,183,194
13201,14,350,159,191
13201,15,279,120,159
13201,16,258,115,143
13201,17,185,79,106
13201,18,192,67,125
13205,0,22192,11510,10682
13205,1,1301,657,644
13205,2,1428,757,671
13205,3,1469,784,685
13205,4,1389,736,653
13205,5,1367,818,549
13205,6,1599,944,655
13205,7,1369,797,572
13205,8,1440,807,633
13205,9,1394,754,640
13205,10,1502,781,721
13205,11,1401,752,649
13205,12,1513,778,735
13205,13,1406,640,766
13205,14,1137,519,618
13205,15,947,411,536
13205,16,716,282,434
13205,17,419,174,245
13205,18,395,119,276
13207,0,27520,13723,13797
13207,1,1402,711,691
13207,2,1537,783,754
13207,3,1616,829,787
13207,4,1728,960,768
13207,5,1678,957,721
13207,6,1650,865,785
13207,7,1577,793,784
13207,8,1586,784,802
13207,9,1609,775,834
13207,10,1907,925,982
13207,11,1939,940,999
13207,12,2021,1018,1003
13207,13,2167,1036,1131
13207,14,1637,807,830
13207,15,1326,649,677
13207,16,976,449,527
13207,17,569,274,295
13207,18,595,168,427
13209,0,9193,4727,4466
13209,1,481,241,240
13209,2,529,273,256
13209,3,512,246,266
13209,4,706,389,317
13209,5,767,412,355
13209,6,632,367,265
13209,7,533,294,239
13209,8,523,287,236
13209,9,546,283,263
13209,10,594,310,284
13209,11,576,310,266
13209,12,652,329,323
13209,13,567,293,274
13209,14,533,252,281
13209,15,425,195,230
13209,16,300,114,186
13209,17,204,89,115
13209,18,113,43,70
13211,0,18853,9068,9785
13211,1,1145,544,601
13211,2,1060,568,492
13211,3,1304,664,640
13211,4,1226,629,597
13211,5,971,484,487
13211,6,1001,467,534
13211,7,1005,480,525
13211,8,1048,509,539
13211,9,1031,480,551
13211,10,1298,608,690
13211,11,1295,643,652
13211,12,1390,688,702
13211,13,1300,612,688
13211,14,1185,547,638
13211,15,1003,460,543
13211,16,740,338,402
13211,17,477,204,273
13211,18,374,143,231
13213,0,39921,19623,20298
13213,1,2589,1310,1279
13213,2,2564,1352,1212
13213,3,2973,1526,1447
13213,4,2712,1371,1341
13213,5,2406,1198,1208
13213,6,2732,1371,1361
13213,7,2324,1140,1184
13213,8,2441,1155,1286
13213,9,2445,1180,1265
13213,10,2831,1380,1451
13213,11,2904,1463,1441
13213,12,2764,1418,1346
13213,13,2305,1123,1182
13213,14,1936,914,1022
13213,15,1714,792,922
13213,16,1145,493,652
13213,17,657,261,396
13213,18,479,176,303
13215,0,194160,94349,99811
13215,1,13858,7044,6814
13215,2,13775,7048,6727
13215,3,13095,6696,6399
13215,4,12648,6644,6004
13215,5,13720,7296,6424
13215,6,16676,8560,8116
13215,7,14867,7422,7445
13215,8,13204,6495,6709
13215,9,11252,5315,5937
13215,10,11204,5383,5821
13215,11,11164,5262,5902
13215,12,11772,5497,6275
13215,13,10921,5123,5798
13215,14,8516,3816,4700
13215,15,6686,2858,3828
13215,16,4520,1790,2730
13215,17,3073,1109,1964
13215,18,3209,991,2218
13217,0,109541,51731,57810
13217,1,7010,3678,3332
13217,2,7542,3743,3799
13217,3,8633,4446,4187
13217,4,8617,4358,4259
13217,5,7205,3513,3692
13217,6,7164,3534,3630
13217,7,6589,3059,3530
13217,8,6888,3067,3821
13217,9,7204,3225,3979
13217,10,8033,3621,4412
13217,11,7612,3559,4053
13217,12,7060,3305,3755
13217,13,5723,2553,3170
13217,14,4977,2198,2779
13217,15,4002,1790,2212
13217,16,2485,1053,1432
13217,17,1461,628,833
13217,18,1336,401,935
13219,0,39272,19271,20001
13219,1,2183,1073,1110
13219,2,2895,1533,1362
13219,3,3318,1683,1635
13219,4,3122,1614,1508
13219,5,2086,1105,981
13219,6,1627,794,833
13219,7,1949,903,1046
13219,8,2585,1183,1402
13219,9,2762,1321,1441
13219,10,3076,1499,1577
13219,11,2693,1305,1388
13219,12,2591,1264,1327
13219,13,2430,1198,1232
13219,14,2032,971,1061
13219,15,1632,801,831
13219,16,1061,527,534
13219,17,630,259,371
13219,18,600,238,362
13221,0,15054,7439,7615
13221,1,793,398,395
13221,2,868,446,422
13221,3,912,461,451
13221,4,891,463,428
13221,5,822,427,395
13221,6,971,497,474
13221,7,898,452,446
13221,8,895,435,460
13221,9,828,430,398
13221,10,1061,482,579
13221,11,1082,562,520
13221,12,1131,584,547
13221,13,1064,507,557
13221,14,875,437,438
13221,15,774,365,409
13221,16,562,245,317
13221,17,337,152,185
13221,18,290,96,194
13223,0,164044,79857,84187
13223,1,10306,5260,5046
13223,2,11594,5891,5703
13223,3,12998,6540,6458
13223,4,12034,6118,5916
13223,5,9851,4989,4862
13223,6,11390,5615,5775
13223,7,10948,5240,5708
13223,8,11513,5532,5981
13223,9,11801,5599,6202
13223,10,13378,6513,6865
13223,11,12110,5986,6124
13223,12,10417,5158,5259
13223,13,8310,3960,4350
13223,14,6293,2811,3482
13223,15,4919,2222,2697
13223,16,3116,1312,1804
13223,17,1724,682,1042
13223,18,1342,429,913
13225,0,27297,13158,14139
13225,1,1532,742,790
13225,2,1582,807,775
13225,3,1610,826,784
13225,4,2381,1142,1239
13225,5,2463,1256,1207
13225,6,1808,876,932
13225,7,1571,781,790
13225,8,1558,767,791
13225,9,1367,641,726
13225,10,1551,747,804
13225,11,1734,834,900
13225,12,1999,1001,998
13225,13,1774,844,930
13225,14,1482,686,796
13225,15,1141,500,641
13225,16,834,378,456
13225,17,509,179,330
13225,18,401,151,250
13227,0,31980,15696,16284
13227,1,1619,803,816
13227,2,1686,877,809
13227,3,1904,956,948
13227,4,1900,993,907
13227,5,1587,781,806
13227,6,1912,994,918
13227,7,1678,807,871
13227,8,1717,861,856
13227,9,1808,847,961
13227,10,2057,1061,996
13227,11,2218,1114,1104
13227,12,2460,1169,1291
13227,13,2430,1127,1303
13227,14,2408,1140,1268
13227,15,2005,990,1015
13227,16,1321,643,678
13227,17,711,319,392
13227,18,559,214,345
13229,0,19389,9586,9803
13229,1,1244,615,629
13229,2,1295,682,613
13229,3,1423,715,708
13229,4,1282,702,580
13229,5,1094,551,543
13229,6,1183,599,584
13229,7,1091,551,540
13229,8,1240,580,660
13229,9,1210,603,607
13229,10,1334,670,664
13229,11,1249,623,626
13229,12,1288,655,633
13229,13,1154,548,606
13229,14,1060,483,577
13229,15,927,444,483
13229,16,662,292,370
13229,17,349,162,187
13229,18,304,111,193
13231,0,18634,9164,9470
13231,1,990,521,469
13231,2,1119,593,526
13231,3,1333,679,654
13231,4,1381,706,675
13231,5,1076,541,535
13231,6,1069,511,558
13231,7,1101,524,577
13231,8,1098,527,571
13231,9,1250,588,662
13231,10,1416,697,719
13231,11,1391,698,693
13231,12,1299,678,621
13231,13,1142,539,603
13231,14,944,458,486
13231,15,816,389,427
13231,16,590,267,323
13231,17,339,166,173
13231,18,280,82,198
13233,0,42470,20992,21478
13233,1,2884,1520,1364
13233,2,2886,1410,1476
13233,3,3157,1607,1550
13233,4,2849,1501,1348
13233,5,2556,1354,1202
13233,6,2932,1507,1425
13233,7,2868,1466,1402
13233,8,2692,1399,1293
13233,9,2427,1178,1249
13233,10,2625,1299,1326
13233,11,2693,1351,1342
13233,12,2818,1348,1470
13233,13,2508,1167,1341
13233,14,2084,984,1100
13233,15,1814,813,1001
13233,16,1270,576,694
13233,17,753,292,461
13233,18,654,220,434
13235,0,11069,4774,6295
13235,1,441,234,207
13235,2,561,273,288
13235,3,639,322,317
13235,4,582,301,281
13235,5,637,267,370
13235,6,675,252,423
13235,7,654,209,445
13235,8,654,239,415
13235,9,664,266,398
13235,10,765,298,467
13235,11,762,325,437
13235,12,765,336,429
13235,13,767,337,430
13235,14,752,353,399
13235,15,649,317,332
13235,16,495,202,293
13235,17,337,157,180
13235,18,270,86,184
13237,0,21809,10643,11166
13237,1,1100,542,558
13237,2,1204,601,603
13237,3,1277,625,652
13237,4,1197,636,561
13237,5,1044,512,532
13237,6,1165,581,584
13237,7,1168,548,620
13237,8,1166,576,590
13237,9,1025,493,532
13237,10,1318,633,685
13237,11,1428,705,723
13237,12,1700,846,854
13237,13,1771,812,959
13237,14,1777,838,939
13237,15,1467,734,733
13237,16,980,489,491
13237,17,586,286,300
13237,18,436,186,250
13239,0,2279,1090,1189
13239,1,118,54,64
13239,2,96,50,46
13239,3,107,53,54
13239,4,130,63,67
13239,5,80,45,35
13239,6,93,51,42
13239,7,109,58,51
13239,8,80,35,45
13239,9,97,43,54
13239,10,120,66,54
13239,11,148,62,86
13239,12,156,72,84
13239,13,234,112,122
13239,14,212,107,105
13239,15,198,82,116
13239,16,135,67,68
13239,17,92,38,54
13239,18,74,32,42
13241,0,16867,8295,8572
13241,1,721,367,354
13241,2,721,379,342
13241,3,805,388,417
13241,4,935,489,446
13241,5,824,456,368
13241,6,903,431,472
13241,7,813,425,388
13241,8,793,388,405
13241,9,886,424,462
13241,10,1063,516,547
13241,11,1068,542,526
13241,12,1266,624,642
13241,13,1406,691,715
13241,14,1404,679,725
13241,15,1365,650,715
13241,16,910,431,479
13241,17,538,251,287
13241,18,446,164,282
13243,0,6833,3157,3676
13243,1,386,188,198
13243,2,391,201,190
13243,3,412,220,192
13243,4,414,211,203
13243,5,396,193,203
13243,6,399,189,210
13243,7,327,139,188
13243,8,375,160,215
13243,9,293,149,144
13243,10,326,139,187
13243,11,411,187,224
13243,12,512,222,290
13243,13,559,284,275
13243,14,479,220,259
13243,15,400,172,228
13243,16,312,139,173
13243,17,166,71,95
13243,18,275,73,202
13245,0,201554,97624,103930
13245,1,13538,7007,6531
13245,2,12753,6519,6234
13245,3,12349,6334,6015
13245,4,13917,7500,6417
13245,5,16325,8839,7486
13245,6,18582,9394,9188
13245,7,14888,7255,7633
13245,8,12675,6070,6605
13245,9,10638,5003,5635
13245,10,10770,4972,5798
13245,11,11607,5400,6207
13245,12,12922,5885,7037
13245,13,12248,5604,6644
13245,14,10021,4387,5634
13245,15,7226,3187,4039
13245,16,4906,2042,2864
13245,17,3174,1236,1938
13245,18,3015,990,2025
13247,0,90594,42596,47998
13247,1,5295,2644,2651
13247,2,5961,3046,2915
13247,3,6843,3472,3371
13247,4,6759,3386,3373
13247,5,5672,2860,2812
13247,6,5791,2771,3020
13247,7,5024,2281,2743
13247,8,5377,2330,3047
13247,9,5457,2358,3099
13247,10,6314,2848,3466
13247,11,6519,2978,3541
13247,12,6633,3094,3539
13247,13,5890,2799,3091
13247,14,4723,2133,2590
13247,15,3570,1602,1968
13247,16,2231,1001,1230
13247,17,1285,534,751
13247,18,1250,459,791
13249,0,5236,2484,2752
13249,1,267,145,122
13249,2,329,159,170
13249,3,450,217,233
13249,4,397,206,191
13249,5,264,124,140
13249,6,276,134,142
13249,7,264,116,148
13249,8,279,124,155
13249,9,335,153,182
13249,10,458,197,261
13249,11,380,197,183
13249,12,355,172,183
13249,13,285,136,149
13249,14,259,126,133
13249,15,259,112,147
13249,16,195,100,95
13249,17,96,37,59
13249,18,88,29,59
13251,0,13938,6902,7036
13251,1,833,446,387
13251,2,819,454,365
13251,3,738,395,343
13251,4,809,472,337
13251,5,813,415,398
13251,6,1009,485,524
13251,7,802,403,399
13251,8,759,370,389
13251,9,786,392,394
13251,10,847,423,424
13251,11,961,451,510
13251,12,1070,514,556
13251,13,1070,506,564
13251,14,931,453,478
13251,15,669,309,360
13251,16,477,193,284
13251,17,291,128,163
13251,18,254,93,161
13253,0,8315,3981,4334
13253,1,443,223,220
13253,2,474,242,232
13253,3,508,262,246
13253,4,484,240,244
13253,5,467,248,219
13253,6,463,215,248
13253,7,396,200,196
13253,8,439,216,223
13253,9,420,186,234
13253,10,495,241,254
13253,11,547,250,297
13253,12,617,273,344
13253,13,644,302,342
13253,14,565,282,283
13253,15,518,262,256
13253,16,376,163,213
13253,17,210,93,117
13253,18,249,83,166
13255,0,66100,31749,34351
13255,1,4163,2141,2022
13255,2,4310,2209,2101
13255,3,4526,2304,2222
13255,4,4010,2011,1999
13255,5,3807,1975,1832
13255,6,4950,2456,2494
13255,7,4079,1926,2153
13255,8,4042,1938,2104
13255,9,3664,1759,1905
13255,10,4059,1906,2153
13255,11,4194,2043,2151
13255,12,4229,2000,2229
13255,13,4264,1984,2280
13255,14,3782,1709,2073
13255,15,3319,1494,1825
13255,16,2170,961,1209
13255,17,1346,536,810
13255,18,1186,397,789
13257,0,26035,12508,13527
13257,1,1584,790,794
13257,2,1521,750,771
13257,3,1692,862,830
13257,4,1796,911,885
13257,5,1890,911,979
13257,6,1645,811,834
13257,7,1328,635,693
13257,8,1406,672,734
13257,9,1371,637,734
13257,10,1548,743,805
13257,11,1661,841,820
13257,12,1757,842,915
13257,13,1784,807,977
13257,14,1647,791,856
13257,15,1411,670,741
13257,16,983,431,552
13257,17,574,253,321
13257,18,437,151,286
13259,0,6199,4094,2105
13259,1,203,93,110
13259,2,229,121,108
13259,3,202,108,94
13259,4,254,172,82
13259,5,719,602,117
13259,6,783,648,135
13259,7,643,526,117
13259,8,509,406,103
13259,9,358,244,114
13259,10,296,195,101
13259,11,386,240,146
13259,12,318,165,153
13259,13,335,163,172
13259,14,305,137,168
13259,15,228,115,113
13259,16,170,64,106
13259,17,107,34,73
13259,18,154,61,93
13261,0,29733,13967,15766
13261,1,1799,854,945
13261,2,1878,947,931
13261,3,1947,958,989
13261,4,2314,1155,1159
13261,5,3002,1424,1578
13261,6,1949,992,957
13261,7,1584,789,795
13261,8,1656,782,874
13261,9,1513,702,811
13261,10,1679,778,901
13261,11,1868,863,1005
13261,12,1851,831,1020
13261,13,1714,786,928
13261,14,1655,718,937
13261,15,1376,626,750
13261,16,846,373,473
13261,17,571,218,353
13261,18,531,171,360
13263,0,6272,3002,3270
13263,1,257,141,116
13263,2,267,127,140
13263,3,309,154,155
13263,4,308,137,171
13263,5,281,138,143
13263,6,378,180,198
13263,7,284,139,145
13263,8,317,164,153
13263,9,295,165,130
13263,10,379,183,196
13263,11,478,206,272
13263,12,592,292,300
13263,13,598,269,329
13263,14,542,278,264
13263,15,399,196,203
13263,16,297,123,174
13263,17,157,69,88
13263,18,134,41,93
13265,0,1608,796,812
13265,1,66,33,33
13265,2,91,50,41
13265,3,73,33,40
13265,4,65,36,29
13265,5,81,43,38
13265,6,89,46,43
13265,7,84,45,39
13265,8,80,39,41
13265,9,95,61,34
13265,10,84,42,42
13265,11,123,54,69
13265,12,130,69,61
13265,13,124,61,63
13265,14,130,59,71
13265,15,110,57,53
13265,16,70,42,28
13265,17,44,14,30
13265,18,69,12,57
13267,0,25391,14640,10751
13267,1,1279,658,621
13267,2,1527,800,727
13267,3,1476,762,714
13267,4,1424,783,641
13267,5,1828,1243,585
13267,6,2135,1468,667
13267,7,1991,1353,638
13267,8,1825,1183,642
13267,9,1722,1081,641
13267,10,1785,1122,663
13267,11,1712,1006,706
13267,12,1592,865,727
13267,13,1466,731,735
13267,14,1214,576,638
13267,15,958,453,505
13267,16,676,288,388
13267,17,452,173,279
13267,18,329,95,234
13269,0,8039,3842,4197
13269,1,402,202,200
13269,2,447,213,234
13269,3,478,242,236
13269,4,467,248,219
13269,5,426,206,220
13269,6,565,277,288
13269,7,378,187,191
13269,8,415,218,197
13269,9,475,228,247
13269,10,577,280,297
13269,11,549,274,275
13269,12,628,302,326
13269,13,606,276,330
13269,14,522,232,290
13269,15,424,179,245
13269,16,331,146,185
13269,17,173,71,102
13269,18,176,61,115
13271,0,15876,9284,6592
13271,1,626,318,308
13271,2,647,312,335
13271,3,776,398,378
13271,4,788,425,363
13271,5,915,598,317
13271,6,1146,783,363
13271,7,1313,942,371
13271,8,1268,928,340
13271,9,1187,801,386
13271,10,1142,741,401
13271,11,1071,616,455
13271,12,1061,593,468
13271,13,1063,571,492
13271,14,879,429,450
13271,15,709,332,377
13271,16,519,230,289
13271,17,338,130,208
13271,18,428,137,291
13273,0,8611,4122,4489
13273,1,507,251,256
13273,2,554,291,263
13273,3,591,289,302
13273,4,526,281,245
13273,5,493,265,228
13273,6,612,304,308
13273,7,478,259,219
13273,8,489,232,257
13273,9,403,207,196
13273,10,444,208,236
13273,11,573,259,314
13273,12,622,292,330
13273,13,611,275,336
13273,14,534,240,294
13273,15,445,192,253
13273,16,318,132,186
13273,17,232,94,138
13273,18,179,51,128
13275,0,44448,21047,23401
13275,1,2789,1417,1372
13275,2,2943,1525,1418
13275,3,3063,1565,1498
13275,4,2763,1391,1372
13275,5,2515,1228,1287
13275,6,2702,1246,1456
13275,7,2602,1181,1421
13275,8,2713,1332,1381
13275,9,2429,1131,1298
13275,10,2797,1315,1482
13275,11,2969,1430,1539
13275,12,3114,1454,1660
13275,13,2918,1385,1533
13275,14,2594,1165,1429
13275,15,2121,876,1245
13275,16,1552,696,856
13275,17,979,407,572
13275,18,885,303,582
13277,0,40571,19622,20949
13277,1,2787,1500,1287
13277,2,2798,1427,1371
13277,3,2852,1431,1421
13277,4,3147,1548,1599
13277,5,2878,1418,1460
13277,6,2788,1404,1384
13277,7,2677,1305,1372
13277,8,2578,1268,1310
13277,9,2349,1157,1192
13277,10,2407,1149,1258
13277,11,2457,1219,1238
13277,12,2418,1156,1262
13277,13,2398,1103,1295
13277,14,1859,828,1031
13277,15,1602,715,887
13277,16,1180,508,672
13277,17,708,278,430
13277,18,688,208,480
13279,0,26887,12781,14106
13279,1,1916,995,921
13279,2,1910,966,944
13279,3,2119,1120,999
13279,4,1838,942,896
13279,5,1610,797,813
13279,6,1685,789,896
13279,7,1691,766,925
13279,8,1640,822,818
13279,9,1517,692,825
13279,10,1630,761,869
13279,11,1641,749,892
13279,12,1673,788,885
13279,13,1618,767,851
13279,14,1390,643,747
13279,15,1159,529,630
13279,16,821,328,493
13279,17,531,189,342
13279,18,498,138,360
13281,0,11852,5658,6194
13281,1,427,215,212
13281,2,379,200,179
13281,3,426,222,204
13281,4,1099,514,585
13281,5,793,409,384
13281,6,462,254,208
13281,7,412,197,215
13281,8,393,197,196
13281,9,453,216,237
13281,10,561,273,288
13281,11,626,307,319
13281,12,766,355,411
13281,13,962,429,533
13281,14,1130,506,624
13281,15,1095,541,554
13281,16,845,377,468
13281,17,550,257,293
13281,18,473,189,284
13283,0,6809,3386,3423
13283,1,399,185,214
13283,2,432,211,221
13283,3,454,220,234
13283,4,420,209,211
13283,5,466,309,157
13283,6,464,254,210
13283,7,416,208,208
13283,8,456,219,237
13283,9,360,195,165
13283,10,402,211,191
13283,11,395,213,182
13283,12,425,203,222
13283,13,465,220,245
13283,14,410,208,202
13283,15,310,134,176
13283,16,211,84,127
13283,17,168,53,115
13283,18,156,50,106
13285,0,70034,33785,36249
13285,1,4479,2365,2114
13285,2,4579,2355,2224
13285,3,4993,2518,2475
13285,4,4797,2471,2326
13285,5,4818,2461,2357
13285,6,5107,2487,2620
13285,7,4604,2169,2435
13285,8,4451,2187,2264
13285,9,4036,1862,2174
13285,10,4433,2080,2353
13285,11,4564,2226,2338
13285,12,4526,2155,2371
13285,13,4253,2006,2247
13285,14,3429,1569,1860
13285,15,2762,1266,1496
13285,16,1770,793,977
13285,17,1156,428,728
13285,18,1277,387,890
13287,0,7912,3844,4068
13287,1,564,274,290
13287,2,487,248,239
13287,3,563,287,276
13287,4,488,244,244
13287,5,534,300,234
13287,6,506,282,224
13287,7,499,263,236
13287,8,427,215,212
13287,9,426,222,204
13287,10,422,200,222
13287,11,486,214,272
13287,12,490,231,259
13287,13,448,208,240
13287,14,464,219,245
13287,15,427,177,250
13287,16,289,114,175
13287,17,196,87,109
13287,18,196,59,137
13289,0,8188,4017,4171
13289,1,428,200,228
13289,2,421,208,213
13289,3,461,246,215
13289,4,402,204,198
13289,5,376,196,180
13289,6,486,243,243
13289,7,460,241,219
13289,8,420,221,199
13289,9,413,215,198
13289,10,473,232,241
13289,11,607,308,299
13289,12,693,343,350
13289,13,686,316,370
13289,14,604,303,301
13289,15,541,240,301
13289,16,362,169,193
13289,17,222,87,135
13289,18,133,45,88
13291,0,24001,11619,12382
13291,1,894,459,435
13291,2,950,473,477
13291,3,1237,627,610
13291,4,1133,597,536
13291,5,1041,561,480
13291,6,1020,508,512
13291,7,946,469,477
13291,8,1028,510,518
13291,9,1031,488,543
13291,10,1217,584,633
13291,11,1457,664,793
13291,12,1956,938,1018
13291,13,2168,1003,1165
13291,14,2441,1153,1288
13291,15,2215,1076,1139
13291,16,1540,764,776
13291,17,926,434,492
13291,18,801,311,490
13293,0,26215,12447,13768
13293,1,1637,836,801
13293,2,1621,784,837
13293,3,1593,771,822
13293,4,1568,804,764
13293,5,1544,761,783
13293,6,1776,864,912
13293,7,1388,679,709
13293,8,1458,678,780
13293,9,1523,728,795
13293,10,1700,824,876
13293,11,1770,841,929
13293,12,1975,923,1052
13293,13,1819,854,965
13293,14,1557,738,819
13293,15,1246,570,676
13293,16,939,400,539
13293,17,581,222,359
13293,18,520,170,350
13295,0,69410,34154,35256
13295,1,3904,2010,1894
13295,2,4047,2077,1970
13295,3,4344,2265,2079
13295,4,4289,2270,2019
13295,5,3834,2014,1820
13295,6,4332,2210,2122
13295,7,4054,1998,2056
13295,8,4273,2067,2206
13295,9,4404,2179,2225
13295,10,4704,2364,2340
13295,11,4600,2314,2286
13295,12,4852,2403,2449
13295,13,4897,2364,2533
13295,14,3950,1799,2151
13295,15,3393,1562,1831
13295,16,2527,1096,1431
13295,17,1534,645,889
13295,18,1472,517,955
13297,0,93503,45507,47996
13297,1,5667,2933,2734
13297,2,6091,3129,2962
13297,3,6994,3545,3449
13297,4,6658,3445,3213
13297,5,5494,2795,2699
13297,6,5992,2949,3043
13297,7,5553,2665,2888
13297,8,5745,2639,3106
13297,9,5814,2792,3022
13297,10,6641,3193,3448
13297,11,6693,3242,3451
13297,12,6270,3133,3137
13297,13,5403,2577,2826
13297,14,4716,2200,2516
13297,15,3927,1858,2069
13297,16,2820,1282,1538
13297,17,1572,647,925
13297,18,1453,483,970
13299,0,35680,17853,17827
13299,1,2436,1248,1188
13299,2,2407,1259,1148
13299,3,2436,1238,1198
13299,4,2100,1077,1023
13299,5,2188,1262,926
13299,6,2616,1448,1168
13299,7,2253,1201,1052
13299,8,2193,1127,1066
13299,9,1956,1005,951
13299,10,2224,1173,1051
13299,11,2181,1074,1107
13299,12,2292,1116,1176
13299,13,2231,1085,1146
13299,14,1978,890,1088
13299,15,1514,662,852
13299,16,1098,457,641
13299,17,726,283,443
13299,18,851,248,603
13301,0,5251,2488,2763
13301,1,267,130,137
13301,2,283,137,146
13301,3,318,154,164
13301,4,283,144,139
13301,5,282,146,136
13301,6,332,173,159
13301,7,249,114,135
13301,8,264,130,134
13301,9,258,131,127
13301,10,317,145,172
13301,11,372,171,201
13301,12,401,196,205
13301,13,434,209,225
13301,14,357,160,197
13301,15,307,131,176
13301,16,235,109,126
13301,17,138,68,70
13301,18,154,40,114
13303,0,20386,10399,9987
13303,1,1155,578,577
13303,2,1226,657,569
13303,3,1294,632,662
13303,4,1160,632,528
13303,5,1279,747,532
13303,6,1463,844,619
13303,7,1268,733,535
13303,8,1287,693,594
13303,9,1135,631,504
13303,10,1247,685,562
13303,11,1425,708,717
13303,12,1569,775,794
13303,13,1338,627,711
13303,14,1153,523,630
13303,15,878,413,465
13303,16,638,253,385
13303,17,432,156,276
13303,18,439,112,327
13305,0,29808,15284,14524
13305,1,1928,1010,918
13305,2,1975,999,976
13305,3,2119,1094,1025
13305,4,1875,957,918
13305,5,1674,913,761
13305,6,2053,1113,940
13305,7,1948,1032,916
13305,8,1969,1059,910
13305,9,1845,1036,809
13305,10,1984,1059,925
13305,11,1945,987,958
13305,12,1965,980,985
13305,13,1806,879,927
13305,14,1553,765,788
13305,15,1312,604,708
13305,16,862,364,498
13305,17,528,236,292
13305,18,467,197,270
13307,0,2611,1303,1308
13307,1,121,71,50
13307,2,117,57,60
13307,3,157,69,88
13307,4,172,78,94
13307,5,151,82,69
13307,6,134,67,67
13307,7,110,64,46
13307,8,115,49,66
13307,9,129,66,63
13307,10,180,92,88
13307,11,222,114,108
13307,12,184,87,97
13307,13,202,90,112
13307,14,186,95,91
13307,15,154,80,74
13307,16,111,55,56
13307,17,73,39,34
13307,18,93,48,45
13309,0,7879,5095,2784
13309,1,354,173,181
13309,2,353,171,182
13309,3,393,203,190
13309,4,401,228,173
13309,5,620,488,132
13309,6,735,587,148
13309,7,669,529,140
13309,8,552,406,146
13309,9,616,466,150
13309,10,630,482,148
13309,11,511,337,174
13309,12,488,288,200
13309,13,405,199,206
13309,14,363,177,186
13309,15,306,155,151
13309,16,218,100,118
13309,17,123,60,63
13309,18,142,46,96
13311,0,29970,14619,15351
13311,1,1394,672,722
13311,2,1595,802,793
13311,3,1854,963,891
13311,4,1901,967,934
13311,5,1841,969,872
13311,6,1690,860,830
13311,7,1430,718,712
13311,8,1480,744,736
13311,9,1626,772,854
13311,10,1908,945,963
13311,11,1965,953,1012
13311,12,2241,1049,1192
13311,13,2155,1048,1107
13311,14,2117,939,1178
13311,15,1934,931,1003
13311,16,1389,642,747
13311,17,814,384,430
13311,18,636,261,375
13313,0,104062,51848,52214
13313,1,6798,3408,3390
13313,2,7296,3751,3545
13313,3,8025,4118,3907
13313,4,7515,3914,3601
13313,5,6863,3527,3336
13313,6,7327,3846,3481
13313,7,6619,3368,3251
13313,8,6666,3374,3292
13313,9,6425,3199,3226
13313,10,7056,3496,3560
13313,11,6866,3432,3434
13313,12,6413,3171,3242
13313,13,5573,2702,2871
13313,14,4624,2192,2432
13313,15,3775,1788,1987
13313,16,2788,1279,1509
13313,17,1792,731,1061
13313,18,1641,552,1089
13315,0,8812,5264,3548
13315,1,482,245,237
13315,2,451,254,197
13315,3,473,257,216
13315,4,448,241,207
13315,5,592,401,191
13315,6,664,460,204
13315,7,654,460,194
13315,8,619,425,194
13315,9,601,424,177
13315,10,607,411,196
13315,11,579,360,219
13315,12,529,305,224
13315,13,522,284,238
13315,14,463,238,225
13315,15,410,192,218
13315,16,309,146,163
13315,17,205,97,108
13315,18,204,64,140
13317,0,9876,4741,5135
13317,1,511,272,239
13317,2,598,326,272
13317,3,628,324,304
13317,4,573,267,306
13317,5,507,269,238
13317,6,552,287,265
13317,7,492,253,239
13317,8,496,222,274
13317,9,485,226,259
13317,10,578,285,293
13317,11,676,343,333
13317,12,731,337,394
13317,13,767,355,412
13317,14,609,255,354
13317,15,611,290,321
13317,16,451,214,237
13317,17,306,122,184
13317,18,305,94,211
13319,0,9036,4323,4713
13319,1,506,267,239
13319,2,575,281,294
13319,3,612,311,301
13319,4,563,271,292
13319,5,490,249,241
13319,6,495,228,267
13319,7,495,244,251
13319,8,543,267,276
13319,9,434,216,218
13319,10,523,229,294
13319,11,629,319,310
13319,12,698,357,341
13319,13,722,346,376
13319,14,523,248,275
13319,15,428,187,241
13319,16,365,151,214
13319,17,243,91,152
13319,18,192,61,131
13321,0,20299,9752,10547
13321,1,1181,591,590
13321,2,1254,623,631
13321,3,1311,664,647
13321,4,1221,613,608
13321,5,1134,565,569
13321,6,1309,655,654
13321,7,1186,573,613
13321,8,1097,520,577
13321,9,1077,514,563
13321,10,1290,602,688
13321,11,1393,667,726
13321,12,1556,763,793
13321,13,1418,707,711
13321,14,1246,589,657
13321,15,1063,477,586
13321,16,763,328,435
13321,17,428,188,240
13321,18,372,113,259
15001,0,200983,99602,101381
15001,1,11890,6084,5806
15001,2,12621,6398,6223
15001,3,12109,6206,5903
15001,4,11047,5628,5419
15001,5,10039,5005,5034
15001,6,11769,5857,5912
15001,7,12178,6032,6146
15001,8,12579,6258,6321
15001,9,11429,5664,5765
15001,10,11531,5676,5855
15001,11,11771,5789,5982
15001,12,13939,6745,7194
15001,13,16049,7810,8239
15001,14,15611,7843,7768
15001,15,11114,5756,5358
15001,16,6284,3177,3107
15001,17,3953,1778,2175
15001,18,5070,1896,3174
15003,0,980080,492574,487506
15003,1,61601,31629,29972
15003,2,59369,30388,28981
15003,3,55318,28437,26881
15003,4,53103,27568,25535
15003,5,69305,39387,29918
15003,6,77917,41886,36031
15003,7,71217,37063,34154
15003,8,67535,34442,33093
15003,9,57545,29160,28385
15003,10,58804,29705,29099
15003,11,57891,28861,29030
15003,12,59813,29820,29993
15003,13,56869,27530,29339
15003,14,51002,24201,26801
15003,15,43423,20296,23127
15003,16,28897,13062,15835
15003,17,20319,8458,11861
15003,18,30152,10681,19471
15005,0,88,41,47
15005,1,0,0,0
15005,2,0,0,0
15005,3,0,0,0
15005,4,0,0,0
15005,5,0,0,0
15005,6,0,0,0
15005,7,7,4,3
15005,8,4,2,2
15005,9,3,1,2
15005,10,6,3,3
15005,11,10,8,2
15005,12,8,5,3
15005,13,13,7,6
15005,14,11,7,4
15005,15,2,0,2
15005,16,4,1,3
15005,17,6,0,6
15005,18,14,3,11
15007,0,72133,35607,36526
15007,1,4375,2199,2176
15007,2,4521,2340,2181
15007,3,4348,2251,2097
15007,4,3850,1961,1889
15007,5,3517,1779,1738
15007,6,4318,2178,2140
15007,7,4441,2253,2188
15007,8,4841,2396,2445
15007,9,4218,2067,2151
15007,10,4442,2254,2188
15007,11,4464,2179,2285
15007,12,5005,2506,2499
15007,13,5254,2547,2707
15007,14,5120,2547,2573
15007,15,3748,1829,1919
15007,16,2292,1072,1220
15007,17,1346,553,793
15007,18,2033,696,1337
15009,0,167207,83178,84029
15009,1,9838,5093,4745
15009,2,10358,5455,4903
15009,3,10179,5121,5058
15009,4,9179,4677,4502
15009,5,8090,3989,4101
15009,6,9973,5016,4957
15009,7,11186,5545,5641
15009,8,11837,5967,5870
15009,9,10519,5300,5219
15009,10,10722,5480,5242
15009,11,10983,5411,5572
15009,12,12042,5985,6057
15009,13,11735,5757,5978
15009,14,10748,5334,5414
15009,15,8154,4016,4138
15009,16,4918,2358,2560
15009,17,2971,1290,1681
15009,18,3775,1384,2391
16001,0,469966,235266,234700
16001,1,27274,13921,13353
16001,2,30425,15334,15091
16001,3,34003,17349,16654
16001,4,32409,16738,15671
16001,5,28173,14818,13355
16001,6,33646,17320,16326
16001,7,33633,17219,16414
16001,8,34897,17789,17108
16001,9,31340,15923,15417
16001,10,31244,16020,15224
16001,11,28515,14329,14186
16001,12,29299,14379,14920
16001,13,27316,13021,14295
16001,14,23749,11247,12502
16001,15,18278,8813,9465
16001,16,11517,5268,6249
16001,17,7059,3047,4012
16001,18,7189,2731,4458
16003,0,4250,2211,2039
16003,1,169,85,84
16003,2,227,142,85
16003,3,226,118,108
16003,4,195,102,93
16003,5,132,67,65
16003,6,183,102,81
16003,7,176,91,85
16003,8,186,98,88
16003,9,198,94,104
16003,10,213,116,97
16003,11,221,103,118
16003,12,382,167,215
16003,13,521,270,251
16003,14,456,246,210
16003,15,315,178,137
16003,16,227,121,106
16003,17,123,71,52
16003,18,100,40,60
16005,0,87138,43328,43810
16005,1,6205,3101,3104
16005,2,6245,3204,3041
16005,3,6497,3306,3191
16005,4,6668,3463,3205
16005,5,6248,3248,3000
16005,6,6748,3395,3353
16005,7,6165,3109,3056
16005,8,6038,3014,3024
16005,9,5049,2526,2523
16005,10,4577,2227,2350
16005,11,4248,2094,2154
16005,12,4956,2401,2555
16005,13,5094,2429,2665
16005,14,4340,2147,2193
16005,15,3280,1592,1688
16005,16,2094,985,1109
16005,17,1370,578,792
16005,18,1316,509,807
16007,0,6050,3017,3033
16007,1,405,216,189
16007,2,472,234,238
16007,3,442,210,232
16007,4,444,226,218
16007,5,282,137,145
16007,6,298,166,132
16007,7,344,168,176
16007,8,338,183,155
16007,9,334,154,180
16007,10,305,161,144
16007,11,308,139,169
16007,12,399,205,194
16007,13,431,221,210
16007,14,394,194,200
16007,15,336,174,162
16007,16,213,96,117
16007,17,155,61,94
16007,18,150,72,78
16009,0,9226,4718,4508
16009,1,526,284,242
16009,2,601,295,306
16009,3,597,333,264
16009,4,529,271,258
16009,5,412,221,191
16009,6,462,232,230
16009,7,436,211,225
16009,8,468,249,219
16009,9,473,243,230
16009,10,494,241,253
16009,11,622,319,303
16009,12,702,348,354
16009,13,831,404,427
16009,14,698,356,342
16009,15,579,293,286
16009,16,413,231,182
16009,17,225,115,110
16009,18,158,72,86
16011,0,46236,23036,23200
16011,1,3453,1721,1732
16011,2,3993,1988,2005
16011,3,4354,2204,2150
16011,4,3663,1948,1715
16011,5,2637,1354,1283
16011,6,2786,1358,1428
16011,7,2806,1354,1452
16011,8,2989,1489,1500
16011,9,2761,1383,1378
16011,10,2402,1212,1190
16011,11,2334,1127,1207
16011,12,2740,1396,1344
16011,13,2723,1362,1361
16011,14,2237,1086,1151
16011,15,1650,804,846
16011,16,1186,587,599
16011,17,788,363,425
16011,18,734,300,434
16013,0,22601,11456,11145
16013,1,1085,556,529
16013,2,1304,686,618
16013,3,1604,861,743
16013,4,1485,742,743
16013,5,1078,563,515
16013,6,1107,634,473
16013,7,1214,637,577
16013,8,1394,707,687
16013,9,1409,721,688
16013,10,1498,735,763
16013,11,1556,779,777
16013,12,1761,795,966
16013,13,1671,835,836
16013,14,1610,789,821
16013,15,1207,585,622
16013,16,874,466,408
16013,17,410,214,196
16013,18,334,151,183
16015,0,7634,3975,3659
16015,1,275,152,123
16015,2,318,171,147
16015,3,406,226,180
16015,4,427,234,193
16015,5,251,122,129
16015,6,307,138,169
16015,7,307,168,139
16015,8,360,165,195
16015,9,401,197,204
16015,10,461,236,225
16015,11,558,256,302
16015,12,762,403,359
16015,13,882,439,443
16015,14,751,386,365
16015,15,564,334,230
16015,16,330,199,131
16015,17,144,85,59
16015,18,130,64,66
16017,0,44727,22306,22421
16017,1,2265,1095,1170
16017,2,2340,1162,1178
16017,3,2563,1358,1205
16017,4,2457,1241,1216
16017,5,1865,947,918
16017,6,2085,1060,1025
16017,7,2221,1116,1105
16017,8,2451,1211,1240
16017,9,2461,1212,1249
16017,10,2547,1254,1293
16017,11,2721,1329,1392
16017,12,3630,1743,1887
16017,13,4148,2015,2133
16017,14,4007,2043,1964
16017,15,2947,1582,1365
16017,16,2003,1016,987
16017,17,1044,524,520
16017,18,972,398,574
16019,0,116854,58375,58479
16019,1,9772,5089,4683
16019,2,10198,5147,5051
16019,3,10205,5269,4936
16019,4,8612,4373,4239
16019,5,7015,3544,3471
16019,6,8029,3953,4076
16019,7,7970,4015,3955
16019,8,8336,4231,4105
16019,9,6799,3388,3411
16019,10,6067,3056,3011
16019,11,5797,2978,2819
16019,12,6531,3267,3264
16019,13,5980,2878,3102
16019,14,5275,2535,2740
16019,15,3955,1907,2048
16019,16,2769,1227,1542
16019,17,1744,825,919
16019,18,1800,693,1107
16021,0,11948,6005,5943
16021,1,701,363,338
16021,2,754,400,354
16021,3,789,384,405
16021,4,797,409,388
16021,5,576,298,278
16021,6,506,266,240
16021,7,557,265,292
16021,8,673,337,336
16021,9,639,339,300
16021,10,714,333,381
16021,11,729,389,340
16021,12,874,414,460
16021,13,948,446,502
16021,14,973,501,472
16021,15,704,364,340
16021,16,485,260,225
16021,17,255,136,119
16021,18,274,101,173
16023,0,2611,1318,1293
16023,1,143,69,74
16023,2,178,89,89
16023,3,192,95,97
16023,4,167,82,85
16023,5,132,77,55
16023,6,112,52,60
16023,7,114,60,54
16023,8,139,69,70
16023,9,133,66,67
16023,10,133,75,58
16023,11,128,64,64
16023,12,196,91,105
16023,13,232,113,119
16023,14,189,94,95
16023,15,159,98,61
16023,16,121,66,55
16023,17,72,33,39
16023,18,71,25,46
16025,0,1127,570,557
16025,1,55,31,24
16025,2,77,40,37
16025,3,93,33,60
16025,4,57,22,35
16025,5,37,24,13
16025,6,35,20,15
16025,7,49,26,23
16025,8,76,34,42
16025,9,78,44,34
16025,10,67,33,34
16025,11,61,29,32
16025,12,88,44,44
16025,13,101,58,43
16025,14,91,45,46
16025,15,76,46,30
16025,16,43,26,17
16025,17,14,6,8
16025,18,29,9,20
16027,0,223499,110725,112774
16027,1,16732,8471,8261
16027,2,17518,8927,8591
16027,3,18726,9543,9183
16027,4,17059,8672,8387
16027,5,14681,7449,7232
16027,6,15544,7744,7800
16027,7,14583,7249,7334
16027,8,14622,7220,7402
16027,9,13802,6925,6877
16027,10,13358,6667,6691
16027,11,12185,6080,6105
16027,12,12422,6004,6418
16027,13,11505,5543,5962
16027,14,10391,4920,5471
16027,15,8491,4047,4444
16027,16,5679,2666,3013
16027,17,3203,1481,1722
16027,18,2998,1117,1881
16029,0,7060,3610,3450
16029,1,486,253,233
16029,2,579,321,258
16029,3,587,292,295
16029,4,538,281,257
16029,5,344,191,153
16029,6,360,176,184
16029,7,432,225,207
16029,8,480,244,236
16029,9,422,243,179
16029,10,351,181,170
16029,11,373,174,199
16029,12,433,221,212
16029,13,441,231,210
16029,14,406,203,203
16029,15,299,136,163
16029,16,241,119,122
16029,17,142,61,81
16029,18,146,58,88
16031,0,23864,12155,11709
16031,1,1882,969,913
16031,2,2094,1084,1010
16031,3,2257,1165,1092
16031,4,2001,1066,935
16031,5,1482,798,684
16031,6,1557,849,708
16031,7,1346,681,665
16031,8,1555,768,787
16031,9,1327,675,652
16031,10,1196,620,576
16031,11,1133,560,573
16031,12,1351,701,650
16031,13,1292,643,649
16031,14,1041,522,519
16031,15,855,424,431
16031,16,640,293,347
16031,17,438,197,241
16031,18,417,140,277
16033,0,852,432,420
16033,1,47,26,21
16033,2,50,30,20
16033,3,61,25,36
16033,4,78,32,46
16033,5,56,23,33
16033,6,40,21,19
16033,7,57,35,22
16033,8,52,24,28
16033,9,55,30,25
16033,10,49,25,24
16033,11,47,22,25
16033,12,48,24,24
16033,13,61,36,25
16033,14,48,28,20
16033,15,35,15,20
16033,16,24,12,12
16033,17,25,13,12
16033,18,19,11,8
16035,0,8758,4818,3940
16035,1,337,196,141
16035,2,359,183,176
16035,3,437,248,189
16035,4,448,258,190
16035,5,390,230,160
16035,6,489,319,170
16035,7,430,267,163
16035,8,489,276,213
16035,9,409,239,170
16035,10,537,310,227
16035,11,588,311,277
16035,12,765,374,391
16035,13,691,344,347
16035,14,760,426,334
16035,15,626,346,280
16035,16,439,243,196
16035,17,305,147,158
16035,18,259,101,158
16037,0,4280,2196,2084
16037,1,205,99,106
16037,2,182,95,87
16037,3,215,104,111
16037,4,213,116,97
16037,5,145,78,67
16037,6,184,91,93
16037,7,199,97,102
16037,8,210,115,95
16037,9,221,118,103
16037,10,232,121,111
16037,11,231,112,119
16037,12,388,181,207
16037,13,412,222,190
16037,14,449,244,205
16037,15,336,187,149
16037,16,234,125,109
16037,17,112,44,68
16037,18,112,47,65
16039,0,27259,14290,12969
16039,1,2287,1160,1127
16039,2,1903,1019,884
16039,3,1780,904,876
16039,4,1654,869,785
16039,5,2591,1570,1021
16039,6,2685,1518,1167
16039,7,1968,1058,910
16039,8,1649,877,772
16039,9,1339,684,655
16039,10,1240,630,610
16039,11,1384,673,711
16039,12,1623,847,776
16039,13,1482,706,776
16039,14,1215,626,589
16039,15,986,477,509
16039,16,671,331,340
16039,17,457,195,262
16039,18,345,146,199
16041,0,13726,7022,6704
16041,1,1017,532,485
16041,2,1174,604,570
16041,3,1354,728,626
16041,4,1239,658,581
16041,5,809,418,391
16041,6,748,378,370
16041,7,692,347,345
16041,8,875,424,451
16041,9,907,460,447
16041,10,714,379,335
16041,11,689,350,339
16041,12,812,405,407
16041,13,753,377,376
16041,14,610,310,300
16041,15,484,243,241
16041,16,365,168,197
16041,17,245,144,101
16041,18,239,97,142
16043,0,13168,6888,6280
16043,1,867,439,428
16043,2,824,423,401
16043,3,1014,511,503
16043,4,1052,595,457
16043,5,832,434,398
16043,6,780,427,353
16043,7,725,375,350
16043,8,823,440,383
16043,9,831,434,397
16043,10,732,388,344
16043,11,744,408,336
16043,12,842,445,397
16043,13,889,457,432
16043,14,709,365,344
16043,15,565,273,292
16043,16,465,236,229
16043,17,254,136,118
16043,18,220,102,118
16045,0,17634,8813,8821
16045,1,1052,555,497
16045,2,1081,537,544
16045,3,1157,626,531
16045,4,1127,609,518
16045,5,827,427,400
16045,6,956,484,472
16045,7,877,433,444
16045,8,984,462,522
16045,9,920,423,497
16045,10,948,477,471
16045,11,1165,588,577
16045,12,1315,614,701
16045,13,1362,681,681
16045,14,1217,606,611
16045,15,1030,501,529
16045,16,760,399,361
16045,17,462,230,232
16045,18,394,161,233
16047,0,15196,7736,7460
16047,1,1081,550,531
16047,2,1169,577,592
16047,3,1253,630,623
16047,4,1072,557,515
16047,5,883,486,397
16047,6,917,472,445
16047,7,830,427,403
16047,8,898,455,443
16047,9,842,466,376
16047,10,836,414,422
16047,11,868,459,409
16047,12,954,469,485
16047,13,966,492,474
16047,14,774,410,364
16047,15,682,323,359
16047,16,518,252,266
16047,17,291,138,153
16047,18,362,159,203
16049,0,16513,8664,7849
16049,1,776,408,368
16049,2,943,476,467
16049,3,936,485,451
16049,4,933,522,411
16049,5,763,478,285
16049,6,690,403,287
16049,7,735,381,354
16049,8,843,463,380
16049,9,768,395,373
16049,10,834,432,402
16049,11,918,462,456
16049,12,1293,633,660
16049,13,1475,712,763
16049,14,1479,793,686
16049,15,1243,659,584
16049,16,861,452,409
16049,17,523,276,247
16049,18,500,234,266
16051,0,29439,14952,14487
16051,1,2535,1320,1215
16051,2,2820,1408,1412
16051,3,3024,1506,1518
16051,4,2469,1275,1194
16051,5,1644,838,806
16051,6,1717,866,851
16051,7,1810,917,893
16051,8,2142,1064,1078
16051,9,1880,1031,849
16051,10,1477,722,755
16051,11,1433,762,671
16051,12,1632,843,789
16051,13,1471,751,720
16051,14,1207,619,588
16051,15,861,421,440
16051,16,599,310,289
16051,17,376,166,210
16051,18,342,133,209
16053,0,24015,12241,11774
16053,1,1996,1038,958
16053,2,2110,1055,1055
16053,3,2192,1083,1109
16053,4,1684,848,836
16053,5,1416,725,691
16053,6,1591,821,770
16053,7,1614,861,753
16053,8,1619,865,754
16053,9,1338,712,626
16053,10,1312,657,655
16053,11,1279,706,573
16053,12,1439,734,705
16053,13,1308,651,657
16053,14,1051,520,531
16053,15,794,387,407
16053,16,609,300,309
16053,17,359,159,200
16053,18,304,119,185
16055,0,161505,79774,81731
16055,1,9664,4981,4683
16055,2,10169,5225,4944
16055,3,10628,5500,5128
16055,4,9803,5082,4721
16055,5,8670,4540,4130
16055,6,10628,5303,5325
16055,7,10165,4988,5177
16055,8,10009,5006,5003
16055,9,9448,4697,4751
16055,10,9668,4848,4820
16055,11,9892,4752,5140
16055,12,11022,5332,5690
16055,13,11069,5216,5853
16055,14,10378,4867,5511
16055,15,8251,3959,4292
16055,16,5635,2709,2926
16055,17,3279,1566,1713
16055,18,3127,1203,1924
16057,0,40134,20398,19736
16057,1,2189,1077,1112
16057,2,2124,1092,1032
16057,3,2014,1014,1000
16057,4,3918,1961,1957
16057,5,6850,3707,3143
16057,6,3397,1870,1527
16057,7,2348,1174,1174
16057,8,2244,1124,1120
16057,9,1839,953,886
16057,10,1906,945,961
16057,11,1765,895,870
16057,12,2064,995,1069
16057,13,2070,1000,1070
16057,14,1922,954,968
16057,15,1382,692,690
16057,16,911,435,476
16057,17,579,286,293
16057,18,612,224,388
16059,0,7961,4030,3931
16059,1,394,204,190
16059,2,395,209,186
16059,3,420,227,193
16059,4,409,208,201
16059,5,296,164,132
16059,6,328,160,168
16059,7,366,176,190
16059,8,459,236,223
16059,9,333,163,170
16059,10,335,165,170
16059,11,435,207,228
16059,12,633,313,320
16059,13,749,359,390
16059,14,736,373,363
16059,15,644,351,293
16059,16,496,261,235
16059,17,255,130,125
16059,18,278,124,154
16061,0,3861,1963,1898
16061,1,196,109,87
16061,2,258,137,121
16061,3,265,134,131
16061,4,230,135,95
16061,5,150,75,75
16061,6,176,83,93
16061,7,168,79,89
16061,8,202,106,96
16061,9,153,76,77
16061,10,187,80,107
16061,11,217,94,123
16061,12,312,160,152
16061,13,329,175,154
16061,14,308,161,147
16061,15,260,134,126
16061,16,199,107,92
16061,17,133,67,66
16061,18,118,51,67
16063,0,5360,2780,2580
16063,1,367,198,169
16063,2,432,214,218
16063,3,467,255,212
16063,4,443,217,226
16063,5,308,156,152
16063,6,309,164,145
16063,7,296,138,158
16063,8,382,205,177
16063,9,361,210,151
16063,10,301,137,164
16063,11,321,193,128
16063,12,304,159,145
16063,13,311,140,171
16063,14,262,134,128
16063,15,210,115,95
16063,16,107,53,54
16063,17,88,46,42
16063,18,91,46,45
16065,0,39304,19890,19414
16065,1,3768,1942,1826
16065,2,2460,1227,1233
16065,3,2646,1349,1297
16065,4,4686,1723,2963
16065,5,9231,5001,4230
16065,6,4142,2519,1623
16065,7,1803,971,832
16065,8,1606,824,782
16065,9,1425,727,698
16065,10,1247,612,635
16065,11,1102,529,573
16065,12,1256,609,647
16065,13,1194,584,610
16065,14,906,439,467
16065,15,660,316,344
16065,16,512,235,277
16065,17,364,167,197
16065,18,296,116,180
16067,0,20825,10433,10392
16067,1,1660,828,832
16067,2,1723,839,884
16067,3,1663,856,807
16067,4,1384,727,657
16067,5,1339,674,665
16067,6,1383,707,676
16067,7,1233,610,623
16067,8,1166,606,560
16067,9,1160,621,539
16067,10,1064,544,520
16067,11,1157,586,571
16067,12,1268,626,642
16067,13,1238,615,623
16067,14,1032,504,528
16067,15,858,423,435
16067,16,605,287,318
16067,17,427,198,229
16067,18,465,182,283
16069,0,40408,19961,20447
16069,1,2387,1205,1182
16069,2,2367,1197,1170
16069,3,2408,1271,1137
16069,4,2431,1211,1220
16069,5,2506,1296,1210
16069,6,2902,1506,1396
16069,7,2498,1247,1251
16069,8,2368,1192,1176
16069,9,2233,1097,1136
16069,10,2343,1165,1178
16069,11,2431,1180,1251
16069,12,2711,1304,1407
16069,13,2762,1393,1369
16069,14,2486,1202,1284
16069,15,1907,906,1001
16069,16,1489,677,812
16069,17,1024,461,563
16069,18,1155,451,704
16071,0,4488,2254,2234
16071,1,273,129,144
16071,2,366,181,185
16071,3,400,215,185
16071,4,340,186,154
16071,5,190,103,87
16071,6,184,98,86
16071,7,211,99,112
16071,8,279,137,142
16071,9,245,123,122
16071,10,229,119,110
16071,11,232,104,128
16071,12,295,145,150
16071,13,332,181,151
16071,14,278,144,134
16071,15,225,111,114
16071,16,166,82,84
16071,17,112,48,64
16071,18,131,49,82
16073,0,11693,5965,5728
16073,1,749,370,379
16073,2,812,441,371
16073,3,923,454,469
16073,4,832,439,393
16073,5,695,374,321
16073,6,665,331,334
16073,7,623,322,301
16073,8,665,339,326
16073,9,677,334,343
16073,10,661,335,326
16073,11,708,344,364
16073,12,825,430,395
16073,13,776,404,372
16073,14,701,355,346
16073,15,538,283,255
16073,16,386,184,202
16073,17,248,131,117
16073,18,209,95,114
16075,0,23551,11755,11796
16075,1,1535,796,739
16075,2,1708,884,824
16075,3,1826,930,896
16075,4,1653,884,769
16075,5,1247,652,595
16075,6,1400,694,706
16075,7,1298,662,636
16075,8,1357,634,723
16075,9,1343,673,670
16075,10,1427,694,733
16075,11,1419,713,706
16075,12,1555,750,805
16075,13,1452,710,742
16075,14,1291,630,661
16075,15,1144,545,599
16075,16,916,436,480
16075,17,548,265,283
16075,18,432,203,229
16077,0,7768,3952,3816
16077,1,656,328,328
16077,2,699,354,345
16077,3,687,353,334
16077,4,595,322,273
16077,5,464,230,234
16077,6,483,249,234
16077,7,455,247,208
16077,8,397,202,195
16077,9,405,206,199
16077,10,345,176,169
16077,11,420,212,208
16077,12,487,237,250
16077,13,476,254,222
16077,14,417,213,204
16077,15,290,135,155
16077,16,236,119,117
16077,17,127,59,68
16077,18,129,56,73
16079,0,12796,6422,6374
16079,1,769,415,354
16079,2,714,339,375
16079,3,695,366,329
16079,4,673,326,347
16079,5,665,353,312
16079,6,740,389,351
16079,7,647,352,295
16079,8,682,326,356
16079,9,641,325,316
16079,10,729,360,369
16079,11,827,425,402
16079,12,996,517,479
16079,13,1095,504,591
16079,14,990,532,458
16079,15,765,378,387
16079,16,521,261,260
16079,17,354,156,198
16079,18,293,98,195
16081,0,11640,6111,5529
16081,1,728,363,365
16081,2,856,427,429
16081,3,855,451,404
16081,4,680,370,310
16081,5,539,299,240
16081,6,722,408,314
16081,7,771,402,369
16081,8,932,457,475
16081,9,981,539,442
16081,10,957,492,465
16081,11,751,382,369
16081,12,698,381,317
16081,13,713,364,349
16081,14,634,340,294
16081,15,395,228,167
16081,16,201,100,101
16081,17,111,57,54
16081,18,116,51,65
16083,0,86081,42488,43593
16083,1,6294,3203,3091
16083,2,6803,3421,3382
16083,3,6882,3450,3432
16083,4,5777,2990,2787
16083,5,5126,2558,2568
16083,6,6208,2960,3248
16083,7,6009,3000,3009
16083,8,5825,2972,2853
16083,9,5072,2598,2474
16083,10,4514,2283,2231
16083,11,4514,2293,2221
16083,12,5037,2469,2568
16083,13,4768,2304,2464
16083,14,4151,1946,2205
16083,15,3396,1629,1767
16083,16,2456,1144,1312
16083,17,1658,696,962
16083,18,1591,572,1019
16085,0,11041,5720,5321
16085,1,507,269,238
16085,2,555,280,275
16085,3,593,292,301
16085,4,500,274,226
16085,5,411,212,199
16085,6,509,281,228
16085,7,588,291,297
16085,8,700,356,344
16085,9,662,354,308
16085,10,657,331,326
16085,11,668,341,327
16085,12,799,384,415
16085,13,1120,563,557
16085,14,1137,613,524
16085,15,769,424,345
16085,16,450,234,216
16085,17,220,128,92
16085,18,196,93,103
16087,0,10161,5058,5103
16087,1,575,284,291
16087,2,586,314,272
16087,3,700,332,368
16087,4,675,344,331
16087,5,506,266,240
16087,6,438,226,212
16087,7,437,225,212
16087,8,524,250,274
16087,9,532,282,250
16087,10,564,267,297
16087,11,559,269,290
16087,12,709,350,359
16087,13,802,367,435
16087,14,789,417,372
16087,15,665,331,334
16087,16,502,256,246
16087,17,332,176,156
16087,18,266,102,164
17001,0,65691,32308,33383
17001,1,4145,2146,1999
17001,2,4034,2120,1914
17001,3,4135,2138,1997
17001,4,3931,1989,1942
17001,5,3662,1827,1835
17001,6,3991,1998,1993
17001,7,3986,1980,2006
17001,8,3962,2000,1962
17001,9,3490,1760,1730
17001,10,3689,1839,1850
17001,11,4120,1996,2124
17001,12,4766,2358,2408
17001,13,4490,2168,2322
17001,14,3842,1882,1960
17001,15,3020,1382,1638
17001,16,2335,1042,1293
17001,17,1742,759,983
17001,18,2351,924,1427
17003,0,6060,2932,3128
17003,1,391,197,194
17003,2,397,191,206
17003,3,383,196,187
17003,4,333,160,173
17003,5,241,118,123
17003,6,332,175,157
17003,7,292,143,149
17003,8,308,155,153
17003,9,311,140,171
17003,10,329,145,184
17003,11,435,227,208
17003,12,494,235,259
17003,13,486,252,234
17003,14,440,201,239
17003,15,304,153,151
17003,16,266,123,143
17003,17,150,65,85
17003,18,168,56,112
17005,0,16630,8645,7985
17005,1,791,393,398
17005,2,858,444,414
17005,3,982,500,482
17005,4,949,506,443
17005,5,908,500,408
17005,6,1148,641,507
17005,7,1175,703,472
17005,8,1120,659,461
17005,9,1081,580,501
17005,10,991,544,447
17005,11,1092,586,506
17005,12,1298,630,668
17005,13,1151,579,572
17005,14,1023,493,530
17005,15,709,340,369
17005,16,565,257,308
17005,17,355,155,200
17005,18,434,135,299
17007,0,53577,26785,26792
17007,1,3017,1569,1448
17007,2,3390,1759,1631
17007,3,4192,2144,2048
17007,4,4190,2155,2035
17007,5,3410,1755,1655
17007,6,2902,1509,1393
17007,7,2819,1413,1406
17007,8,3199,1552,1647
17007,9,3301,1672,1629
17007,10,3910,1897,2013
17007,11,3853,1956,1897
17007,12,3716,1861,1855
17007,13,3194,1637,1557
17007,14,2653,1269,1384
17007,15,2256,1070,1186
17007,16,1670,805,865
17007,17,986,439,547
17007,18,919,323,596
17009,0,6556,4245,2311
17009,1,289,160,129
17009,2,291,151,140
17009,3,297,146,151
17009,4,288,179,109
17009,5,552,447,105
17009,6,681,532,149
17009,7,600,452,148
17009,8,543,406,137
17009,9,466,336,130
17009,10,451,301,150
17009,11,434,285,149
17009,12,403,238,165
17009,13,348,189,159
17009,14,281,135,146
17009,15,218,93,125
17009,16,174,85,89
17009,17,109,55,54
17009,18,131,55,76
17011,0,32993,16199,16794
17011,1,1752,896,856
17011,2,1878,970,908
17011,3,2073,1043,1030
17011,4,2051,1049,1002
17011,5,1735,870,865
17011,6,1875,986,889
17011,7,1672,833,839
17011,8,1916,972,944
17011,9,1797,905,892
17011,10,1973,955,1018
17011,11,2195,1118,1077
17011,12,2426,1192,1234
17011,13,2419,1163,1256
17011,14,2131,1068,1063
17011,15,1699,789,910
17011,16,1320,602,718
17011,17,947,404,543
17011,18,1134,384,750
17013,0,4802,2393,2409
17013,1,245,116,129
17013,2,273,134,139
17013,3,303,161,142
17013,4,263,136,127
17013,5,231,114,117
17013,6,227,126,101
17013,7,229,123,106
17013,8,232,106,126
17013,9,268,139,129
17013,10,305,158,147
17013,11,352,169,183
17013,12,388,204,184
17013,13,365,185,180
17013,14,310,167,143
17013,15,285,133,152
17013,16,215,105,110
17013,17,167,72,95
17013,18,144,45,99
17015,0,14312,7137,7175
17015,1,734,377,357
17015,2,729,351,378
17015,3,796,400,396
17015,4,804,448,356
17015,5,678,350,328
17015,6,727,378,349
17015,7,722,385,337
17015,8,764,373,391
17015,9,744,367,377
17015,10,847,439,408
17015,11,852,421,431
17015,12,1119,555,564
17015,13,1145,563,582
17015,14,1103,542,561
17015,15,905,459,446
17015,16,697,334,363
17015,17,443,210,233
17015,18,503,185,318
17017,0,12260,6192,6068
17017,1,812,405,407
17017,2,760,424,336
17017,3,856,447,409
17017,4,745,420,325
17017,5,710,370,340
17017,6,720,361,359
17017,7,743,421,322
17017,8,767,388,379
17017,9,748,383,365
17017,10,756,377,379
17017,11,805,399,406
17017,12,857,445,412
17017,13,793,384,409
17017,14,672,339,333
17017,15,509,236,273
17017,16,398,177,221
17017,17,295,112,183
17017,18,314,104,210
17019,0,209983,104634,105349
17019,1,11527,5897,5630
17019,2,10788,5567,5221
17019,3,10493,5262,5231
17019,4,20934,10682,10252
17019,5,34114,18105,16009
17019,6,16388,8570,7818
17019,7,13721,6987,6734
17019,8,12441,6269,6172
17019,9,10422,5142,5280
17019,10,10337,5090,5247
17019,11,9783,4669,5114
17019,12,11121,5331,5790
17019,13,10984,5112,5872
17019,14,9326,4436,4890
17019,15,6400,2988,3412
17019,16,4357,1894,2463
17019,17,3123,1307,1816
17019,18,3724,1326,2398
17021,0,32661,16620,16041
17021,1,1656,852,804
17021,2,1780,897,883
17021,3,2004,1041,963
17021,4,1811,950,861
17021,5,1885,1040,845
17021,6,2030,1130,900
17021,7,1951,1073,878
17021,8,2013,1082,931
17021,9,1870,1015,855
17021,10,2097,1108,989
17021,11,2246,1163,1083
17021,12,2466,1251,1215
17021,13,2341,1186,1155
17021,14,1925,928,997
17021,15,1518,674,844
17021,16,1217,532,685
17021,17,866,375,491
17021,18,985,323,662
17023,0,15596,7745,7851
17023,1,919,488,431
17023,2,995,535,460
17023,3,997,504,493
17023,4,967,507,460
17023,5,804,404,400
17023,6,857,432,425
17023,7,865,440,425
17023,8,952,464,488
17023,9,855,438,417
17023,10,973,516,457
17023,11,1039,506,533
17023,12,1187,591,596
17023,13,1089,568,521
17023,14,956,470,486
17023,15,750,340,410
17023,16,605,271,334
17023,17,345,152,193
17023,18,441,119,322
17025,0,13253,6564,6689
17025,1,798,424,374
17025,2,851,431,420
17025,3,874,440,434
17025,4,772,396,376
17025,5,679,348,331
17025,6,839,433,406
17025,7,692,343,349
17025,8,776,399,377
17025,9,721,357,364
17025,10,799,425,374
17025,11,835,423,412
17025,12,988,490,498
17025,13,936,451,485
17025,14,845,422,423
17025,15,677,319,358
17025,16,465,200,265
17025,17,341,140,201
17025,18,365,123,242
17027,0,37639,19499,18140
17027,1,2172,1130,1042
17027,2,2133,1122,1011
17027,3,2287,1197,1090
17027,4,2138,1111,1027
17027,5,2120,1182,938
17027,6,2472,1358,1114
17027,7,2557,1429,1128
17027,8,2526,1407,1119
17027,9,2237,1241,996
17027,10,2356,1245,1111
17027,11,2669,1388,1281
17027,12,2908,1462,1446
17027,13,2581,1299,1282
17027,14,2033,1004,1029
17027,15,1542,719,823
17027,16,1139,524,615
17027,17,807,341,466
17027,18,962,340,622
17029,0,50885,24678,26207
17029,1,2515,1280,1235
17029,2,2492,1297,1195
17029,3,2635,1344,1291
17029,4,3963,1902,2061
17029,5,6196,2987,3209
17029,6,3550,1752,1798
17029,7,3200,1633,1567
17029,8,2927,1499,1428
17029,9,2592,1310,1282
17029,10,2757,1393,1364
17029,11,2762,1342,1420
17029,12,3338,1610,1728
17029,13,3349,1604,1745
17029,14,2709,1262,1447
17029,15,2031,966,1065
17029,16,1507,641,866
17029,17,1124,463,661
17029,18,1238,393,845
17031,0,5180493,2516081,2664412
17031,1,317226,162078,155148
17031,2,310376,158123,152253
17031,3,314589,159881,154708
17031,4,309388,155829,153559
17031,5,334764,165943,168821
17031,6,434864,216679,218185
17031,7,411099,206144,204955
17031,8,372497,184932,187565
17031,9,328992,163198,165794
17031,10,328628,161118,167510
17031,11,320954,157344,163610
17031,12,331664,159800,171864
17031,13,307285,144822,162463
17031,14,247210,113156,134054
17031,15,185406,82365,103041
17031,16,130651,54440,76211
17031,17,90534,35623,54911
17031,18,104366,34606,69760
17033,0,18807,9832,8975
17033,1,1007,505,502
17033,2,1047,533,514
17033,3,1054,543,511
17033,4,1014,510,504
17033,5,1032,602,430
17033,6,1333,782,551
17033,7,1279,745,534
17033,8,1214,722,492
17033,9,1151,643,508
17033,10,1206,673,533
17033,11,1230,646,584
17033,12,1389,720,669
17033,13,1294,648,646
17033,14,1098,526,572
17033,15,858,399,459
17033,16,652,277,375
17033,17,470,208,262
17033,18,479,150,329
17035,0,10808,5376,5432
17035,1,653,335,318
17035,2,652,334,318
17035,3,689,354,335
17035,4,609,304,305
17035,5,539,259,280
17035,6,617,319,298
17035,7,621,318,303
17035,8,645,329,316
17035,9,623,328,295
17035,10,654,320,334
17035,11,700,364,336
17035,12,841,423,418
17035,13,848,426,422
17035,14,673,327,346
17035,15,496,238,258
17035,16,368,176,192
17035,17,271,119,152
17035,18,309,103,206
17037,0,104143,51577,52566
17037,1,5881,3011,2870
17037,2,6234,3171,3063
17037,3,6250,3161,3089
17037,4,9191,4580,4611
17037,5,15069,7419,7650
17037,6,7451,3813,3638
17037,7,6334,3248,3086
17037,8,6308,3183,3125
17037,9,5369,2705,2664
17037,10,5618,2842,2776
17037,11,5677,2827,2850
17037,12,6170,3022,3148
17037,13,5419,2697,2722
17037,14,4410,2126,2284
17037,15,3251,1522,1729
17037,16,2277,1024,1253
17037,17,1571,648,923
17037,18,1663,578,1085
17039,0,15769,7804,7965
17039,1,846,398,448
17039,2,886,452,434
17039,3,979,518,461
17039,4,988,509,479
17039,5,780,385,395
17039,6,932,476,456
17039,7,884,464,420
17039,8,967,471,496
17039,9,916,473,443
17039,10,1003,516,487
17039,11,1122,563,559
17039,12,1225,617,608
17039,13,1210,623,587
17039,14,958,440,518
17039,15,760,370,390
17039,16,577,251,326
17039,17,362,144,218
17039,18,374,134,240
17041,0,19479,9620,9859
17041,1,1253,642,611
17041,2,1296,659,637
17041,3,1401,697,704
17041,4,1336,698,638
17041,5,1022,523,499
17041,6,1200,598,602
17041,7,1212,622,590
17041,8,1159,572,587
17041,9,1142,562,580
17041,10,1088,535,553
17041,11,1170,610,560
17041,12,1335,665,670
17041,13,1341,662,679
17041,14,1052,519,533
17041,15,845,412,433
17041,16,619,263,356
17041,17,519,203,316
17041,18,489,178,311
17043,0,928589,456211,472378
17043,1,55018,28236,26782
17043,2,57181,29281,27900
17043,3,60589,30993,29596
17043,4,60574,30917,29657
17043,5,57328,29056,28272
17043,6,57987,29683,28304
17043,7,59982,30398,29584
17043,8,62305,31294,31011
17043,9,57819,28884,28935
17043,10,61426,30005,31421
17043,11,64286,31106,33180
17043,12,68181,32928,35253
17043,13,61975,29769,32206
17043,14,48682,23250,25432
17043,15,36439,16910,19529
17043,16,24421,10849,13572
17043,17,15690,6532,9158
17043,18,18706,6120,12586
17045,0,17360,8510,8850
17045,1,882,450,432
17045,2,951,502,449
17045,3,1050,519,531
17045,4,1012,521,491
17045,5,892,437,455
17045,6,940,477,463
17045,7,935,489,446
17045,8,1049,496,553
17045,9,972,494,478
17045,10,1125,583,542
17045,11,1064,536,528
17045,12,1376,695,681
17045,13,1335,660,675
17045,14,1136,574,562
17045,15,943,428,515
17045,16,688,302,386
17045,17,472,168,304
17045,18,538,179,359
17047,0,6392,3149,3243
17047,1,349,177,172
17047,2,389,185,204
17047,3,432,232,200
17047,4,384,198,186
17047,5,305,157,148
17047,6,350,183,167
17047,7,293,148,145
17047,8,383,189,194
17047,9,371,177,194
17047,10,400,218,182
17047,11,435,224,211
17047,12,447,225,222
17047,13,479,244,235
17047,14,424,200,224
17047,15,331,159,172
17047,16,248,104,144
17047,17,176,64,112
17047,18,196,65,131
17049,0,34208,17043,17165
17049,1,2277,1160,1117
17049,2,2279,1154,1125
17049,3,2257,1148,1109
17049,4,2008,1040,968
17049,5,1942,1035,907
17049,6,2361,1224,1137
17049,7,2126,1117,1009
17049,8,2080,1062,1018
17049,9,1805,932,873
17049,10,1861,944,917
17049,11,2228,1093,1135
17049,12,2619,1327,1292
17049,13,2322,1153,1169
17049,14,1875,933,942
17049,15,1407,645,762
17049,16,1161,503,658
17049,17,763,298,465
17049,18,837,275,562
17051,0,21416,11304,10112
17051,1,1267,641,626
17051,2,1162,613,549
17051,3,1288,662,626
17051,4,1283,691,592
17051,5,1311,768,543
17051,6,1443,839,604
17051,7,1278,719,559
17051,8,1340,741,599
17051,9,1324,780,544
17051,10,1357,743,614
17051,11,1371,756,615
17051,12,1493,763,730
17051,13,1433,735,698
17051,14,1209,602,607
17051,15,1016,467,549
17051,16,715,315,400
17051,17,557,253,304
17051,18,569,216,353
17053,0,13264,6556,6708
17053,1,809,430,379
17053,2,781,427,354
17053,3,879,458,421
17053,4,861,425,436
17053,5,727,382,345
17053,6,803,418,385
17053,7,742,382,360
17053,8,774,397,377
17053,9,759,377,382
17053,10,771,398,373
17053,11,853,408,445
17053,12,1000,492,508
17053,13,1018,492,526
17053,14,706,357,349
17053,15,526,260,266
17053,16,448,187,261
17053,17,349,147,202
17053,18,458,119,339
17055,0,38701,19092,19609
17055,1,2345,1216,1129
17055,2,2297,1220,1077
17055,3,2408,1271,1137
17055,4,2326,1209,1117
17055,5,2029,1033,996
17055,6,2296,1185,1111
17055,7,2107,1044,1063
17055,8,2253,1104,1149
17055,9,2283,1107,1176
17055,10,2452,1251,1201
17055,11,2570,1268,1302
17055,12,2735,1338,1397
17055,13,2668,1327,1341
17055,14,2383,1149,1234
17055,15,2051,947,1104
17055,16,1561,690,871
17055,17,986,416,570
17055,18,951,317,634
17057,0,34844,18133,16711
17057,1,1734,883,851
17057,2,1866,940,926
17057,3,1999,1009,990
17057,4,1994,1063,931
17057,5,1977,1180,797
17057,6,2138,1244,894
17057,7,2101,1232,869
17057,8,2238,1277,961
17057,9,2176,1204,972
17057,10,2238,1276,962
17057,11,2273,1167,1106
17057,12,2495,1278,1217
17057,13,2428,1157,1271
17057,14,2186,1100,1086
17057,15,1753,800,953
17057,16,1302,601,701
17057,17,898,363,535
17057,18,1048,359,689
17059,0,5058,2470,2588
17059,1,262,145,117
17059,2,282,128,154
17059,3,322,163,159
17059,4,280,137,143
17059,5,225,110,115
17059,6,277,143,134
17059,7,263,133,130
17059,8,300,155,145
17059,9,296,142,154
17059,10,339,179,160
17059,11,321,171,150
17059,12,378,175,203
17059,13,335,164,171
17059,14,343,151,192
17059,15,322,154,168
17059,16,249,118,131
17059,17,165,68,97
17059,18,99,34,65
17061,0,13044,6566,6478
17061,1,683,363,320
17061,2,764,390,374
17061,3,835,405,430
17061,4,739,385,354
17061,5,733,394,339
17061,6,779,420,359
17061,7,708,375,333
17061,8,743,397,346
17061,9,805,418,387
17061,10,824,424,400
17061,11,912,461,451
17061,12,999,508,491
17061,13,969,487,482
17061,14,778,388,390
17061,15,631,282,349
17061,16,473,205,268
17061,17,336,135,201
17061,18,333,129,204
17063,0,50972,25422,25550
17063,1,3191,1653,1538
17063,2,3475,1793,1682
17063,3,3874,1994,1880
17063,4,3554,1844,1710
17063,5,2923,1477,1446
17063,6,3140,1601,1539
17063,7,3229,1578,1651
17063,8,3722,1856,1866
17063,9,3348,1707,1641
17063,10,3414,1709,1705
17063,11,3429,1725,1704
17063,12,3498,1748,1750
17063,13,3002,1488,1514
17063,14,2384,1152,1232
17063,15,1866,893,973
17063,16,1349,613,736
17063,17,783,346,437
17063,18,791,245,546
17065,0,8163,3992,4171
17065,1,453,222,231
17065,2,472,238,234
17065,3,534,250,284
17065,4,491,263,228
17065,5,410,221,189
17065,6,437,221,216
17065,7,413,200,213
17065,8,510,255,255
17065,9,458,227,231
17065,10,476,251,225
17065,11,513,256,257
17065,12,589,304,285
17065,13,624,298,326
17065,14,510,259,251
17065,15,435,211,224
17065,16,360,164,196
17065,17,237,99,138
17065,18,241,53,188
17067,0,17844,8850,8994
17067,1,974,480,494
17067,2,998,543,455
17067,3,1123,586,537
17067,4,976,498,478
17067,5,856,441,415
17067,6,947,511,436
17067,7,967,489,478
17067,8,988,474,514
17067,9,964,508,456
17067,10,964,482,482
17067,11,1174,605,569
17067,12,1365,680,685
17067,13,1414,705,709
17067,14,1224,604,620
17067,15,1012,457,555
17067,16,768,334,434
17067,17,538,249,289
17067,18,592,204,388
17069,0,3910,1984,1926
17069,1,165,75,90
17069,2,187,104,83
17069,3,217,111,106
17069,4,215,116,99
17069,5,183,82,101
17069,6,168,93,75
17069,7,178,93,85
17069,8,211,99,112
17069,9,199,110,89
17069,10,261,142,119
17069,11,287,146,141
17069,12,319,161,158
17069,13,315,146,169
17069,14,325,153,172
17069,15,270,141,129
17069,16,193,109,84
17069,17,116,51,65
17069,18,101,52,49
17071,0,6709,3276,3433
17071,1,338,180,158
17071,2,328,164,164
17071,3,342,169,173
17071,4,323,160,163
17071,5,333,173,160
17071,6,324,157,167
17071,7,308,162,146
17071,8,340,170,170
17071,9,350,181,169
17071,10,366,162,204
17071,11,482,234,248
17071,12,587,300,287
17071,13,602,295,307
17071,14,497,255,242
17071,15,398,195,203
17071,16,342,155,187
17071,17,208,87,121
17071,18,241,77,164
17073,0,49090,24469,24621
17073,1,2765,1399,1366
17073,2,3004,1534,1470
17073,3,3226,1689,1537
17073,4,3049,1722,1327
17073,5,2438,1267,1171
17073,6,2701,1411,1290
17073,7,2679,1333,1346
17073,8,2969,1485,1484
17073,9,2930,1501,1429
17073,10,2986,1453,1533
17073,11,3109,1529,1580
17073,12,3701,1818,1883
17073,13,3552,1767,1785
17073,14,3106,1545,1561
17073,15,2492,1186,1306
17073,16,1860,888,972
17073,17,1179,477,702
17073,18,1344,465,879
17075,0,27604,13561,14043
17075,1,1521,743,778
17075,2,1567,777,790
17075,3,1728,892,836
17075,4,1761,930,831
17075,5,1445,774,671
17075,6,1459,761,698
17075,7,1377,678,699
17075,8,1606,781,825
17075,9,1544,784,760
17075,10,1623,821,802
17075,11,1761,846,915
17075,12,2111,1031,1080
17075,13,2149,1049,1100
17075,14,1712,867,845
17075,15,1439,670,769
17075,16,1135,507,628
17075,17,781,347,434
17075,18,885,303,582
17077,0,57419,28550,28869
17077,1,3123,1645,1478
17077,2,2860,1437,1423
17077,3,2650,1309,1341
17077,4,4702,2462,2240
17077,5,9493,4915,4578
17077,6,4325,2254,2071
17077,7,3369,1731,1638
17077,8,3044,1537,1507
17077,9,2735,1380,1355
17077,10,2781,1389,1392
17077,11,2789,1390,1399
17077,12,3283,1539,1744
17077,13,3248,1588,1660
17077,14,2987,1448,1539
17077,15,2173,1016,1157
17077,16,1490,663,827
17077,17,1046,402,644
17077,18,1321,445,876
17079,0,9611,4808,4803
17079,1,575,301,274
17079,2,604,308,296
17079,3,622,326,296
17079,4,607,298,309
17079,5,485,225,260
17079,6,532,266,266
17079,7,506,267,239
17079,8,581,297,284
17079,9,521,284,237
17079,10,573,273,300
17079,11,635,303,332
17079,12,802,443,359
17079,13,706,342,364
17079,14,587,294,293
17079,15,457,215,242
17079,16,300,140,160
17079,17,235,116,119
17079,18,283,110,173
17081,0,37820,19447,18373
17081,1,2384,1225,1159
17081,2,2388,1206,1182
17081,3,2265,1130,1135
17081,4,2105,1158,947
17081,5,2068,1155,913
17081,6,2593,1441,1152
17081,7,2238,1225,1013
17081,8,2424,1333,1091
17081,9,2245,1235,1010
17081,10,2372,1244,1128
17081,11,2441,1297,1144
17081,12,2502,1281,1221
17081,13,2556,1229,1327
17081,14,2308,1130,1178
17081,15,1810,847,963
17081,16,1299,600,699
17081,17,869,397,472
17081,18,953,314,639
17083,0,21847,10677,11170
17083,1,1090,555,535
17083,2,1194,600,594
17083,3,1326,660,666
17083,4,1436,706,730
17083,5,1422,727,695
17083,6,1190,601,589
17083,7,1181,594,587
17083,8,1253,625,628
17083,9,1173,582,591
17083,10,1377,709,668
17083,11,1509,748,761
17083,12,1777,853,924
17083,13,1659,802,857
17083,14,1326,637,689
17083,15,1000,468,532
17083,16,808,376,432
17083,17,576,246,330
17083,18,550,188,362
17085,0,21366,10692,10674
17085,1,895,462,433
17085,2,1110,580,530
17085,3,1253,660,593
17085,4,1150,625,525
17085,5,965,521,444
17085,6,894,452,442
17085,7,971,510,461
17085,8,1066,519,547
17085,9,1085,564,521
17085,10,1189,590,599
17085,11,1308,654,654
17085,12,1687,854,833
17085,13,1789,837,952
17085,14,1881,940,941
17085,15,1618,798,820
17085,16,1115,537,578
17085,17,698,336,362
17085,18,692,253,439
17087,0,12456,6797,5659
17087,1,600,302,298
17087,2,616,329,287
17087,3,655,315,340
17087,4,724,424,300
17087,5,733,476,257
17087,6,836,542,294
17087,7,752,463,289
17087,8,721,413,308
17087,9,746,450,296
17087,10,806,469,337
17087,11,826,431,395
17087,12,909,469,440
17087,13,856,413,443
17087,14,819,414,405
17087,15,702,346,356
17087,16,542,267,275
17087,17,330,161,169
17087,18,283,113,170
17089,0,534216,266050,268166
17089,1,33904,17393,16511
17089,2,36332,18471,17861
17089,3,40609,20724,19885
17089,4,39261,20223,19038
17089,5,33890,17214,16676
17089,6,31905,16333,15572
17089,7,32132,16323,15809
17089,8,35884,18254,17630
17089,9,35450,17739,17711
17089,10,38207,19038,19169
17089,11,36507,18329,18178
17089,12,36280,18057,18223
17089,13,30846,15140,15706
17089,14,25214,11983,13231
17089,15,18896,8774,10122
17089,16,12848,5758,7090
17089,17,7853,3425,4428
17089,18,8198,2872,5326
17091,0,110024,54154,55870
17091,1,6542,3356,3186
17091,2,6553,3330,3223
17091,3,7305,3726,3579
17091,4,8384,4208,4176
17091,5,8331,4185,4146
17091,6,7092,3595,3497
17091,7,6292,3144,3148
17091,8,6625,3253,3372
17091,9,6257,3075,3182
17091,10,6611,3293,3318
17091,11,6982,3425,3557
17091,12,7540,3733,3807
17091,13,6960,3412,3548
17091,14,5920,2816,3104
17091,15,4556,2120,2436
17091,16,3184,1426,1758
17091,17,2235,961,1274
17091,18,2655,1096,1559
17093,0,127915,63410,64505
17093,1,8626,4500,4126
17093,2,10231,5234,4997
17093,3,11160,5688,5472
17093,4,9676,4975,4701
17093,5,7169,3738,3431
17093,6,7004,3425,3579
17093,7,8969,4343,4626
17093,8,10665,5216,5449
17093,9,10197,5019,5178
17093,10,10098,5060,5038
17093,11,8099,4143,3956
17093,12,7139,3583,3556
17093,13,5760,2692,3068
17093,14,4688,2155,2533
17093,15,3579,1656,1923
17093,16,2286,1023,1263
17093,17,1265,510,755
17093,18,1304,450,854
17095,0,50112,25273,24839
17095,1,2804,1461,1343
17095,2,2592,1318,1274
17095,3,2723,1403,1320
17095,4,3134,1576,1558
17095,5,3463,1799,1664
17095,6,3081,1723,1358
17095,7,2892,1664,1228
17095,8,2850,1547,1303
17095,9,2822,1525,1297
17095,10,2800,1443,1357
17095,11,3110,1561,1549
17095,12,3486,1702,1784
17095,13,3535,1728,1807
17095,14,3327,1610,1717
17095,15,2645,1206,1439
17095,16,1934,918,1016
17095,17,1363,555,808
17095,18,1551,534,1017
17097,0,700832,350273,350559
17097,1,40191,20475,19716
17097,2,45449,23196,22253
17097,3,50999,25992,25007
17097,4,53900,28617,25283
17097,5,50167,27199,22968
17097,6,39816,21152,18664
17097,7,38736,19594,19142
17097,8,43517,21558,21959
17097,9,44185,21864,22321
17097,10,48406,23890,24516
17097,11,50005,24579,25426
17097,12,51379,25265,26114
17097,13,44272,21596,22676
17097,14,34183,16516,17667
17097,15,25214,11949,13265
17097,16,16875,7581,9294
17097,17,10887,4697,6190
17097,18,12651,4553,8098
17099,0,109430,55226,54204
17099,1,6187,3191,2996
17099,2,6225,3218,3007
17099,3,6787,3409,3378
17099,4,6765,3518,3247
17099,5,6229,3380,2849
17099,6,6740,3525,3215
17099,7,6484,3467,3017
17099,8,6729,3550,3179
17099,9,6149,3244,2905
17099,10,6548,3326,3222
17099,11,7431,3742,3689
17099,12,8515,4282,4233
17099,13,7924,4015,3909
17099,14,6610,3307,3303
17099,15,4718,2225,2493
17099,16,3728,1651,2077
17099,17,2609,1138,1471
17099,18,3052,1038,2014
17101,0,15765,8836,6929
17101,1,805,435,370
17101,2,822,401,421
17101,3,829,436,393
17101,4,785,445,340
17101,5,1103,768,335
17101,6,1299,889,410
17101,7,1095,708,387
17101,8,1132,738,394
17101,9,1060,647,413
17101,10,1051,630,421
17101,11,940,531,409
17101,12,1081,533,548
17101,13,1015,485,530
17101,14,817,400,417
17101,15,661,306,355
17101,16,514,210,304
17101,17,369,144,225
17101,18,387,130,257
17103,0,34223,18173,16050
17103,1,1707,840,867
17103,2,1895,966,929
17103,3,1994,1013,981
17103,4,1833,967,866
17103,5,1851,1019,832
17103,6,2213,1289,924
17103,7,2116,1287,829
17103,8,2167,1255,912
17103,9,2003,1171,832
17103,10,2193,1246,947
17103,11,2366,1216,1150
17103,12,2667,1463,1204
17103,13,2510,1294,1216
17103,14,2094,1063,1031
17103,15,1680,833,847
17103,16,1135,530,605
17103,17,858,391,467
17103,18,941,330,611
17105,0,35761,17935,17826
17105,1,1934,976,958
17105,2,2082,1089,993
17105,3,2224,1183,1041
17105,4,2193,1194,999
17105,5,2142,1111,1031
17105,6,2299,1218,1081
17105,7,2203,1130,1073
17105,8,2137,1105,1032
17105,9,2032,1033,999
17105,10,2090,1073,1017
17105,11,2331,1174,1157
17105,12,2691,1349,1342
17105,13,2535,1258,1277
17105,14,2111,1057,1054
17105,15,1536,690,846
17105,16,1229,558,671
17105,17,841,358,483
17105,18,1151,379,772
17107,0,28925,14685,14240
17107,1,1529,809,720
17107,2,1469,748,721
17107,3,1591,791,800
17107,4,1888,995,893
17107,5,2080,1165,915
17107,6,2026,1150,876
17107,7,1964,1100,864
17107,8,2021,1095,926
17107,9,1766,876,890
17107,10,1717,887,830
17107,11,1738,887,851
17107,12,1977,973,1004
17107,13,1874,937,937
17107,14,1611,781,830
17107,15,1188,541,647
17107,16,940,406,534
17107,17,714,271,443
17107,18,832,273,559
17109,0,29955,14674,15281
17109,1,1329,658,671
17109,2,1409,710,699
17109,3,1465,755,710
17109,4,2834,1300,1534
17109,5,4666,2403,2263
17109,6,1888,1049,839
17109,7,1633,843,790
17109,8,1544,744,800
17109,9,1359,675,684
17109,10,1467,734,733
17109,11,1458,720,738
17109,12,1783,858,925
17109,13,1836,907,929
17109,14,1664,800,864
17109,15,1263,616,647
17109,16,894,410,484
17109,17,608,244,364
17109,18,855,248,607
17111,0,308570,153614,154956
17111,1,16842,8570,8272
17111,2,19303,9908,9395
17111,3,22153,11425,10728
17111,4,21724,11161,10563
17111,5,18154,9321,8833
17111,6,17581,9074,8507
17111,7,17548,8937,8611
17111,8,19537,9844,9693
17111,9,19230,9572,9658
17111,10,22467,11090,11377
17111,11,24060,11881,12179
17111,12,24515,12197,12318
17111,13,20432,10168,10264
17111,14,15741,7623,8118
17111,15,11721,5457,6264
17111,16,8141,3707,4434
17111,17,4745,2042,2703
17111,18,4676,1637,3039
17113,0,172828,83968,88860
17113,1,10095,5070,5025
17113,2,10135,5087,5048
17113,3,10514,5349,5165
17113,4,14796,6927,7869
17113,5,21759,10555,11204
17113,6,11703,5902,5801
17113,7,10753,5390,5363
17113,8,10968,5471,5497
17113,9,9718,4848,4870
17113,10,9854,4950,4904
17113,11,9746,4707,5039
17113,12,10481,5094,5387
17113,13,9446,4493,4953
17113,14,7763,3598,4165
17113,15,5576,2716,2860
17113,16,3844,1678,2166
17113,17,2623,1103,1520
17113,18,3054,1030,2024
17115,0,104712,50158,54554
17115,1,6425,3334,3091
17115,2,6415,3271,3144
17115,3,6463,3275,3188
17115,4,6586,3325,3261
17115,5,6449,3107,3342
17115,6,6601,3196,3405
17115,7,5867,2767,3100
17115,8,6089,2902,3187
17115,9,5909,2787,3122
17115,10,5888,2857,3031
17115,11,6222,3003,3219
17115,12,7292,3578,3714
17115,13,7546,3583,3963
17115,14,6533,3048,3485
17115,15,5011,2334,2677
17115,16,3733,1682,2051
17115,17,2517,1059,1458
17115,18,3166,1050,2116
17117,0,45313,22409,22904
17117,1,2410,1267,1143
17117,2,2505,1268,1237
17117,3,2928,1552,1376
17117,4,2811,1479,1332
17117,5,2443,1262,1181
17117,6,2479,1235,1244
17117,7,2509,1250,1259
17117,8,2790,1384,1406
17117,9,2634,1326,1308
17117,10,2766,1428,1338
17117,11,3018,1447,1571
17117,12,3530,1742,1788
17117,13,3484,1733,1751
17117,14,2891,1420,1471
17117,15,2194,1020,1174
17117,16,1535,700,835
17117,17,1139,463,676
17117,18,1247,433,814
17119,0,264461,128768,135693
17119,1,15202,7827,7375
17119,2,16015,8206,7809
17119,3,16582,8498,8084
17119,4,16019,8301,7718
17119,5,15414,7641,7773
17119,6,17868,8919,8949
17119,7,17544,8675,8869
17119,8,16973,8329,8644
17119,9,15211,7369,7842
17119,10,16711,8148,8563
17119,11,17327,8574,8753
17119,12,19580,9649,9931
17119,13,18530,9022,9508
17119,14,14543,6748,7795
17119,15,11081,5071,6010
17119,16,8160,3521,4639
17119,17,5544,2269,3275
17119,18,6157,2001,4156
17121,0,37620,18393,19227
17121,1,2424,1229,1195
17121,2,2428,1232,1196
17121,3,2464,1279,1185
17121,4,2147,1076,1071
17121,5,1994,1029,965
17121,6,2435,1214,1221
17121,7,2071,1046,1025
17121,8,2187,1085,1102
17121,9,2051,1029,1022
17121,10,2190,1098,1092
17121,11,2354,1171,1183
17121,12,2761,1317,1444
17121,13,2706,1299,1407
17121,14,2241,1083,1158
17121,15,1789,823,966
17121,16,1349,593,756
17121,17,963,411,552
17121,18,1066,379,687
17123,0,11534,5725,5809
17123,1,597,304,293
17123,2,626,310,316
17123,3,653,346,307
17123,4,639,344,295
17123,5,582,289,293
17123,6,654,355,299
17123,7,562,276,286
17123,8,626,324,302
17123,9,621,326,295
17123,10,678,341,337
17123,11,775,375,400
17123,12,908,451,457
17123,13,907,453,454
17123,14,790,390,400
17123,15,659,317,342
17123,16,523,241,282
17123,17,329,135,194
17123,18,405,148,257
17125,0,13565,6689,6876
17125,1,688,331,357
17125,2,772,408,364
17125,3,841,401,440
17125,4,802,398,404
17125,5,684,358,326
17125,6,744,392,352
17125,7,655,334,321
17125,8,801,389,412
17125,9,763,383,380
17125,10,848,438,410
17125,11,904,471,433
17125,12,1052,511,541
17125,13,1000,486,514
17125,14,900,462,438
17125,15,751,359,392
17125,16,569,284,285
17125,17,366,160,206
17125,18,425,124,301
17127,0,14080,6743,7337
17127,1,768,405,363
17127,2,835,425,410
17127,3,940,446,494
17127,4,835,407,428
17127,5,687,347,340
17127,6,735,368,367
17127,7,641,312,329
17127,8,856,376,480
17127,9,852,423,429
17127,10,932,479,453
17127,11,944,467,477
17127,12,1075,523,552
17127,13,1023,477,546
17127,14,809,383,426
17127,15,707,319,388
17127,16,530,235,295
17127,17,412,177,235
17127,18,499,174,325
17129,0,12288,5989,6299
17129,1,676,336,340
17129,2,710,380,330
17129,3,814,387,427
17129,4,749,383,366
17129,5,626,333,293
17129,6,662,315,347
17129,7,683,329,354
17129,8,788,390,398
17129,9,731,363,368
17129,10,700,338,362
17129,11,882,432,450
17129,12,965,471,494
17129,13,924,464,460
17129,14,757,347,410
17129,15,625,304,321
17129,16,400,188,212
17129,17,285,120,165
17129,18,311,109,202
17131,0,15601,7792,7809
17131,1,800,416,384
17131,2,873,412,461
17131,3,1007,503,504
17131,4,974,503,471
17131,5,776,422,354
17131,6,803,421,382
17131,7,808,436,372
17131,8,907,433,474
17131,9,899,464,435
17131,10,945,474,471
17131,11,1082,518,564
17131,12,1228,619,609
17131,13,1119,573,546
17131,14,1031,520,511
17131,15,817,392,425
17131,16,660,322,338
17131,17,389,167,222
17131,18,483,197,286
17133,0,34335,17058,17277
17133,1,1919,994,925
17133,2,2068,1042,1026
17133,3,2203,1100,1103
17133,4,2122,1164,958
17133,5,1704,908,796
17133,6,1792,916,876
17133,7,1920,927,993
17133,8,2340,1155,1185
17133,9,2058,1089,969
17133,10,2208,1078,1130
17133,11,2486,1175,1311
17133,12,2738,1368,1370
17133,13,2677,1342,1335
17133,14,1980,984,996
17133,15,1400,711,689
17133,16,994,467,527
17133,17,814,317,497
17133,18,912,321,591
17135,0,28601,14983,13618
17135,1,1451,698,753
17135,2,1598,805,793
17135,3,1676,871,805
17135,4,1564,840,724
17135,5,1624,988,636
17135,6,1856,1135,721
17135,7,1689,977,712
17135,8,1886,1074,812
17135,9,1623,928,695
17135,10,1780,1001,779
17135,11,1920,1000,920
17135,12,2111,1053,1058
17135,13,2059,1036,1023
17135,14,1748,886,862
17135,15,1273,616,657
17135,16,1039,451,588
17135,17,763,320,443
17135,18,941,304,637
17137,0,33976,17247,16729
17137,1,1632,849,783
17137,2,1741,885,856
17137,3,1831,979,852
17137,4,2259,1198,1061
17137,5,2393,1257,1136
17137,6,2139,1163,976
17137,7,2117,1168,949
17137,8,2141,1212,929
17137,9,1939,1046,893
17137,10,1976,1027,949
17137,11,2194,1117,1077
17137,12,2523,1258,1265
17137,13,2292,1123,1169
17137,14,2080,1001,1079
17137,15,1633,765,868
17137,16,1239,528,711
17137,17,846,370,476
17137,18,1001,301,700
17139,0,14717,7204,7513
17139,1,983,502,481
17139,2,990,510,480
17139,3,1099,561,538
17139,4,973,520,453
17139,5,788,407,381
17139,6,858,437,421
17139,7,828,410,418
17139,8,957,464,493
17139,9,796,389,407
17139,10,828,405,423
17139,11,878,445,433
17139,12,1020,483,537
17139,13,937,458,479
17139,14,871,421,450
17139,15,639,297,342
17139,16,443,202,241
17139,17,357,151,206
17139,18,472,142,330
17141,0,50923,25292,25631
17141,1,2810,1453,1357
17141,2,3046,1553,1493
17141,3,3382,1695,1687
17141,4,3375,1700,1675
17141,5,2744,1418,1326
17141,6,2993,1526,1467
17141,7,2812,1389,1423
17141,8,3015,1549,1466
17141,9,2857,1416,1441
17141,10,3266,1644,1622
17141,11,3544,1788,1756
17141,12,4037,2010,2027
17141,13,3495,1757,1738
17141,14,2910,1440,1470
17141,15,2447,1169,1278
17141,16,1798,819,979
17141,17,1222,560,662
17141,18,1170,406,764
17143,0,180621,87517,93104
17143,1,12295,6275,6020
17143,2,11802,6124,5678
17143,3,11630,5996,5634
17143,4,11694,5855,5839
17143,5,11365,5609,5756
17143,6,12726,6258,6468
17143,7,11848,5802,6046
17143,8,11528,5831,5697
17143,9,10325,5016,5309
17143,10,10766,5254,5512
17143,11,10749,5259,5490
17143,12,11572,5441,6131
17143,13,11505,5364,6141
17143,14,9891,4651,5240
17143,15,7677,3516,4161
17143,16,5315,2361,2954
17143,17,3659,1519,2140
17143,18,4274,1386,2888
17145,0,21174,11659,9515
17145,1,1061,515,546
17145,2,1047,527,520
17145,3,1260,656,604
17145,4,1244,742,502
17145,5,1441,988,453
17145,6,1538,1009,529
17145,7,1373,880,493
17145,8,1367,821,546
17145,9,1363,778,585
17145,10,1359,788,571
17145,11,1338,721,617
17145,12,1473,765,708
17145,13,1365,693,672
17145,14,1195,599,596
17145,15,1023,445,578
17145,16,724,339,385
17145,17,493,230,263
17145,18,510,163,347
17147,0,16396,8125,8271
17147,1,961,484,477
17147,2,999,505,494
17147,3,1035,539,496
17147,4,1032,534,498
17147,5,843,445,398
17147,6,826,414,412
17147,7,967,473,494
17147,8,1001,529,472
17147,9,967,474,493
17147,10,987,493,494
17147,11,1026,497,529
17147,12,1346,659,687
17147,13,1232,605,627
17147,14,974,491,483
17147,15,810,397,413
17147,16,576,259,317
17147,17,427,166,261
17147,18,387,161,226
17149,0,15611,7829,7782
17149,1,949,495,454
17149,2,925,484,441
17149,3,1008,524,484
17149,4,934,494,440
17149,5,828,448,380
17149,6,884,454,430
17149,7,902,467,435
17149,8,912,478,434
17149,9,828,420,408
17149,10,949,496,453
17149,11,971,502,469
17149,12,1127,522,605
17149,13,1123,578,545
17149,14,990,497,493
17149,15,732,362,370
17149,16,630,285,345
17149,17,433,181,252
17149,18,486,142,344
17151,0,4212,2178,2034
17151,1,111,70,41
17151,2,124,69,55
17151,3,160,89,71
17151,4,253,162,91
17151,5,251,156,95
17151,6,173,84,89
17151,7,157,65,92
17151,8,222,118,104
17151,9,211,104,107
17151,10,251,115,136
17151,11,292,156,136
17151,12,424,211,213
17151,13,405,192,213
17151,14,379,199,180
17151,15,286,145,141
17151,16,221,105,116
17151,17,146,82,64
17151,18,146,56,90
17153,0,5463,2655,2808
17153,1,341,166,175
17153,2,280,141,139
17153,3,352,170,182
17153,4,319,159,160
17153,5,251,136,115
17153,6,327,163,164
17153,7,297,147,150
17153,8,271,136,135
17153,9,307,148,159
17153,10,308,150,158
17153,11,317,161,156
17153,12,424,210,214
17153,13,445,207,238
17153,14,412,188,224
17153,15,289,139,150
17153,16,217,89,128
17153,17,158,79,79
17153,18,148,66,82
17155,0,5740,2923,2817
17155,1,279,145,134
17155,2,313,169,144
17155,3,337,175,162
17155,4,332,172,160
17155,5,293,164,129
17155,6,300,168,132
17155,7,273,126,147
17155,8,358,191,167
17155,9,290,146,144
17155,10,326,168,158
17155,11,385,180,205
17155,12,492,246,246
17155,13,464,250,214
17155,14,428,225,203
17155,15,353,166,187
17155,16,227,113,114
17155,17,167,78,89
17155,18,123,41,82
17157,0,32106,17656,14450
17157,1,1683,817,866
17157,2,1683,846,837
17157,3,1763,937,826
17157,4,1683,890,793
17157,5,1861,1148,713
17157,6,2243,1434,809
17157,7,2214,1450,764
17157,8,2170,1344,826
17157,9,2048,1246,802
17157,10,2069,1254,815
17157,11,2103,1201,902
17157,12,2382,1319,1063
17157,13,2232,1153,1079
17157,14,1795,889,906
17157,15,1419,665,754
17157,16,1074,465,609
17157,17,748,298,450
17157,18,936,300,636
17159,0,15763,7799,7964
17159,1,1060,531,529
17159,2,1000,532,468
17159,3,1016,525,491
17159,4,881,465,416
17159,5,737,391,346
17159,6,982,510,472
17159,7,897,445,452
17159,8,920,465,455
17159,9,879,452,427
17159,10,894,441,453
17159,11,980,482,498
17159,12,1148,564,584
17159,13,1141,565,576
17159,14,904,438,466
17159,15,675,323,352
17159,16,619,291,328
17159,17,469,195,274
17159,18,561,184,377
17161,0,143477,70680,72797
17161,1,8943,4652,4291
17161,2,8932,4496,4436
17161,3,8888,4561,4327
17161,4,8859,4560,4299
17161,5,8697,4383,4314
17161,6,9145,4569,4576
17161,7,8599,4529,4070
17161,8,9050,4644,4406
17161,9,8112,4060,4052
17161,10,8316,4287,4029
17161,11,8442,4175,4267
17161,12,9756,4756,5000
17161,13,10066,4851,5215
17161,14,8634,4037,4597
17161,15,6781,3158,3623
17161,16,5046,2291,2755
17161,17,3420,1398,2022
17161,18,3791,1273,2518
17163,0,261059,125939,135120
17163,1,16419,8437,7982
17163,2,16796,8677,8119
17163,3,17472,8926,8546
17163,4,16247,8380,7867
17163,5,15822,8051,7771
17163,6,17407,8623,8784
17163,7,16752,8005,8747
17163,8,17517,8521,8996
17163,9,15580,7386,8194
17163,10,16158,7573,8585
17163,11,17173,8216,8957
17163,12,18857,9102,9755
17163,13,17598,8274,9324
17163,14,13766,6417,7349
17163,15,10044,4628,5416
17163,16,6959,3016,3943
17163,17,4899,1869,3030
17163,18,5593,1838,3755
17165,0,23906,11799,12107
17165,1,1520,755,765
17165,2,1319,702,617
17165,3,1356,701,655
17165,4,1490,915,575
17165,5,1225,617,608
17165,6,1535,753,782
17165,7,1417,742,675
17165,8,1380,680,700
17165,9,1295,611,684
17165,10,1532,778,754
17165,11,1610,781,829
17165,12,1705,814,891
17165,13,1677,802,875
17165,14,1482,720,762
17165,15,1202,562,640
17165,16,901,384,517
17165,17,624,259,365
17165,18,636,223,413
17167,0,195348,93741,101607
17167,1,11020,5657,5363
17167,2,11872,6205,5667
17167,3,12690,6349,6341
17167,4,12161,6243,5918
17167,5,11401,5617,5784
17167,6,12239,5913,6326
17167,7,12348,5959,6389
17167,8,12593,6015,6578
17167,9,11359,5584,5775
17167,10,12178,5911,6267
17167,11,12827,6259,6568
17167,12,14282,6860,7422
17167,13,13491,6313,7178
17167,14,11793,5440,6353
17167,15,8678,3880,4798
17167,16,5874,2494,3380
17167,17,3982,1621,2361
17167,18,4560,1421,3139
17169,0,6907,3624,3283
17169,1,277,152,125
17169,2,342,166,176
17169,3,381,180,201
17169,4,380,182,198
17169,5,333,184,149
17169,6,375,209,166
17169,7,353,191,162
17169,8,421,240,181
17169,9,431,266,165
17169,10,496,277,219
17169,11,516,288,228
17169,12,519,275,244
17169,13,509,266,243
17169,14,498,249,249
17169,15,393,219,174
17169,16,276,127,149
17169,17,196,80,116
17169,18,211,73,138
17171,0,4926,2434,2492
17171,1,246,134,112
17171,2,283,147,136
17171,3,348,176,172
17171,4,280,152,128
17171,5,243,125,118
17171,6,241,118,123
17171,7,249,109,140
17171,8,283,139,144
17171,9,307,158,149
17171,10,322,160,162
17171,11,347,170,177
17171,12,430,219,211
17171,13,368,195,173
17171,14,301,141,160
17171,15,201,88,113
17171,16,201,91,110
17171,17,142,70,72
17171,18,134,42,92
17173,0,21741,10815,10926
17173,1,1265,646,619
17173,2,1210,620,590
17173,3,1380,745,635
17173,4,1212,610,602
17173,5,1073,526,547
17173,6,1206,625,581
17173,7,1176,588,588
17173,8,1193,608,585
17173,9,1159,602,557
17173,10,1289,649,640
17173,11,1416,708,708
17173,12,1619,802,817
17173,13,1646,815,831
17173,14,1495,712,783
17173,15,1232,592,640
17173,16,902,448,454
17173,17,567,262,305
17173,18,701,257,444
17175,0,5427,2687,2740
17175,1,293,134,159
17175,2,317,140,177
17175,3,340,182,158
17175,4,340,165,175
17175,5,281,148,133
17175,6,295,150,145
17175,7,254,133,121
17175,8,290,146,144
17175,9,317,175,142
17175,10,314,147,167
17175,11,354,183,171
17175,12,376,201,175
17175,13,446,216,230
17175,14,357,178,179
17175,15,294,148,146
17175,16,240,119,121
17175,17,158,76,82
17175,18,161,46,115
17177,0,44753,21756,22997
17177,1,2421,1234,1187
17177,2,2617,1298,1319
17177,3,2777,1415,1362
17177,4,2645,1377,1268
17177,5,2397,1244,1153
17177,6,2421,1212,1209
17177,7,2239,1073,1166
17177,8,2390,1160,1230
17177,9,2208,1070,1138
17177,10,2660,1353,1307
17177,11,2951,1460,1491
17177,12,3459,1690,1769
17177,13,3396,1666,1730
17177,14,3002,1463,1539
17177,15,2393,1108,1285
17177,16,1788,816,972
17177,17,1383,596,787
17177,18,1606,521,1085
17179,0,132328,65040,67288
17179,1,7670,3973,3697
17179,2,8288,4143,4145
17179,3,8855,4451,4404
17179,4,7786,4001,3785
17179,5,6721,3497,3224
17179,6,7827,3962,3865
17179,7,8204,4215,3989
17179,8,8847,4480,4367
17179,9,8284,4206,4078
17179,10,8377,4159,4218
17179,11,8322,4128,4194
17179,12,9348,4554,4794
17179,13,8968,4319,4649
17179,14,7681,3663,4018
17179,15,6109,2809,3300
17179,16,4314,1920,2394
17179,17,3136,1316,1820
17179,18,3591,1244,2347
17181,0,16841,8439,8402
17181,1,899,436,463
17181,2,890,465,425
17181,3,1082,551,531
17181,4,1003,515,488
17181,5,791,423,368
17181,6,1050,553,497
17181,7,933,490,443
17181,8,974,514,460
17181,9,972,477,495
17181,10,1060,535,525
17181,11,1114,553,561
17181,12,1239,633,606
17181,13,1237,610,627
17181,14,1104,569,535
17181,15,884,406,478
17181,16,683,317,366
17181,17,496,236,260
17181,18,430,156,274
17183,0,76806,38221,38585
17183,1,4949,2526,2423
17183,2,5013,2539,2474
17183,3,5149,2694,2455
17183,4,4663,2428,2235
17183,5,4301,2252,2049
17183,6,4761,2460,2301
17183,7,4434,2305,2129
17183,8,4490,2293,2197
17183,9,4312,2258,2054
17183,10,4435,2273,2162
17183,11,4713,2259,2454
17183,12,5431,2720,2711
17183,13,5299,2568,2731
17183,14,4627,2154,2473
17183,15,3644,1726,1918
17183,16,2814,1277,1537
17183,17,1838,780,1058
17183,18,1933,709,1224
17185,0,11549,5824,5725
17185,1,729,406,323
17185,2,721,374,347
17185,3,716,378,338
17185,4,679,372,307
17185,5,570,299,271
17185,6,761,398,363
17185,7,656,334,322
17185,8,681,370,311
17185,9,612,318,294
17185,10,637,288,349
17185,11,648,338,310
17185,12,866,425,441
17185,13,886,423,463
17185,14,767,400,367
17185,15,543,260,283
17185,16,412,202,210
17185,17,290,111,179
17185,18,375,128,247
17187,0,17032,8397,8635
17187,1,1037,539,498
17187,2,1010,542,468
17187,3,1030,505,525
17187,4,1397,691,706
17187,5,1344,682,662
17187,6,849,428,421
17187,7,914,460,454
17187,8,987,508,479
17187,9,890,455,435
17187,10,945,465,480
17187,11,962,490,472
17187,12,1154,554,600
17187,13,1186,589,597
17187,14,1029,500,529
17187,15,796,378,418
17187,16,611,274,337
17187,17,464,210,254
17187,18,427,127,300
17189,0,13995,6988,7007
17189,1,799,391,408
17189,2,778,379,399
17189,3,879,455,424
17189,4,806,402,404
17189,5,666,331,335
17189,6,837,422,415
17189,7,786,397,389
17189,8,848,429,419
17189,9,796,419,377
17189,10,862,427,435
17189,11,931,477,454
17189,12,1133,561,572
17189,13,1059,566,493
17189,14,835,439,396
17189,15,666,328,338
17189,16,520,224,296
17189,17,377,172,205
17189,18,417,169,248
17191,0,16332,8036,8296
17191,1,1047,513,534
17191,2,1006,503,503
17191,3,1033,532,501
17191,4,950,475,475
17191,5,780,397,383
17191,6,924,484,440
17191,7,882,463,419
17191,8,991,456,535
17191,9,872,435,437
17191,10,945,469,476
17191,11,1032,512,520
17191,12,1189,608,581
17191,13,1164,592,572
17191,14,1027,495,532
17191,15,840,399,441
17191,16,692,314,378
17191,17,506,231,275
17191,18,452,158,294
17193,0,13665,6732,6933
17193,1,785,419,366
17193,2,870,426,444
17193,3,854,433,421
17193,4,713,370,343
17193,5,637,335,302
17193,6,725,368,357
17193,7,819,416,403
17193,8,808,406,402
17193,9,742,360,382
17193,10,775,387,388
17193,11,867,448,419
17193,12,1098,543,555
17193,13,1019,504,515
17193,14,813,386,427
17193,15,694,325,369
17193,16,564,263,301
17193,17,430,179,251
17193,18,452,164,288
17195,0,55626,27568,28058
17195,1,3096,1596,1500
17195,2,3360,1760,1600
17195,3,3556,1833,1723
17195,4,3436,1805,1631
17195,5,3013,1531,1482
17195,6,3205,1671,1534
17195,7,2933,1432,1501
17195,8,3060,1562,1498
17195,9,3019,1507,1512
17195,10,3525,1790,1735
17195,11,3565,1771,1794
17195,12,4093,2015,2078
17195,13,4165,2055,2110
17195,14,3582,1745,1837
17195,15,2803,1324,1479
17195,16,2059,943,1116
17195,17,1440,645,795
17195,18,1716,583,1133
17197,0,692310,343551,348759
17197,1,40589,20567,20022
17197,2,45577,23379,22198
17197,3,52705,26866,25839
17197,4,52051,26973,25078
17197,5,44514,22990,21524
17197,6,41568,21254,20314
17197,7,40688,20500,20188
17197,8,46426,22890,23536
17197,9,47132,23222,23910
17197,10,52620,26029,26591
17197,11,50810,25395,25415
17197,12,47770,23680,24090
17197,13,39454,19469,19985
17197,14,30930,14588,16342
17197,15,23800,11158,12642
17197,16,16105,7185,8920
17197,17,9762,4055,5707
17197,18,9809,3351,6458
17199,0,67056,33319,33737
17199,1,3970,2046,1924
17199,2,4024,2081,1943
17199,3,4193,2185,2008
17199,4,3679,1859,1820
17199,5,3389,1754,1635
17199,6,4433,2262,2171
17199,7,4376,2266,2110
17199,8,4561,2324,2237
17199,9,4100,2170,1930
17199,10,4298,2172,2126
17199,11,4175,2089,2086
17199,12,4711,2296,2415
17199,13,4434,2177,2257
17199,14,3843,1828,2015
17199,15,3439,1579,1860
17199,16,2452,1085,1367
17199,17,1571,647,924
17199,18,1408,499,909
17201,0,284081,138635,145446
17201,1,18087,9250,8837
17201,2,18092,9243,8849
17201,3,18784,9621,9163
17201,4,18112,9260,8852
17201,5,16961,8410,8551
17201,6,18628,9226,9402
17201,7,17144,8493,8651
17201,8,17219,8355,8864
17201,9,16062,7877,8185
17201,10,17999,8920,9079
17201,11,18314,9008,9306
17201,12,20080,9840,10240
17201,13,18780,9057,9723
17201,14,15938,7589,8349
17201,15,12637,5873,6764
17201,16,8802,3899,4903
17201,17,5949,2512,3437
17201,18,6493,2202,4291
17203,0,38463,19189,19274
17203,1,2209,1165,1044
17203,2,2598,1370,1228
17203,3,2740,1433,1307
17203,4,2697,1397,1300
17203,5,2207,1119,1088
17203,6,2027,1036,991
17203,7,2038,1007,1031
17203,8,2495,1240,1255
17203,9,2249,1139,1110
17203,10,2268,1114,1154
17203,11,2503,1271,1232
17203,12,2789,1394,1395
17203,13,2683,1344,1339
17203,14,2237,1129,1108
17203,15,1553,759,794
17203,16,1178,523,655
17203,17,852,367,485
17203,18,1140,382,758
18001,0,35636,17804,17832
18001,1,3327,1718,1609
18001,2,3153,1690,1463
18001,3,2943,1499,1444
18001,4,2614,1318,1296
18001,5,2126,1115,1011
18001,6,2261,1197,1064
18001,7,1885,945,940
18001,8,1940,980,960
18001,9,1879,987,892
18001,10,1882,931,951
18001,11,1974,977,997
18001,12,2061,1020,1041
18001,13,2067,993,1074
18001,14,1635,790,845
18001,15,1342,627,715
18001,16,929,416,513
18001,17,714,290,424
18001,18,904,311,593
18003,0,375351,183463,191888
18003,1,26135,13549,12586
18003,2,26597,13654,12943
18003,3,27232,13793,13439
18003,4,25806,13060,12746
18003,5,24399,12254,12145
18003,6,27523,13553,13970
18003,7,24583,12078,12505
18003,8,24289,11849,12440
18003,9,22021,10921,11100
18003,10,23290,11468,11822
18003,11,22321,10975,11346
18003,12,23865,11650,12215
18003,13,22572,10728,11844
18003,14,18553,8767,9786
18003,15,13910,6302,7608
18003,16,9214,4108,5106
18003,17,6033,2475,3558
18003,18,7008,2279,4729
18005,0,82753,41627,41126
18005,1,5448,2866,2582
18005,2,5489,2762,2727
18005,3,5534,2780,2754
18005,4,4931,2473,2458
18005,5,4976,2690,2286
18005,6,6495,3474,3021
18005,7,5496,2951,2545
18005,8,5247,2772,2475
18005,9,5014,2536,2478
18005,10,5310,2704,2606
18005,11,5097,2626,2471
18005,12,5260,2560,2700
18005,13,4969,2421,2548
18005,14,4340,2076,2264
18005,15,3423,1579,1844
18005,16,2530,1129,1401
18005,17,1568,669,899
18005,18,1626,559,1067
18007,0,8653,4296,4357
18007,1,555,284,271
18007,2,542,324,218
18007,3,660,310,350
18007,4,584,306,278
18007,5,450,244,206
18007,6,509,262,247
18007,7,442,223,219
18007,8,514,258,256
18007,9,531,266,265
18007,10,512,242,270
18007,11,587,304,283
18007,12,635,301,334
18007,13,589,289,300
18007,14,472,243,229
18007,15,376,165,211
18007,16,325,150,175
18007,17,164,63,101
18007,18,206,62,144
18009,0,11930,5889,6041
18009,1,659,342,317
18009,2,723,349,374
18009,3,752,398,354
18009,4,713,400,313
18009,5,657,351,306
18009,6,681,338,343
18009,7,641,310,331
18009,8,639,315,324
18009,9,593,298,295
18009,10,802,410,392
18009,11,752,361,391
18009,12,905,473,432
18009,13,833,413,420
18009,14,791,372,419
18009,15,636,304,332
18009,16,505,220,285
18009,17,347,138,209
18009,18,301,97,204
18011,0,66999,33331,33668
18011,1,4531,2407,2124
18011,2,4957,2537,2420
18011,3,5249,2750,2499
18011,4,4499,2369,2130
18011,5,3696,1875,1821
18011,6,3871,1985,1886
18011,7,4120,2049,2071
18011,8,4666,2285,2381
18011,9,4595,2249,2346
18011,10,4724,2338,2386
18011,11,4543,2268,2275
18011,12,4615,2212,2403
18011,13,3979,2007,1972
18011,14,3004,1438,1566
18011,15,2323,1097,1226
18011,16,1585,693,892
18011,17,1085,446,639
18011,18,957,326,631
18013,0,15234,7507,7727
18013,1,579,295,284
18013,2,728,356,372
18013,3,844,408,436
18013,4,866,450,416
18013,5,690,341,349
18013,6,710,341,369
18013,7,716,352,364
18013,8,779,398,381
18013,9,789,417,372
18013,10,1010,516,494
18013,11,1152,541,611
18013,12,1285,641,644
18013,13,1418,682,736
18013,14,1273,635,638
18013,15,1054,519,535
18013,16,659,331,328
18013,17,363,164,199
18013,18,319,120,199
18015,0,20127,10117,10010
18015,1,1086,586,500
18015,2,1210,608,602
18015,3,1348,668,680
18015,4,1270,670,600
18015,5,1049,543,506
18015,6,1161,601,560
18015,7,1045,544,501
18015,8,1151,570,581
18015,9,1184,589,595
18015,10,1344,729,615
18015,11,1290,651,639
18015,12,1574,780,794
18015,13,1466,765,701
18015,14,1255,616,639
18015,15,1053,491,562
18015,16,723,335,388
18015,17,473,220,253
18015,18,445,151,294
18017,0,37955,18958,18997
18017,1,2380,1213,1167
18017,2,2370,1188,1182
18017,3,2380,1201,1179
18017,4,2510,1380,1130
18017,5,2232,1169,1063
18017,6,2277,1219,1058
18017,7,2062,1031,1031
18017,8,2361,1169,1192
18017,9,2316,1191,1125
18017,10,2491,1276,1215
18017,11,2512,1307,1205
18017,12,2687,1361,1326
18017,13,2624,1326,1298
18017,14,2132,1007,1125
18017,15,1617,753,864
18017,16,1229,506,723
18017,17,865,352,513
18017,18,910,309,601
18019,0,117360,57274,60086
18019,1,7221,3730,3491
18019,2,7337,3719,3618
18019,3,7416,3759,3657
18019,4,6786,3510,3276
18019,5,6646,3390,3256
18019,6,8346,4118,4228
18019,7,7895,3940,3955
18019,8,8190,4118,4072
18019,9,7454,3738,3716
18019,10,8119,4064,4055
18019,11,7629,3728,3901
18019,12,8189,3953,4236
18019,13,7608,3597,4011
18019,14,6320,2851,3469
18019,15,5008,2267,2741
18019,16,3173,1363,1810
18019,17,2101,843,1258
18019,18,1922,586,1336
18021,0,26170,12930,13240
18021,1,1624,784,840
18021,2,1617,851,766
18021,3,1708,880,828
18021,4,1603,810,793
18021,5,1419,722,697
18021,6,1620,820,800
18021,7,1568,788,780
18021,8,1576,781,795
18021,9,1575,794,781
18021,10,1688,838,850
18021,11,1670,840,830
18021,12,1947,990,957
18021,13,1880,915,965
18021,14,1568,763,805
18021,15,1123,542,581
18021,16,824,369,455
18021,17,590,232,358
18021,18,570,211,359
18023,0,32250,16035,16215
18023,1,2270,1175,1095
18023,2,2228,1134,1094
18023,3,2459,1278,1181
18023,4,2237,1159,1078
18023,5,1798,908,890
18023,6,2028,1034,994
18023,7,1941,1006,935
18023,8,1899,956,943
18023,9,1852,923,929
18023,10,1967,1048,919
18023,11,1932,971,961
18023,12,2233,1072,1161
18023,13,2027,1005,1022
18023,14,1686,820,866
18023,15,1237,589,648
18023,16,917,392,525
18023,17,689,293,396
18023,18,850,272,578
18025,0,10558,5371,5187
18025,1,564,275,289
18025,2,600,299,301
18025,3,712,365,347
18025,4,614,322,292
18025,5,527,268,259
18025,6,617,325,292
18025,7,521,261,260
18025,8,576,312,264
18025,9,619,302,317
18025,10,650,330,320
18025,11,780,394,386
18025,12,887,460,427
18025,13,830,416,414
18025,14,714,384,330
18025,15,569,299,270
18025,16,386,196,190
18025,17,222,105,117
18025,18,170,58,112
18027,0,33147,16701,16446
18027,1,2693,1384,1309
18027,2,2715,1432,1283
18027,3,2729,1365,1364
18027,4,2357,1224,1133
18027,5,1972,1034,938
18027,6,2233,1168,1065
18027,7,1953,1033,920
18027,8,1974,1041,933
18027,9,1768,884,884
18027,10,1765,908,857
18027,11,1858,933,925
18027,12,2104,1071,1033
18027,13,1946,956,990
18027,14,1643,808,835
18027,15,1252,593,659
18027,16,925,414,511
18027,17,630,258,372
18027,18,630,195,435
18029,0,49568,24649,24919
18029,1,2618,1316,1302
18029,2,2947,1528,1419
18029,3,3376,1714,1662
18029,4,3284,1663,1621
18029,5,2675,1363,1312
18029,6,2837,1453,1384
18029,7,2672,1375,1297
18029,8,2909,1453,1456
18029,9,3013,1532,1481
18029,10,3388,1697,1691
18029,11,3634,1796,1838
18029,12,3953,1943,2010
18029,13,3483,1716,1767
18029,14,3100,1532,1568
18029,15,2230,1083,1147
18029,16,1556,736,820
18029,17,1003,439,564
18029,18,890,310,580
18031,0,26794,13306,13488
18031,1,1785,927,858
18031,2,1757,896,861
18031,3,1833,924,909
18031,4,1773,921,852
18031,5,1542,794,748
18031,6,1747,898,849
18031,7,1549,777,772
18031,8,1592,783,809
18031,9,1591,787,804
18031,10,1639,853,786
18031,11,1789,892,897
18031,12,1937,985,952
18031,13,1775,873,902
18031,14,1455,714,741
18031,15,1120,521,599
18031,16,786,332,454
18031,17,558,234,324
18031,18,566,195,371
18033,0,43226,21453,21773
18033,1,2803,1406,1397
18033,2,2763,1390,1373
18033,3,3032,1520,1512
18033,4,2836,1491,1345
18033,5,2620,1331,1289
18033,6,2899,1483,1416
18033,7,2542,1275,1267
18033,8,2563,1271,1292
18033,9,2602,1335,1267
18033,10,2722,1372,1350
18033,11,2902,1493,1409
18033,12,3104,1566,1538
18033,13,2819,1395,1424
18033,14,2364,1150,1214
18033,15,1798,833,965
18033,16,1232,536,696
18033,17,807,342,465
18033,18,818,264,554
18035,0,114772,55383,59389
18035,1,5680,2859,2821
18035,2,5735,2960,2775
18035,3,5822,2962,2860
18035,4,10270,4895,5375
18035,5,16022,7791,8231
18035,6,7371,3757,3614
18035,7,5802,2958,2844
18035,8,5861,2863,2998
18035,9,5644,2747,2897
18035,10,6436,3182,3254
18035,11,6665,3261,3404
18035,12,7038,3420,3618
18035,13,6754,3216,3538
18035,14,5882,2677,3205
18035,15,5023,2234,2789
18035,16,3618,1603,2015
18035,17,2494,1063,1431
18035,18,2655,935,1720
18037,0,42565,21273,21292
18037,1,2848,1473,1375
18037,2,2678,1344,1334
18037,3,2919,1544,1375
18037,4,2782,1430,1352
18037,5,2478,1228,1250
18037,6,2356,1199,1157
18037,7,2392,1269,1123
18037,8,2509,1298,1211
18037,9,2429,1277,1152
18037,10,2540,1299,1241
18037,11,2932,1514,1418
18037,12,3304,1649,1655
18037,13,2968,1493,1475
18037,14,2403,1197,1206
18037,15,1720,791,929
18037,16,1329,560,769
18037,17,949,385,564
18037,18,1029,323,706
18039,0,205560,101597,103963
18039,1,15441,7849,7592
18039,2,15293,7789,7504
18039,3,16421,8295,8126
18039,4,14674,7591,7083
18039,5,13023,6663,6360
18039,6,13787,6984,6803
18039,7,12482,6321,6161
18039,8,12754,6387,6367
18039,9,12096,5974,6122
18039,10,12664,6325,6339
18039,11,12436,6227,6209
18039,12,12630,6296,6334
18039,13,11577,5589,5988
18039,14,9869,4658,5211
18039,15,7398,3417,3981
18039,16,5333,2392,2941
18039,17,3641,1527,2114
18039,18,4041,1313,2728
18041,0,23047,11381,11666
18041,1,1180,608,572
18041,2,1319,697,622
18041,3,1514,756,758
18041,4,1473,769,704
18041,5,1215,620,595
18041,6,1391,710,681
18041,7,1157,553,604
18041,8,1303,630,673
18041,9,1529,761,768
18041,10,1480,778,702
18041,11,1581,817,764
18041,12,1572,758,814
18041,13,1633,768,865
18041,14,1545,760,785
18041,15,1174,535,639
18041,16,828,376,452
18041,17,551,251,300
18041,18,602,234,368
18043,0,77781,37782,39999
18043,1,4646,2392,2254
18043,2,4767,2458,2309
18043,3,5078,2527,2551
18043,4,4880,2531,2349
18043,5,4683,2309,2374
18043,6,5188,2593,2595
18043,7,4762,2297,2465
18043,8,5069,2461,2608
18043,9,4630,2283,2347
18043,10,5237,2568,2669
18043,11,5173,2535,2638
18043,12,5876,2832,3044
18043,13,5243,2546,2697
18043,14,4458,2070,2388
18043,15,3135,1409,1726
18043,16,2202,981,1221
18043,17,1335,536,799
18043,18,1419,454,965
18045,0,16351,8162,8189
18045,1,896,502,394
18045,2,1000,540,460
18045,3,1016,528,488
18045,4,1024,547,477
18045,5,919,488,431
18045,6,967,479,488
18045,7,857,445,412
18045,8,943,471,472
18045,9,888,425,463
18045,10,1076,529,547
18045,11,1114,558,556
18045,12,1253,633,620
18045,13,1116,543,573
18045,14,955,487,468
18045,15,842,385,457
18045,16,613,273,340
18045,17,441,191,250
18045,18,431,138,293
18047,0,22736,11357,11379
18047,1,1344,677,667
18047,2,1322,661,661
18047,3,1563,796,767
18047,4,1532,826,706
18047,5,1254,639,615
18047,6,1204,631,573
18047,7,1181,581,600
18047,8,1314,654,660
18047,9,1345,655,690
18047,10,1507,786,721
18047,11,1625,814,811
18047,12,1721,891,830
18047,13,1637,821,816
18047,14,1449,730,719
18047,15,1011,487,524
18047,16,759,367,392
18047,17,494,191,303
18047,18,474,150,324
18049,0,20092,10048,10044
18049,1,1238,663,575
18049,2,1247,615,632
18049,3,1426,734,692
18049,4,1247,643,604
18049,5,1106,593,513
18049,6,1161,577,584
18049,7,1090,571,519
18049,8,1183,605,578
18049,9,1166,572,594
18049,10,1236,637,599
18049,11,1198,607,591
18049,12,1478,727,751
18049,13,1396,710,686
18049,14,1252,622,630
18049,15,984,476,508
18049,16,734,332,402
18049,17,501,206,295
18049,18,449,158,291
18051,0,33452,16739,16713
18051,1,2099,1090,1009
18051,2,2192,1145,1047
18051,3,2258,1162,1096
18051,4,2038,1078,960
18051,5,1913,976,937
18051,6,2074,1030,1044
18051,7,1923,957,966
18051,8,2088,1095,993
18051,9,1893,957,936
18051,10,2135,1099,1036
18051,11,2209,1120,1089
18051,12,2457,1256,1201
18051,13,2297,1126,1171
18051,14,1872,917,955
18051,15,1423,664,759
18051,16,1053,476,577
18051,17,709,316,393
18051,18,819,275,544
18053,0,65936,31558,34378
18053,1,3542,1785,1757
18053,2,3741,1920,1821
18053,3,3940,2002,1938
18053,4,5023,2407,2616
18053,5,5771,2775,2996
18053,6,3945,1936,2009
18053,7,3264,1518,1746
18053,8,3416,1639,1777
18053,9,3459,1723,1736
18053,10,3880,1911,1969
18053,11,4058,1990,2068
18053,12,4650,2234,2416
18053,13,4573,2189,2384
18053,14,3857,1833,2024
18053,15,3126,1448,1678
18053,16,2402,1022,1380
18053,17,1683,705,978
18053,18,1606,521,1085
18055,0,32006,16020,15986
18055,1,1659,845,814
18055,2,1888,933,955
18055,3,2083,1053,1030
18055,4,2038,1106,932
18055,5,1650,869,781
18055,6,1842,941,901
18055,7,1696,839,857
18055,8,1829,925,904
18055,9,1848,950,898
18055,10,2145,1067,1078
18055,11,2340,1207,1133
18055,12,2437,1246,1191
18055,13,2303,1159,1144
18055,14,1970,968,1002
18055,15,1597,759,838
18055,16,1198,553,645
18055,17,738,317,421
18055,18,745,283,462
18057,0,330086,161345,168741
18057,1,21690,10998,10692
18057,2,24787,12744,12043
18057,3,26733,13576,13157
18057,4,23557,12104,11453
18057,5,17691,8914,8777
18057,6,17680,8667,9013
18057,7,21548,10240,11308
18057,8,25340,12210,13130
18057,9,23648,11490,12158
18057,10,25003,12352,12651
18057,11,23053,11356,11697
18057,12,20950,10155,10795
18057,13,17544,8388,9156
18057,14,14421,6735,7686
18057,15,10606,4939,5667
18057,16,6953,3055,3898
18057,17,4317,1812,2505
18057,18,4565,1610,2955
18059,0,76351,37563,38788
18059,1,4425,2281,2144
18059,2,4799,2418,2381
18059,3,5365,2761,2604
18059,4,4965,2538,2427
18059,5,4179,2163,2016
18059,6,4329,2178,2151
18059,7,4777,2326,2451
18059,8,5160,2558,2602
18059,9,4764,2386,2378
18059,10,5260,2612,2648
18059,11,5450,2637,2813
18059,12,5648,2728,2920
18059,13,4825,2361,2464
18059,14,4133,1930,2203
18059,15,3334,1560,1774
18059,16,2286,1048,1238
18059,17,1358,601,757
18059,18,1294,477,817
18061,0,40350,20163,20187
18061,1,2398,1267,1131
18061,2,2403,1279,1124
18061,3,2696,1361,1335
18061,4,2451,1242,1209
18061,5,2001,1046,955
18061,6,2379,1201,1178
18061,7,2314,1142,1172
18061,8,2658,1353,1305
18061,9,2380,1210,1170
18061,10,2637,1325,1312
18061,11,2858,1458,1400
18061,12,3160,1570,1590
18061,13,2873,1403,1470
18061,14,2484,1190,1294
18061,15,1829,897,932
18061,16,1297,624,673
18061,17,738,304,434
18061,18,794,291,503
18063,0,167009,83558,83451
18063,1,9794,5014,4780
18063,2,11613,5993,5620
18063,3,12760,6605,6155
18063,4,11518,5979,5539
18063,5,9536,5037,4499
18063,6,9886,5209,4677
18063,7,10959,5578,5381
18063,8,12404,6160,6244
18063,9,11668,5921,5747
18063,10,11981,6148,5833
18063,11,11037,5466,5571
18063,12,11062,5524,5538
18063,13,9650,4631,5019
18063,14,7953,3737,4216
18063,15,6021,2809,3212
18063,16,4074,1814,2260
18063,17,2657,1066,1591
18063,18,2436,867,1569
18065,0,48271,25099,23172
18065,1,2416,1253,1163
18065,2,2655,1388,1267
18065,3,2940,1482,1458
18065,4,2929,1574,1355
18065,5,2851,1621,1230
18065,6,3254,1876,1378
18065,7,2690,1532,1158
18065,8,2854,1583,1271
18065,9,3009,1637,1372
18065,10,3246,1861,1385
18065,11,3438,1764,1674
18065,12,3514,1805,1709
18065,13,3341,1650,1691
18065,14,2852,1409,1443
18065,15,2321,1064,1257
18065,16,1742,755,987
18065,17,1129,481,648
18065,18,1090,364,726
18067,0,82366,39983,42383
18067,1,4967,2614,2353
18067,2,5113,2635,2478
18067,3,5323,2752,2571
18067,4,5008,2578,2430
18067,5,4831,2462,2369
18067,6,5255,2608,2647
18067,7,4643,2302,2341
18067,8,4621,2182,2439
18067,9,4679,2224,2455
18067,10,5048,2487,2561
18067,11,5315,2666,2649
18067,12,5940,2816,3124
18067,13,5567,2646,2921
18067,14,4904,2220,2684
18067,15,4116,1881,2235
18067,16,3072,1386,1686
18067,17,1979,835,1144
18067,18,1985,689,1296
18069,0,36240,17873,18367
18069,1,2066,1045,1021
18069,2,2134,1085,1049
18069,3,2246,1142,1104
18069,4,2430,1245,1185
18069,5,2476,1251,1225
18069,6,2252,1144,1108
18069,7,2147,1085,1062
18069,8,2119,1104,1015
18069,9,2109,1056,1053
18069,10,2196,1124,1072
18069,11,2377,1174,1203
18069,12,2797,1371,1426
18069,13,2661,1320,1341
18069,14,1960,964,996
18069,15,1517,683,834
18069,16,1121,484,637
18069,17,797,340,457
18069,18,835,256,579
18071,0,44111,21987,22124
18071,1,3029,1552,1477
18071,2,2882,1531,1351
18071,3,3021,1546,1475
18071,4,2839,1471,1368
18071,5,2428,1232,1196
18071,6,2735,1360,1375
18071,7,2636,1363,1273
18071,8,2996,1553,1443
18071,9,2713,1374,1339
18071,10,2905,1529,1376
18071,11,2902,1469,1433
18071,12,2965,1454,1511
18071,13,2842,1362,1480
18071,14,2270,1089,1181
18071,15,1862,845,1017
18071,16,1303,596,707
18071,17,924,377,547
18071,18,859,284,575
18073,0,33370,16601,16769
18073,1,1918,990,928
18073,2,2066,1054,1012
18073,3,2338,1182,1156
18073,4,2433,1266,1167
18073,5,2180,1132,1048
18073,6,1919,962,957
18073,7,1711,858,853
18073,8,1999,1015,984
18073,9,2057,1046,1011
18073,10,2056,1012,1044
18073,11,2104,1045,1059
18073,12,2496,1260,1236
18073,13,2221,1087,1134
18073,14,1904,938,966
18073,15,1540,731,809
18073,16,1091,501,590
18073,17,723,300,423
18073,18,614,222,392
18075,0,20764,10348,10416
18075,1,1496,778,718
18075,2,1421,751,670
18075,3,1461,762,699
18075,4,1412,710,702
18075,5,1193,603,590
18075,6,1277,659,618
18075,7,992,519,473
18075,8,1200,599,601
18075,9,1088,573,515
18075,10,1344,647,697
18075,11,1397,695,702
18075,12,1398,695,703
18075,13,1374,706,668
18075,14,1174,574,600
18075,15,980,451,529
18075,16,640,283,357
18075,17,479,203,276
18075,18,438,140,298
18077,0,32208,15497,16711
18077,1,1841,962,879
18077,2,1718,859,859
18077,3,1803,940,863
18077,4,2149,1026,1123
18077,5,2329,1096,1233
18077,6,2010,939,1071
18077,7,1778,851,927
18077,8,1955,924,1031
18077,9,1888,891,997
18077,10,2058,1002,1056
18077,11,2182,1047,1135
18077,12,2438,1231,1207
18077,13,2263,1097,1166
18077,14,1945,980,965
18077,15,1525,698,827
18077,16,1082,492,590
18077,17,603,253,350
18077,18,641,209,432
18079,0,27611,13837,13774
18079,1,1644,866,778
18079,2,1742,859,883
18079,3,1869,970,899
18079,4,1703,869,834
18079,5,1676,898,778
18079,6,1850,917,933
18079,7,1475,770,705
18079,8,1494,746,748
18079,9,1698,856,842
18079,10,2002,1022,980
18079,11,2026,1026,1000
18079,12,2117,1082,1035
18079,13,1776,901,875
18079,14,1457,671,786
18079,15,1294,608,686
18079,16,902,429,473
18079,17,494,210,284
18079,18,392,137,255
18081,0,156225,77105,79120
18081,1,10209,5348,4861
18081,2,10672,5414,5258
18081,3,11129,5703,5426
18081,4,10312,5381,4931
18081,5,9575,4849,4726
18081,6,10683,5391,5292
18081,7,10379,5053,5326
18081,8,10988,5449,5539
18081,9,10135,5059,5076
18081,10,10397,5258,5139
18081,11,9993,4904,5089
18081,12,10053,4993,5060
18081,13,8931,4304,4627
18081,14,7518,3471,4047
18081,15,5771,2672,3099
18081,16,4272,1878,2394
18081,17,2690,1116,1574
18081,18,2518,862,1656
18083,0,36895,18682,18213
18083,1,2207,1129,1078
18083,2,2193,1122,1071
18083,3,2197,1135,1062
18083,4,2964,1635,1329
18083,5,3061,1748,1313
18083,6,2159,1189,970
18083,7,2131,1144,987
18083,8,2186,1101,1085
18083,9,1839,946,893
18083,10,2074,1041,1033
18083,11,2204,1134,1070
18083,12,2624,1322,1302
18083,13,2474,1199,1275
18083,14,2056,994,1062
18083,15,1634,754,880
18083,16,1210,498,712
18083,17,841,342,499
18083,18,841,249,592
18085,0,79344,39656,39688
18085,1,5179,2669,2510
18085,2,5125,2603,2522
18085,3,5359,2746,2613
18085,4,5248,2630,2618
18085,5,5185,2630,2555
18085,6,5404,2824,2580
18085,7,4868,2487,2381
18085,8,4831,2511,2320
18085,9,4329,2221,2108
18085,10,4718,2354,2364
18085,11,4947,2467,2480
18085,12,5572,2761,2811
18085,13,5305,2650,2655
18085,14,4376,2143,2233
18085,15,3395,1639,1756
18085,16,2424,1114,1310
18085,17,1560,681,879
18085,18,1519,526,993
18087,0,39330,19980,19350
18087,1,3504,1834,1670
18087,2,3485,1804,1681
18087,3,3622,1901,1721
18087,4,3276,1710,1566
18087,5,2497,1334,1163
18087,6,2463,1275,1188
18087,7,2219,1128,1091
18087,8,2204,1137,1067
18087,9,2100,1020,1080
18087,10,2183,1140,1043
18087,11,2100,1052,1048
18087,12,2199,1068,1131
18087,13,2115,1044,1071
18087,14,1768,880,888
18087,15,1394,685,709
18087,16,1036,506,530
18087,17,609,239,370
18087,18,556,223,333
18089,0,484411,234475,249936
18089,1,28751,14768,13983
18089,2,30868,15641,15227
18089,3,33135,16952,16183
18089,4,32432,16513,15919
18089,5,29963,15201,14762
18089,6,30699,15305,15394
18089,7,28666,14023,14643
18089,8,31660,15218,16442
18089,9,29766,14447,15319
18089,10,30384,14744,15640
18089,11,30966,15036,15930
18089,12,34022,16218,17804
18089,13,32995,15771,17224
18089,14,26425,12439,13986
18089,15,19571,8818,10753
18089,16,14005,5932,8073
18089,17,9436,3767,5669
18089,18,10667,3682,6985
18091,0,110007,56694,53313
18091,1,6547,3341,3206
18091,2,6494,3248,3246
18091,3,6550,3407,3143
18091,4,6306,3236,3070
18091,5,6681,3766,2915
18091,6,7817,4453,3364
18091,7,6774,3861,2913
18091,8,7015,3921,3094
18091,9,6329,3441,2888
18091,10,7129,3797,3332
18091,11,7286,3744,3542
18091,12,7798,3960,3838
18091,13,7589,3720,3869
18091,14,6646,3212,3434
18091,15,5176,2446,2730
18091,16,3502,1534,1968
18091,17,2122,872,1250
18091,18,2246,735,1511
18093,0,45668,22625,23043
18093,1,2538,1303,1235
18093,2,2609,1352,1257
18093,3,2955,1571,1384
18093,4,2798,1415,1383
18093,5,2481,1324,1157
18093,6,2599,1366,1233
18093,7,2461,1231,1230
18093,8,2662,1287,1375
18093,9,2677,1350,1327
18093,10,2980,1566,1414
18093,11,3183,1563,1620
18093,12,3365,1650,1715
18093,13,3218,1569,1649
18093,14,2875,1408,1467
18093,15,2373,1100,1273
18093,16,1709,764,945
18093,17,1071,453,618
18093,18,1114,353,761
18095,0,129641,64792,64849
18095,1,7305,3808,3497
18095,2,7749,3967,3782
18095,3,8021,4140,3881
18095,4,8163,4279,3884
18095,5,7742,4032,3710
18095,6,8548,4378,4170
18095,7,7904,4124,3780
18095,8,8104,4261,3843
18095,9,7752,3996,3756
18095,10,8678,4458,4220
18095,11,8644,4379,4265
18095,12,8796,4323,4473
18095,13,8521,4151,4370
18095,14,7471,3451,4020
18095,15,6293,2933,3360
18095,16,4218,1910,2308
18095,17,2899,1211,1688
18095,18,2833,991,1842
18097,0,954670,460093,494577
18097,1,68903,35580,33323
18097,2,66207,33683,32524
18097,3,63731,32694,31037
18097,4,58795,29445,29350
18097,5,65698,31962,33736
18097,6,86721,41962,44759
18097,7,74630,35976,38654
18097,8,66657,32427,34230
18097,9,56558,27654,28904
18097,10,55982,27139,28843
18097,11,55815,26896,28919
18097,12,60187,28461,31726
18097,13,54428,25525,28903
18097,14,42341,19327,23014
18097,15,29249,12969,16280
18097,16,19873,8291,11582
18097,17,13344,5100,8244
18097,18,15551,5002,10549
18099,0,46248,23052,23196
18099,1,2926,1463,1463
18099,2,3040,1623,1417
18099,3,3503,1766,1737
18099,4,3229,1646,1583
18099,5,2710,1430,1280
18099,6,2636,1384,1252
18099,7,2406,1221,1185
18099,8,2677,1378,1299
18099,9,2694,1330,1364
18099,10,2800,1395,1405
18099,11,3038,1558,1480
18099,12,3197,1611,1586
18099,13,3131,1575,1556
18099,14,2642,1264,1378
18099,15,1955,940,1015
18099,16,1492,684,808
18099,17,1014,409,605
18099,18,1158,375,783
18101,0,10217,5177,5040
18101,1,617,323,294
18101,2,633,329,304
18101,3,659,362,297
18101,4,574,307,267
18101,5,548,283,265
18101,6,566,278,288
18101,7,557,290,267
18101,8,568,311,257
18101,9,585,313,272
18101,10,609,303,306
18101,11,711,350,361
18101,12,770,409,361
18101,13,792,395,397
18101,14,680,326,354
18101,15,502,226,276
18101,16,383,175,208
18101,17,248,108,140
18101,18,215,89,126
18103,0,35567,19133,16434
18103,1,1844,972,872
18103,2,1953,968,985
18103,3,2291,1195,1096
18103,4,2190,1176,1014
18103,5,2147,1305,842
18103,6,2447,1451,996
18103,7,2238,1385,853
18103,8,2296,1347,949
18103,9,2349,1349,1000
18103,10,2371,1323,1048
18103,11,2383,1308,1075
18103,12,2515,1317,1198
18103,13,2254,1111,1143
18103,14,2043,1037,1006
18103,15,1651,800,851
18103,16,1167,533,634
18103,17,665,279,386
18103,18,763,277,486
18105,0,146917,73034,73883
18105,1,6468,3361,3107
18105,2,6264,3273,2991
18105,3,6264,3290,2974
18105,4,15209,7460,7749
18105,5,27455,13886,13569
18105,6,12071,6395,5676
18105,7,8978,4707,4271
18105,8,8448,4284,4164
18105,9,7212,3626,3586
18105,10,7015,3479,3536
18105,11,7044,3495,3549
18105,12,7496,3592,3904
18105,13,7744,3670,4074
18105,14,6418,3036,3382
18105,15,4842,2229,2613
18105,16,3363,1500,1863
18105,17,2143,866,1277
18105,18,2483,885,1598
18107,0,38346,19448,18898
18107,1,2250,1185,1065
18107,2,2518,1297,1221
18107,3,2507,1234,1273
18107,4,2601,1498,1103
18107,5,2436,1422,1014
18107,6,2382,1235,1147
18107,7,2149,1103,1046
18107,8,2144,1119,1025
18107,9,2117,1046,1071
18107,10,2365,1207,1158
18107,11,2569,1282,1287
18107,12,2846,1434,1412
18107,13,2588,1310,1278
18107,14,2071,1004,1067
18107,15,1666,734,932
18107,16,1342,600,742
18107,17,913,420,493
18107,18,882,318,564
18109,0,70116,34819,35297
18109,1,4001,2074,1927
18109,2,4045,2108,1937
18109,3,4781,2481,2300
18109,4,4640,2393,2247
18109,5,3868,2006,1862
18109,6,4125,2058,2067
18109,7,3808,1917,1891
18109,8,4101,1989,2112
18109,9,4075,2072,2003
18109,10,4959,2435,2524
18109,11,5218,2560,2658
18109,12,5613,2848,2765
18109,13,5008,2528,2480
18109,14,4082,1871,2211
18109,15,3163,1518,1645
18109,16,2186,990,1196
18109,17,1340,572,768
18109,18,1103,399,704
18111,0,14011,7073,6938
18111,1,749,342,407
18111,2,803,413,390
18111,3,873,436,437
18111,4,842,458,384
18111,5,697,365,332
18111,6,844,459,385
18111,7,769,397,372
18111,8,830,433,397
18111,9,831,429,402
18111,10,868,449,419
18111,11,941,499,442
18111,12,1164,567,597
18111,13,1072,577,495
18111,14,887,437,450
18111,15,634,302,332
18111,16,573,266,307
18111,17,323,146,177
18111,18,311,98,213
18113,0,47532,23825,23707
18113,1,3069,1529,1540
18113,2,3121,1607,1514
18113,3,3366,1722,1644
18113,4,3195,1662,1533
18113,5,2944,1496,1448
18113,6,2974,1509,1465
18113,7,2811,1445,1366
18113,8,2770,1404,1366
18113,9,2923,1498,1425
18113,10,3003,1517,1486
18113,11,3140,1613,1527
18113,12,3383,1729,1654
18113,13,3208,1624,1584
18113,14,2732,1383,1349
18113,15,1979,936,1043
18113,16,1226,526,700
18113,17,737,319,418
18113,18,951,306,645
18115,0,5844,2894,2950
18115,1,267,134,133
18115,2,299,161,138
18115,3,331,154,177
18115,4,317,169,148
18115,5,260,118,142
18115,6,312,157,155
18115,7,325,158,167
18115,8,308,160,148
18115,9,310,155,155
18115,10,378,188,190
18115,11,418,231,187
18115,12,563,272,291
18115,13,465,236,229
18115,14,408,211,197
18115,15,337,149,188
18115,16,268,124,144
18115,17,160,77,83
18115,18,118,40,78
18117,0,19489,9719,9770
18117,1,1155,606,549
18117,2,1178,612,566
18117,3,1263,672,591
18117,4,1275,679,596
18117,5,1078,559,519
18117,6,1092,555,537
18117,7,1039,525,514
18117,8,1101,552,549
18117,9,1104,540,564
18117,10,1163,600,563
18117,11,1314,658,656
18117,12,1485,736,749
18117,13,1434,708,726
18117,14,1218,578,640
18117,15,1029,477,552
18117,16,692,313,379
18117,17,450,202,248
18117,18,419,147,272
18119,0,20845,10423,10422
18119,1,1088,548,540
18119,2,1159,592,567
18119,3,1299,662,637
18119,4,1299,659,640
18119,5,1104,558,546
18119,6,1105,553,552
18119,7,1144,579,565
18119,8,1108,568,540
18119,9,1177,589,588
18119,10,1356,692,664
18119,11,1568,782,786
18119,12,1780,902,878
18119,13,1639,837,802
18119,14,1407,679,728
18119,15,1082,533,549
18119,16,739,375,364
18119,17,430,180,250
18119,18,361,135,226
18121,0,16927,8000,8927
18121,1,1020,545,475
18121,2,977,510,467
18121,3,1059,562,497
18121,4,918,479,439
18121,5,975,419,556
18121,6,1134,483,651
18121,7,1049,431,618
18121,8,970,403,567
18121,9,947,409,538
18121,10,1042,474,568
18121,11,1109,544,565
18121,12,1280,604,676
18121,13,1166,574,592
18121,14,1089,508,581
18121,15,885,464,421
18121,16,590,288,302
18121,17,380,178,202
18121,18,337,125,212
18123,0,19102,10232,8870
18123,1,1032,504,528
18123,2,1082,575,507
18123,3,1218,621,597
18123,4,1048,567,481
18123,5,1121,692,429
18123,6,1319,829,490
18123,7,1184,698,486
18123,8,1237,723,514
18123,9,1121,615,506
18123,10,1177,665,512
18123,11,1214,672,542
18123,12,1411,713,698
18123,13,1348,677,671
18123,14,1222,627,595
18123,15,874,414,460
18123,16,581,282,299
18123,17,424,182,242
18123,18,489,176,313
18125,0,12410,6187,6223
18125,1,720,350,370
18125,2,722,363,359
18125,3,801,393,408
18125,4,733,378,355
18125,5,589,299,290
18125,6,718,375,343
18125,7,644,333,311
18125,8,716,354,362
18125,9,717,363,354
18125,10,814,412,402
18125,11,823,427,396
18125,12,962,471,491
18125,13,964,497,467
18125,14,803,426,377
18125,15,625,295,330
18125,16,461,212,249
18125,17,321,149,172
18125,18,277,90,187
18127,0,169594,83930,85664
18127,1,9232,4713,4519
18127,2,10018,5184,4834
18127,3,11013,5686,5327
18127,4,11699,6049,5650
18127,5,10742,5552,5190
18127,6,10282,5280,5002
18127,7,10471,5258,5213
18127,8,11464,5700,5764
18127,9,10800,5360,5440
18127,10,11131,5553,5578
18127,11,10909,5390,5519
18127,12,12101,5792,6309
18127,13,11929,5775,6154
18127,14,9735,4732,5003
18127,15,7162,3429,3733
18127,16,4714,2198,2516
18127,17,3068,1245,1823
18127,18,3124,1034,2090
18129,0,25540,12755,12785
18129,1,1391,729,662
18129,2,1628,795,833
18129,3,1630,859,771
18129,4,1497,780,717
18129,5,1397,698,699
18129,6,1399,727,672
18129,7,1441,706,735
18129,8,1545,807,738
18129,9,1448,744,704
18129,10,1582,779,803
18129,11,1735,868,867
18129,12,2024,1021,1003
18129,13,2024,1046,978
18129,14,1662,817,845
18129,15,1174,568,606
18129,16,838,385,453
18129,17,549,233,316
18129,18,576,193,383
18131,0,12469,6357,6112
18131,1,658,315,343
18131,2,754,408,346
18131,3,862,467,395
18131,4,774,411,363
18131,5,665,356,309
18131,6,713,371,342
18131,7,665,343,322
18131,8,728,390,338
18131,9,732,376,356
18131,10,755,387,368
18131,11,880,407,473
18131,12,903,469,434
18131,13,937,486,451
18131,14,786,397,389
18131,15,577,276,301
18131,16,487,255,232
18131,17,292,131,161
18131,18,301,112,189
18133,0,37779,19840,17939
18133,1,1942,1012,930
18133,2,1973,1025,948
18133,3,2142,1086,1056
18133,4,2976,1482,1494
18133,5,3662,1971,1691
18133,6,2540,1543,997
18133,7,2239,1306,933
18133,8,2124,1223,901
18133,9,2109,1169,940
18133,10,2342,1248,1094
18133,11,2480,1337,1143
18133,12,2627,1357,1270
18133,13,2360,1223,1137
18133,14,1989,1007,982
18133,15,1539,686,853
18133,16,1174,532,642
18133,17,790,333,457
18133,18,771,300,471
18135,0,24851,12202,12649
18135,1,1464,752,712
18135,2,1503,736,767
18135,3,1637,829,808
18135,4,1662,847,815
18135,5,1369,706,663
18135,6,1363,680,683
18135,7,1240,656,584
18135,8,1354,647,707
18135,9,1438,701,737
18135,10,1626,851,775
18135,11,1609,804,805
18135,12,1790,890,900
18135,13,1751,874,877
18135,14,1481,674,807
18135,15,1251,608,643
18135,16,952,437,515
18135,17,650,272,378
18135,18,711,238,473
18137,0,28523,14128,14395
18137,1,1686,877,809
18137,2,1789,917,872
18137,3,1983,1011,972
18137,4,1972,1040,932
18137,5,1730,893,837
18137,6,1656,849,807
18137,7,1482,704,778
18137,8,1703,833,870
18137,9,1648,829,819
18137,10,1869,903,966
18137,11,1946,973,973
18137,12,2069,1008,1061
18137,13,1905,951,954
18137,14,1587,771,816
18137,15,1330,665,665
18137,16,900,417,483
18137,17,611,271,340
18137,18,657,216,441
18139,0,16663,8223,8440
18139,1,972,505,467
18139,2,970,486,484
18139,3,1144,579,565
18139,4,1081,551,530
18139,5,980,501,479
18139,6,966,475,491
18139,7,884,436,448
18139,8,924,456,468
18139,9,942,475,467
18139,10,1104,548,556
18139,11,1173,611,562
18139,12,1251,620,631
18139,13,1216,624,592
18139,14,924,432,492
18139,15,767,359,408
18139,16,577,261,316
18139,17,409,179,230
18139,18,379,125,254
18141,0,270771,131836,138935
18141,1,17363,8836,8527
18141,2,17721,8955,8766
18141,3,17982,9322,8660
18141,4,20110,10140,9970
18141,5,20368,9795,10573
18141,6,19012,9460,9552
18141,7,17102,8599,8503
18141,8,16725,8203,8522
18141,9,15161,7443,7718
18141,10,16018,7811,8207
18141,11,16011,7829,8182
18141,12,17279,8351,8928
18141,13,17136,8275,8861
18141,14,14501,6942,7559
18141,15,10134,4722,5412
18141,16,7045,3066,3979
18141,17,4805,1956,2849
18141,18,6298,2131,4167
18143,0,23878,11731,12147
18143,1,1411,730,681
18143,2,1472,720,752
18143,3,1562,737,825
18143,4,1462,779,683
18143,5,1366,693,673
18143,6,1555,796,759
18143,7,1369,688,681
18143,8,1416,680,736
18143,9,1514,721,793
18143,10,1715,875,840
18143,11,1642,849,793
18143,12,1833,906,927
18143,13,1586,772,814
18143,14,1300,623,677
18143,15,1091,502,589
18143,16,764,337,427
18143,17,474,186,288
18143,18,346,137,209
18145,0,44593,22146,22447
18145,1,2567,1337,1230
18145,2,2746,1390,1356
18145,3,2990,1553,1437
18145,4,2805,1457,1348
18145,5,2493,1279,1214
18145,6,2753,1385,1368
18145,7,2583,1310,1273
18145,8,2622,1310,1312
18145,9,2722,1417,1305
18145,10,2879,1428,1451
18145,11,3164,1544,1620
18145,12,3405,1693,1712
18145,13,3220,1610,1610
18145,14,2518,1219,1299
18145,15,1893,919,974
18145,16,1406,634,772
18145,17,861,336,525
18145,18,966,325,641
18147,0,20327,10232,10095
18147,1,1057,530,527
18147,2,1173,605,568
18147,3,1363,701,662
18147,4,1279,649,630
18147,5,1098,561,537
18147,6,1067,567,500
18147,7,1093,562,531
18147,8,1155,597,558
18147,9,1165,575,590
18147,10,1294,654,640
18147,11,1456,747,709
18147,12,1662,851,811
18147,13,1533,762,771
18147,14,1261,632,629
18147,15,1042,509,533
18147,16,725,347,378
18147,17,442,211,231
18147,18,462,172,290
18149,0,22935,11437,11498
18149,1,1346,715,631
18149,2,1404,717,687
18149,3,1546,803,743
18149,4,1426,684,742
18149,5,1223,636,587
18149,6,1399,705,694
18149,7,1244,608,636
18149,8,1340,680,660
18149,9,1297,652,645
18149,10,1509,758,751
18149,11,1461,722,739
18149,12,1736,852,884
18149,13,1738,874,864
18149,14,1488,757,731
18149,15,1061,496,565
18149,16,823,373,450
18149,17,549,260,289
18149,18,345,145,200
18151,0,34586,17560,17026
18151,1,1976,1015,961
18151,2,1842,936,906
18151,3,2012,1039,973
18151,4,2393,1270,1123
18151,5,2405,1389,1016
18151,6,1912,976,936
18151,7,1745,898,847
18151,8,1727,896,831
18151,9,1765,898,867
18151,10,2181,1098,1083
18151,11,2410,1212,1198
18151,12,2583,1300,1283
18151,13,2652,1346,1306
18151,14,2394,1165,1229
18151,15,1863,919,944
18151,16,1236,593,643
18151,17,802,383,419
18151,18,688,227,461
18153,0,20690,11241,9449
18153,1,1043,534,509
18153,2,1073,592,481
18153,3,1119,586,533
18153,4,1204,677,527
18153,5,1249,793,456
18153,6,1530,927,603
18153,7,1410,879,531
18153,8,1362,812,550
18153,9,1389,799,590
18153,10,1434,841,593
18153,11,1424,758,666
18153,12,1393,713,680
18153,13,1342,683,659
18153,14,1196,580,616
18153,15,997,461,536
18153,16,642,276,366
18153,17,415,174,241
18153,18,468,156,312
18155,0,10717,5524,5193
18155,1,674,348,326
18155,2,764,413,351
18155,3,771,415,356
18155,4,674,356,318
18155,5,547,308,239
18155,6,592,287,305
18155,7,580,288,292
18155,8,666,348,318
18155,9,632,326,306
18155,10,695,372,323
18155,11,767,386,381
18155,12,790,399,391
18155,13,710,359,351
18155,14,602,327,275
18155,15,478,244,234
18155,16,355,179,176
18155,17,232,102,130
18155,18,188,67,121
18157,0,193048,98678,94370
18157,1,11461,5852,5609
18157,2,11159,5695,5464
18157,3,10891,5523,5368
18157,4,18404,9786,8618
18157,5,33702,19089,14613
18157,6,15572,8184,7388
18157,7,11933,6219,5714
18157,8,10676,5429,5247
18157,9,9613,4807,4806
18157,10,9675,4819,4856
18157,11,9124,4545,4579
18157,12,9459,4619,4840
18157,13,8908,4218,4690
18157,14,7593,3561,4032
18157,15,5508,2499,3009
18157,16,3799,1698,2101
18157,17,2607,1077,1530
18157,18,2964,1058,1906
18159,0,15128,7537,7591
18159,1,813,426,387
18159,2,774,394,380
18159,3,922,480,442
18159,4,976,516,460
18159,5,824,448,376
18159,6,878,466,412
18159,7,778,377,401
18159,8,785,394,391
18159,9,810,402,408
18159,10,1076,535,541
18159,11,1032,529,503
18159,12,1179,562,617
18159,13,1125,596,529
18159,14,943,452,491
18159,15,837,413,424
18159,16,600,264,336
18159,17,369,160,209
18159,18,407,123,284
18161,0,7037,3491,3546
18161,1,374,183,191
18161,2,357,200,157
18161,3,432,229,203
18161,4,421,223,198
18161,5,407,220,187
18161,6,451,244,207
18161,7,346,162,184
18161,8,412,205,207
18161,9,391,179,212
18161,10,475,238,237
18161,11,534,253,281
18161,12,585,286,299
18161,13,489,255,234
18161,14,458,220,238
18161,15,357,167,190
18161,16,251,114,137
18161,17,145,58,87
18161,18,152,55,97
18163,0,180974,87699,93275
18163,1,10921,5663,5258
18163,2,10861,5453,5408
18163,3,10898,5487,5411
18163,4,11463,5680,5783
18163,5,12453,6034,6419
18163,6,13593,6810,6783
18163,7,12274,6149,6125
18163,8,11491,5765,5726
18163,9,9897,4914,4983
18163,10,10414,5170,5244
18163,11,10787,5244,5543
18163,12,12728,6161,6567
18163,13,12621,6061,6560
18163,14,10110,4822,5288
18163,15,7127,3199,3928
18163,16,5158,2180,2978
18163,17,3865,1548,2317
18163,18,4313,1359,2954
18165,0,15479,7691,7788
18165,1,845,433,412
18165,2,918,481,437
18165,3,975,533,442
18165,4,1013,547,466
18165,5,818,428,390
18165,6,936,483,453
18165,7,800,415,385
18165,8,881,434,447
18165,9,909,446,463
18165,10,1066,531,535
18165,11,991,504,487
18165,12,1115,530,585
18165,13,1110,529,581
18165,14,1022,509,513
18165,15,783,372,411
18165,16,567,275,292
18165,17,350,125,225
18165,18,380,116,264
18167,0,107386,54405,52981
18167,1,6190,3237,2953
18167,2,6033,3135,2898
18167,3,6101,3117,2984
18167,4,7848,4159,3689
18167,5,11710,6122,5588
18167,6,7653,4168,3485
18167,7,6437,3623,2814
18167,8,6499,3542,2957
18167,9,5779,3090,2689
18167,10,6248,3253,2995
18167,11,6315,3296,3019
18167,12,6500,3201,3299
18167,13,6556,3193,3363
18167,14,5603,2597,3006
18167,15,4389,2012,2377
18167,16,3109,1230,1879
18167,17,2099,765,1334
18167,18,2317,665,1652
18169,0,31280,15158,16122
18169,1,1661,835,826
18169,2,1692,809,883
18169,3,1892,974,918
18169,4,2315,1166,1149
18169,5,2099,1058,1041
18169,6,1747,907,840
18169,7,1567,756,811
18169,8,1723,853,870
18169,9,1702,852,850
18169,10,1887,950,937
18169,11,1954,937,1017
18169,12,2291,1127,1164
18169,13,2224,1118,1106
18169,14,1858,880,978
18169,15,1561,728,833
18169,16,1146,517,629
18169,17,902,352,550
18169,18,1059,339,720
18171,0,8263,4086,4177
18171,1,442,214,228
18171,2,532,267,265
18171,3,543,261,282
18171,4,503,251,252
18171,5,377,198,179
18171,6,456,226,230
18171,7,442,222,220
18171,8,464,222,242
18171,9,457,231,226
18171,10,557,281,276
18171,11,581,301,280
18171,12,645,347,298
18171,13,593,301,292
18171,14,510,238,272
18171,15,409,200,209
18171,16,338,155,183
18171,17,216,102,114
18171,18,198,69,129
18173,0,62567,30670,31897
18173,1,3416,1666,1750
18173,2,4113,2123,1990
18173,3,4584,2316,2268
18173,4,4185,2176,2009
18173,5,3256,1710,1546
18173,6,3381,1703,1678
18173,7,3428,1601,1827
18173,8,4169,2057,2112
18173,9,3938,1970,1968
18173,10,4339,2200,2139
18173,11,4095,2011,2084
18173,12,4538,2218,2320
18173,13,4178,1993,2185
18173,14,3665,1739,1926
18173,15,2853,1335,1518
18173,16,1960,912,1048
18173,17,1166,505,661
18173,18,1303,435,868
18175,0,27943,13920,14023
18175,1,1671,841,830
18175,2,1678,840,838
18175,3,1849,930,919
18175,4,1788,930,858
18175,5,1595,818,777
18175,6,1720,891,829
18175,7,1558,766,792
18175,8,1652,844,808
18175,9,1697,880,817
18175,10,1858,944,914
18175,11,2025,1034,991
18175,12,2112,1023,1089
18175,13,1974,982,992
18175,14,1634,776,858
18175,15,1275,598,677
18175,16,855,408,447
18175,17,507,229,278
18175,18,495,186,309
18177,0,65936,31937,33999
18177,1,3711,1851,1860
18177,2,4051,2038,2013
18177,3,4195,2147,2048
18177,4,4249,2169,2080
18177,5,4214,2151,2063
18177,6,3948,2010,1938
18177,7,3706,1815,1891
18177,8,3814,1882,1932
18177,9,3748,1899,1849
18177,10,4161,2041,2120
18177,11,4302,2116,2186
18177,12,4660,2239,2421
18177,13,4546,2205,2341
18177,14,3957,1845,2112
18177,15,3025,1320,1705
18177,16,2310,993,1317
18177,17,1612,669,943
18177,18,1727,547,1180
18179,0,28206,13912,14294
18179,1,1839,959,880
18179,2,1973,990,983
18179,3,1986,985,1001
18179,4,1754,943,811
18179,5,1574,835,739
18179,6,1655,814,841
18179,7,1553,771,782
18179,8,1719,883,836
18179,9,1523,769,754
18179,10,1660,823,837
18179,11,1764,893,871
18179,12,2063,1007,1056
18179,13,1979,987,992
18179,14,1636,779,857
18179,15,1221,599,622
18179,16,918,396,522
18179,17,615,239,376
18179,18,774,240,534
18181,0,24133,12010,12123
18181,1,1460,720,740
18181,2,1594,822,772
18181,3,1545,801,744
18181,4,1593,840,753
18181,5,1333,720,613
18181,6,1349,687,662
18181,7,1183,579,604
18181,8,1275,658,617
18181,9,1329,681,648
18181,10,1558,806,752
18181,11,1489,716,773
18181,12,1747,869,878
18181,13,1824,861,963
18181,14,1568,781,787
18181,15,1277,618,659
18181,16,819,370,449
18181,17,561,237,324
18181,18,629,244,385
18183,0,34074,16983,17091
18183,1,2074,1052,1022
18183,2,2097,1055,1042
18183,3,2305,1208,1097
18183,4,2105,1140,965
18183,5,1864,921,943
18183,6,2036,1051,985
18183,7,1986,1038,948
18183,8,1988,966,1022
18183,9,2058,1071,987
18183,10,2158,1095,1063
18183,11,2158,1061,1097
18183,12,2631,1305,1326
18183,13,2490,1265,1225
18183,14,2092,1022,1070
18183,15,1546,760,786
18183,16,1003,444,559
18183,17,688,291,397
18183,18,795,238,557
19001,0,7063,3509,3554
19001,1,384,207,177
19001,2,422,213,209
19001,3,438,215,223
19001,4,407,204,203
19001,5,337,184,153
19001,6,381,199,182
19001,7,406,209,197
19001,8,404,205,199
19001,9,346,164,182
19001,10,367,185,182
19001,11,439,223,216
19001,12,593,299,294
19001,13,536,293,243
19001,14,470,230,240
19001,15,335,164,171
19001,16,265,111,154
19001,17,218,84,134
19001,18,315,120,195
19003,0,3645,1825,1820
19003,1,212,115,97
19003,2,215,112,103
19003,3,222,97,125
19003,4,195,112,83
19003,5,152,73,79
19003,6,203,104,99
19003,7,195,105,90
19003,8,200,104,96
19003,9,169,78,91
19003,10,192,106,86
19003,11,219,93,126
19003,12,344,182,162
19003,13,286,143,143
19003,14,246,131,115
19003,15,201,103,98
19003,16,171,84,87
19003,17,108,40,68
19003,18,115,43,72
19005,0,13832,7019,6813
19005,1,958,489,469
19005,2,879,441,438
19005,3,904,482,422
19005,4,778,382,396
19005,5,689,374,315
19005,6,710,377,333
19005,7,683,354,329
19005,8,738,383,355
19005,9,652,341,311
19005,10,707,352,355
19005,11,865,443,422
19005,12,1050,524,526
19005,13,1076,559,517
19005,14,997,512,485
19005,15,751,373,378
19005,16,557,285,272
19005,17,425,198,227
19005,18,413,150,263
19007,0,12437,6143,6294
19007,1,709,373,336
19007,2,773,390,383
19007,3,813,422,391
19007,4,720,370,350
19007,5,612,332,280
19007,6,648,312,336
19007,7,611,294,317
19007,8,702,347,355
19007,9,628,310,318
19007,10,699,338,361
19007,11,793,433,360
19007,12,903,432,471
19007,13,1003,524,479
19007,14,824,392,432
19007,15,717,340,377
19007,16,515,237,278
19007,17,346,152,194
19007,18,421,145,276
19009,0,5506,2673,2833
19009,1,333,169,164
19009,2,298,165,133
19009,3,310,147,163
19009,4,288,138,150
19009,5,280,138,142
19009,6,279,138,141
19009,7,249,115,134
19009,8,277,145,132
19009,9,259,137,122
19009,10,281,137,144
19009,11,347,173,174
19009,12,499,250,249
19009,13,444,229,215
19009,14,363,181,182
19009,15,295,140,155
19009,16,249,113,136
19009,17,188,86,102
19009,18,267,72,195
19011,0,25642,12785,12857
19011,1,1554,791,763
19011,2,1607,795,812
19011,3,1759,892,867
19011,4,1590,791,799
19011,5,1309,716,593
19011,6,1288,667,621
19011,7,1361,693,668
19011,8,1538,774,764
19011,9,1499,738,761
19011,10,1550,763,787
19011,11,1912,947,965
19011,12,2081,1025,1056
19011,13,1827,966,861
19011,14,1410,720,690
19011,15,1154,541,613
19011,16,869,429,440
19011,17,601,262,339
19011,18,733,275,458
19013,0,132408,65095,67313
19013,1,8367,4288,4079
19013,2,8066,4162,3904
19013,3,7873,4037,3836
19013,4,9049,4236,4813
19013,5,15023,7332,7691
19013,6,9333,4911,4422
19013,7,8006,4095,3911
19013,8,8092,4089,4003
19013,9,6961,3551,3410
19013,10,6770,3408,3362
19013,11,7014,3506,3508
19013,12,7862,3794,4068
19013,13,8273,3968,4305
19013,14,7191,3478,3713
19013,15,5162,2437,2725
19013,16,3643,1674,1969
19013,17,2637,1046,1591
19013,18,3086,1083,2003
19015,0,26346,13312,13034
19015,1,1388,707,681
19015,2,1479,734,745
19015,3,1645,896,749
19015,4,1634,955,679
19015,5,1428,735,693
19015,6,1596,814,782
19015,7,1618,835,783
19015,8,1737,906,831
19015,9,1564,774,790
19015,10,1594,819,775
19015,11,1724,891,833
19015,12,2063,1008,1055
19015,13,2022,1004,1018
19015,14,1659,855,804
19015,15,1146,550,596
19015,16,774,350,424
19015,17,576,253,323
19015,18,699,226,473
19017,0,24947,12348,12599
19017,1,1423,741,682
19017,2,1504,788,716
19017,3,1682,871,811
19017,4,1959,989,970
19017,5,1934,977,957
19017,6,1263,644,619
19017,7,1308,634,674
19017,8,1593,803,790
19017,9,1412,711,701
19017,10,1413,723,690
19017,11,1428,711,717
19017,12,1593,794,799
19017,13,1549,752,797
19017,14,1392,698,694
19017,15,1177,554,623
19017,16,917,406,511
19017,17,641,297,344
19017,18,759,255,504
19019,0,21199,10542,10657
19019,1,1386,702,684
19019,2,1494,743,751
19019,3,1647,818,829
19019,4,1466,776,690
19019,5,1013,532,481
19019,6,1187,602,585
19019,7,1236,619,617
19019,8,1379,724,655
19019,9,1186,614,572
19019,10,1182,603,579
19019,11,1317,624,693
19019,12,1534,768,766
19019,13,1386,667,719
19019,14,1186,603,583
19019,15,935,429,506
19019,16,693,325,368
19019,17,466,220,246
19019,18,506,173,333
19021,0,19874,10095,9779
19021,1,1482,763,719
19021,2,1414,698,716
19021,3,1375,710,665
19021,4,1437,737,700
19021,5,1450,768,682
19021,6,1318,698,620
19021,7,1257,678,579
19021,8,1246,658,588
19021,9,1027,527,500
19021,10,1007,512,495
19021,11,1098,553,545
19021,12,1304,647,657
19021,13,1261,663,598
19021,14,1017,523,494
19021,15,702,346,356
19021,16,530,244,286
19021,17,396,175,221
19021,18,553,195,358
19023,0,14539,7257,7282
19023,1,737,377,360
19023,2,915,479,436
19023,3,1063,556,507
19023,4,838,432,406
19023,5,780,435,345
19023,6,684,377,307
19023,7,730,356,374
19023,8,922,445,477
19023,9,790,404,386
19023,10,798,401,397
19023,11,928,436,492
19023,12,1007,499,508
19023,13,1100,571,529
19023,14,962,473,489
19023,15,776,390,386
19023,16,555,255,300
19023,17,411,168,243
19023,18,543,203,340
19025,0,9699,5005,4694
19025,1,556,269,287
19025,2,615,323,292
19025,3,574,291,283
19025,4,523,289,234
19025,5,525,323,202
19025,6,561,317,244
19025,7,552,305,247
19025,8,561,303,258
19025,9,515,305,210
19025,10,473,238,235
19025,11,553,294,259
19025,12,690,352,338
19025,13,776,399,377
19025,14,629,319,310
19025,15,500,226,274
19025,16,366,171,195
19025,17,335,148,187
19025,18,395,133,262
19027,0,20154,9924,10230
19027,1,1327,674,653
19027,2,1406,711,695
19027,3,1415,742,673
19027,4,1204,608,596
19027,5,1104,565,539
19027,6,1044,513,531
19027,7,1102,558,544
19027,8,1114,582,532
19027,9,1079,536,543
19027,10,1067,524,543
19027,11,1269,662,607
19027,12,1489,748,741
19027,13,1439,708,731
19027,14,1221,610,611
19027,15,827,381,446
19027,16,703,307,396
19027,17,594,232,362
19027,18,750,263,487
19029,0,12930,6368,6562
19029,1,691,348,343
19029,2,789,399,390
19029,3,906,492,414
19029,4,765,407,358
19029,5,614,322,292
19029,6,706,361,345
19029,7,611,318,293
19029,8,717,360,357
19029,9,687,343,344
19029,10,682,358,324
19029,11,778,385,393
19029,12,1005,477,528
19029,13,982,496,486
19029,14,842,394,448
19029,15,695,332,363
19029,16,560,244,316
19029,17,430,187,243
19029,18,470,145,325
19031,0,18627,9271,9356
19031,1,979,503,476
19031,2,1095,566,529
19031,3,1241,631,610
19031,4,1169,588,581
19031,5,903,471,432
19031,6,984,492,492
19031,7,993,505,488
19031,8,1178,597,581
19031,9,1147,579,568
19031,10,1123,589,534
19031,11,1256,611,645
19031,12,1522,754,768
19031,13,1367,700,667
19031,14,1163,595,568
19031,15,838,400,438
19031,16,607,287,320
19031,17,470,202,268
19031,18,592,201,391
19033,0,42647,20870,21777
19033,1,2344,1163,1181
19033,2,2447,1293,1154
19033,3,2571,1313,1258
19033,4,2469,1334,1135
19033,5,2367,1210,1157
19033,6,2488,1263,1225
19033,7,2294,1145,1149
19033,8,2481,1308,1173
19033,9,2205,1090,1115
19033,10,2310,1126,1184
19033,11,2666,1314,1352
19033,12,3399,1655,1744
19033,13,3320,1597,1723
19033,14,2909,1452,1457
19033,15,2108,944,1164
19033,16,1536,681,855
19033,17,1208,502,706
19033,18,1525,480,1045
19035,0,11321,5692,5629
19035,1,655,357,298
19035,2,700,354,346
19035,3,717,370,347
19035,4,597,301,296
19035,5,502,270,232
19035,6,616,310,306
19035,7,588,307,281
19035,8,611,323,288
19035,9,524,271,253
19035,10,588,322,266
19035,11,657,333,324
19035,12,910,462,448
19035,13,935,465,470
19035,14,793,419,374
19035,15,552,269,283
19035,16,463,207,256
19035,17,361,145,216
19035,18,552,207,345
19037,0,11964,6055,5909
19037,1,720,378,342
19037,2,766,381,385
19037,3,832,422,410
19037,4,737,384,353
19037,5,644,357,287
19037,6,598,305,293
19037,7,551,279,272
19037,8,700,361,339
19037,9,615,305,310
19037,10,645,343,302
19037,11,788,399,389
19037,12,937,487,450
19037,13,946,508,438
19037,14,753,371,382
19037,15,582,268,314
19037,16,442,208,234
19037,17,344,163,181
19037,18,364,136,228
19039,0,9423,4772,4651
19039,1,665,339,326
19039,2,681,369,312
19039,3,715,382,333
19039,4,577,291,286
19039,5,476,243,233
19039,6,518,277,241
19039,7,552,286,266
19039,8,565,312,253
19039,9,522,258,264
19039,10,515,255,260
19039,11,565,307,258
19039,12,679,335,344
19039,13,650,342,308
19039,14,561,277,284
19039,15,401,194,207
19039,16,295,125,170
19039,17,214,89,125
19039,18,272,91,181
19041,0,16134,7936,8198
19041,1,983,504,479
19041,2,1000,503,497
19041,3,1071,534,537
19041,4,933,462,471
19041,5,804,405,399
19041,6,927,499,428
19041,7,932,457,475
19041,8,1033,526,507
19041,9,892,424,468
19041,10,874,454,420
19041,11,936,472,464
19041,12,1173,573,600
19041,13,1232,612,620
19041,14,978,486,492
19041,15,726,337,389
19041,16,597,287,310
19041,17,424,198,226
19041,18,619,203,416
19043,0,17556,8885,8671
19043,1,964,496,468
19043,2,1002,530,472
19043,3,1116,576,540
19043,4,980,510,470
19043,5,824,408,416
19043,6,881,452,429
19043,7,858,444,414
19043,8,910,484,426
19043,9,842,438,404
19043,10,960,514,446
19043,11,1069,556,513
19043,12,1469,726,743
19043,13,1508,780,728
19043,14,1296,671,625
19043,15,950,488,462
19043,16,731,348,383
19043,17,541,241,300
19043,18,655,223,432
19045,0,46518,22844,23674
19045,1,2773,1388,1385
19045,2,2954,1528,1426
19045,3,3026,1571,1455
19045,4,2841,1436,1405
19045,5,2528,1243,1285
19045,6,2656,1316,1340
19045,7,2509,1255,1254
19045,8,2683,1312,1371
19045,9,2560,1285,1275
19045,10,2713,1338,1375
19045,11,3096,1569,1527
19045,12,3655,1797,1858
19045,13,3364,1662,1702
19045,14,2771,1357,1414
19045,15,2219,1053,1166
19045,16,1660,779,881
19045,17,1214,525,689
19045,18,1296,430,866
19047,0,17158,8767,8391
19047,1,1195,591,604
19047,2,1209,618,591
19047,3,1187,607,580
19047,4,1230,649,581
19047,5,1062,542,520
19047,6,1006,518,488
19047,7,1050,567,483
19047,8,1013,578,435
19047,9,956,497,459
19047,10,995,508,487
19047,11,970,489,481
19047,12,1189,638,551
19047,13,1090,569,521
19047,14,892,466,426
19047,15,721,354,367
19047,16,552,273,279
19047,17,364,146,218
19047,18,477,157,320
19049,0,90180,44496,45684
19049,1,6945,3552,3393
19049,2,7373,3783,3590
19049,3,6915,3520,3395
19049,4,5686,2864,2822
19049,5,4642,2323,2319
19049,6,6030,2986,3044
19049,7,6998,3425,3573
19049,8,7947,3984,3963
19049,9,6440,3300,3140
19049,10,6074,3041,3033
19049,11,5339,2714,2625
19049,12,4821,2387,2434
19049,13,4157,1944,2213
19049,14,3649,1688,1961
19049,15,2637,1216,1421
19049,16,1774,794,980
19049,17,1286,507,779
19049,18,1467,468,999
19051,0,9017,4462,4555
19051,1,809,400,409
19051,2,688,322,366
19051,3,745,376,369
19051,4,601,291,310
19051,5,486,268,218
19051,6,511,267,244
19051,7,463,227,236
19051,8,504,254,250
19051,9,472,240,232
19051,10,487,252,235
19051,11,480,235,245
19051,12,594,303,291
19051,13,564,292,272
19051,14,501,244,257
19051,15,351,174,177
19051,16,295,133,162
19051,17,223,100,123
19051,18,243,84,159
19053,0,7890,3940,3950
19053,1,508,263,245
19053,2,444,218,226
19053,3,487,246,241
19053,4,709,365,344
19053,5,933,508,425
19053,6,389,198,191
19053,7,353,174,179
19053,8,387,207,180
19053,9,353,175,178
19053,10,381,195,186
19053,11,358,176,182
19053,12,492,244,248
19053,13,512,248,264
19053,14,458,243,215
19053,15,376,183,193
19053,16,277,120,157
19053,17,207,84,123
19053,18,266,93,173
19055,0,17069,8611,8458
19055,1,1075,552,523
19055,2,1057,537,520
19055,3,1188,604,584
19055,4,1080,560,520
19055,5,927,475,452
19055,6,819,441,378
19055,7,841,432,409
19055,8,996,513,483
19055,9,876,434,442
19055,10,993,503,490
19055,11,1141,590,551
19055,12,1447,702,745
19055,13,1337,697,640
19055,14,1017,529,488
19055,15,717,355,362
19055,16,588,280,308
19055,17,491,233,258
19055,18,479,174,305
19057,0,39138,19041,20097
19057,1,2309,1147,1162
19057,2,2466,1261,1205
19057,3,2556,1291,1265
19057,4,2268,1137,1131
19057,5,2100,1085,1015
19057,6,2271,1150,1121
19057,7,2118,998,1120
19057,8,2461,1207,1254
19057,9,2106,1070,1036
19057,10,2305,1133,1172
19057,11,2429,1198,1231
19057,12,2837,1378,1459
19057,13,2762,1366,1396
19057,14,2538,1245,1293
19057,15,1918,879,1039
19057,16,1483,689,794
19057,17,1005,396,609
19057,18,1206,411,795
19059,0,17153,8521,8632
19059,1,826,418,408
19059,2,913,483,430
19059,3,978,507,471
19059,4,876,458,418
19059,5,777,403,374
19059,6,889,461,428
19059,7,841,443,398
19059,8,920,469,451
19059,9,897,485,412
19059,10,994,495,499
19059,11,959,465,494
19059,12,1333,670,663
19059,13,1465,719,746
19059,14,1467,716,751
19059,15,1085,527,558
19059,16,742,340,402
19059,17,549,228,321
19059,18,642,234,408
19061,0,96854,47863,48991
19061,1,6079,3142,2937
19061,2,5971,3030,2941
19061,3,6158,3114,3044
19061,4,6805,3489,3316
19061,5,6762,3486,3276
19061,6,6334,3264,3070
19061,7,5966,3061,2905
19061,8,5801,2981,2820
19061,9,4942,2433,2509
19061,10,5326,2707,2619
19061,11,6087,3029,3058
19061,12,6764,3360,3404
19061,13,6450,3165,3285
19061,14,5567,2739,2828
19061,15,3813,1785,2028
19061,16,3107,1309,1798
19061,17,2305,959,1346
19061,18,2617,810,1807
19063,0,9253,4646,4607
19063,1,507,261,246
19063,2,471,254,217
19063,3,543,273,270
19063,4,662,316,346
19063,5,514,266,248
19063,6,571,334,237
19063,7,474,239,235
19063,8,571,306,265
19063,9,509,255,254
19063,10,483,245,238
19063,11,527,271,256
19063,12,691,349,342
19063,13,751,393,358
19063,14,623,309,314
19063,15,420,197,223
19063,16,336,162,174
19063,17,266,113,153
19063,18,334,103,231
19065,0,19660,9910,9750
19065,1,1076,533,543
19065,2,1110,592,518
19065,3,1217,648,569
19065,4,1283,661,622
19065,5,1250,701,549
19065,6,1155,598,557
19065,7,1027,517,510
19065,8,1021,510,511
19065,9,934,506,428
19065,10,1009,505,504
19065,11,1291,682,609
19065,12,1549,803,746
19065,13,1511,766,745
19065,14,1245,611,634
19065,15,947,470,477
19065,16,776,329,447
19065,17,594,256,338
19065,18,665,222,443
19067,0,15761,7793,7968
19067,1,979,531,448
19067,2,929,449,480
19067,3,1061,551,510
19067,4,983,500,483
19067,5,873,437,436
19067,6,871,448,423
19067,7,829,423,406
19067,8,861,439,422
19067,9,774,382,392
19067,10,896,438,458
19067,11,1037,516,521
19067,12,1173,583,590
19067,13,1058,523,535
19067,14,1020,469,551
19067,15,805,390,415
19067,16,662,326,336
19067,17,465,208,257
19067,18,485,180,305
19069,0,10124,5099,5025
19069,1,634,296,338
19069,2,600,340,260
19069,3,725,413,312
19069,4,595,279,316
19069,5,512,270,242
19069,6,525,265,260
19069,7,515,262,253
19069,8,599,333,266
19069,9,515,253,262
19069,10,563,287,276
19069,11,614,303,311
19069,12,761,372,389
19069,13,841,436,405
19069,14,619,308,311
19069,15,487,250,237
19069,16,407,197,210
19069,17,257,116,141
19069,18,355,119,236
19071,0,6993,3488,3505
19071,1,422,238,184
19071,2,420,211,209
19071,3,460,227,233
19071,4,395,214,181
19071,5,330,175,155
19071,6,334,173,161
19071,7,357,182,175
19071,8,389,206,183
19071,9,354,170,184
19071,10,403,202,201
19071,11,415,200,215
19071,12,542,267,275
19071,13,588,296,292
19071,14,507,250,257
19071,15,367,178,189
19071,16,253,118,135
19071,17,211,100,111
19071,18,246,81,165
19073,0,8981,4430,4551
19073,1,565,295,270
19073,2,577,286,291
19073,3,569,305,264
19073,4,578,299,279
19073,5,431,215,216
19073,6,474,237,237
19073,7,463,244,219
19073,8,474,231,243
19073,9,456,240,216
19073,10,509,269,240
19073,11,540,279,261
19073,12,670,319,351
19073,13,692,329,363
19073,14,593,304,289
19073,15,447,211,236
19073,16,356,166,190
19073,17,258,101,157
19073,18,329,100,229
19075,0,12304,6072,6232
19075,1,681,336,345
19075,2,787,384,403
19075,3,841,413,428
19075,4,774,403,371
19075,5,623,324,299
19075,6,686,356,330
19075,7,647,314,333
19075,8,769,410,359
19075,9,684,353,331
19075,10,696,362,334
19075,11,769,382,387
19075,12,895,435,460
19075,13,883,455,428
19075,14,710,344,366
19075,15,601,274,327
19075,16,495,241,254
19075,17,366,164,202
19075,18,397,122,275
19077,0,10720,5350,5370
19077,1,586,301,285
19077,2,621,303,318
19077,3,704,364,340
19077,4,728,399,329
19077,5,496,244,252
19077,6,504,260,244
19077,7,526,274,252
19077,8,586,299,287
19077,9,592,309,283
19077,10,617,313,304
19077,11,700,343,357
19077,12,833,432,401
19077,13,820,402,418
19077,14,741,390,351
19077,15,580,272,308
19077,16,396,181,215
19077,17,322,151,171
19077,18,368,113,255
19079,0,14952,7451,7501
19079,1,957,492,465
19079,2,873,434,439
19079,3,1002,527,475
19079,4,879,458,421
19079,5,787,422,365
19079,6,775,386,389
19079,7,831,441,390
19079,8,899,448,451
19079,9,835,416,419
19079,10,849,434,415
19079,11,958,509,449
19079,12,1158,596,562
19079,13,1084,534,550
19079,14,931,453,478
19079,15,692,335,357
19079,16,496,228,268
19079,17,404,162,242
19079,18,542,176,366
19081,0,10712,5365,5347
19081,1,606,318,288
19081,2,579,274,305
19081,3,714,374,340
19081,4,661,358,303
19081,5,551,296,255
19081,6,538,279,259
19081,7,555,283,272
19081,8,605,313,292
19081,9,602,304,298
19081,10,567,284,283
19081,11,614,305,309
19081,12,869,431,438
19081,13,844,423,421
19081,14,742,401,341
19081,15,537,260,277
19081,16,387,189,198
19081,17,340,156,184
19081,18,401,117,284
19083,0,16868,8467,8401
19083,1,844,429,415
19083,2,895,459,436
19083,3,915,462,453
19083,4,1208,699,509
19083,5,941,525,416
19083,6,891,462,429
19083,7,893,461,432
19083,8,1008,506,502
19083,9,900,457,443
19083,10,937,491,446
19083,11,1028,501,527
19083,12,1295,622,673
19083,13,1397,749,648
19083,14,1078,551,527
19083,15,786,363,423
19083,16,678,297,381
19083,17,506,198,308
19083,18,668,235,433
19085,0,14134,7065,7069
19085,1,874,430,444
19085,2,857,470,387
19085,3,942,474,468
19085,4,906,445,461
19085,5,686,364,322
19085,6,741,399,342
19085,7,766,383,383
19085,8,769,391,378
19085,9,790,402,388
19085,10,888,450,438
19085,11,884,431,453
19085,12,1196,608,588
19085,13,1050,542,508
19085,14,848,426,422
19085,15,648,313,335
19085,16,535,255,280
19085,17,319,139,180
19085,18,435,143,292
19087,0,20067,10349,9718
19087,1,1144,580,564
19087,2,1197,620,577
19087,3,1225,622,603
19087,4,1346,723,623
19087,5,1450,797,653
19087,6,1186,698,488
19087,7,1207,668,539
19087,8,1176,654,522
19087,9,1138,603,535
19087,10,1234,633,601
19087,11,1269,653,616
19087,12,1402,732,670
19087,13,1287,653,634
19087,14,1177,587,590
19087,15,949,444,505
19087,16,673,300,373
19087,17,479,211,268
19087,18,528,171,357
19089,0,9187,4582,4605
19089,1,594,299,295
19089,2,621,308,313
19089,3,698,373,325
19089,4,549,273,276
19089,5,449,243,206
19089,6,478,226,252
19089,7,470,233,237
19089,8,528,276,252
19089,9,491,256,235
19089,10,461,234,227
19089,11,589,297,292
19089,12,690,345,345
19089,13,651,336,315
19089,14,548,291,257
19089,15,455,216,239
19089,16,335,153,182
19089,17,247,101,146
19089,18,333,122,211
19091,0,9547,4703,4844
19091,1,579,291,288
19091,2,592,299,293
19091,3,696,361,335
19091,4,538,253,285
19091,5,474,256,218
19091,6,466,251,215
19091,7,562,259,303
19091,8,594,320,274
19091,9,449,235,214
19091,10,525,278,247
19091,11,526,253,273
19091,12,769,376,393
19091,13,722,347,375
19091,14,588,296,292
19091,15,433,205,228
19091,16,374,172,202
19091,17,306,130,176
19091,18,354,121,233
19093,0,6841,3415,3426
19093,1,411,214,197
19093,2,486,244,242
19093,3,487,262,225
19093,4,402,223,179
19093,5,368,192,176
19093,6,314,149,165
19093,7,381,198,183
19093,8,383,205,178
19093,9,351,172,179
19093,10,320,159,161
19093,11,385,173,212
19093,12,524,272,252
19093,13,510,258,252
19093,14,450,237,213
19093,15,337,165,172
19093,16,256,119,137
19093,17,210,89,121
19093,18,266,84,182
19095,0,16141,8046,8095
19095,1,955,503,452
19095,2,1078,559,519
19095,3,1094,557,537
19095,4,951,485,466
19095,5,870,442,428
19095,6,858,447,411
19095,7,863,435,428
19095,8,1001,494,507
19095,9,875,468,407
19095,10,953,467,486
19095,11,1063,555,508
19095,12,1305,655,650
19095,13,1214,601,613
19095,14,908,478,430
19095,15,640,306,334
19095,16,556,251,305
19095,17,429,172,257
19095,18,528,171,357
19097,0,19432,9698,9734
19097,1,1133,586,547
19097,2,1117,569,548
19097,3,1287,655,632
19097,4,1203,627,576
19097,5,1013,545,468
19097,6,1007,504,503
19097,7,962,499,463
19097,8,1098,573,525
19097,9,986,512,474
19097,10,1111,534,577
19097,11,1372,677,695
19097,12,1581,806,775
19097,13,1501,754,747
19097,14,1220,601,619
19097,15,1021,507,514
19097,16,686,306,380
19097,17,502,211,291
19097,18,632,232,400
19099,0,37147,18996,18151
19099,1,2093,1078,1015
19099,2,2291,1167,1124
19099,3,2436,1242,1194
19099,4,2276,1184,1092
19099,5,1942,1057,885
19099,6,2177,1254,923
19099,7,2244,1228,1016
19099,8,2416,1300,1116
19099,9,2166,1193,973
19099,10,2347,1295,1052
19099,11,2370,1200,1170
19099,12,2761,1361,1400
19099,13,2519,1301,1218
19099,14,2117,996,1121
19099,15,1711,828,883
19099,16,1249,558,691
19099,17,926,380,546
19099,18,1106,374,732
19101,0,18381,10127,8254
19101,1,799,394,405
19101,2,740,385,355
19101,3,806,410,396
19101,4,832,432,400
19101,5,1950,1545,405
19101,6,1621,1109,512
19101,7,1103,643,460
19101,8,1048,573,475
19101,9,844,428,416
19101,10,927,473,454
19101,11,918,430,488
19101,12,1148,561,587
19101,13,1526,791,735
19101,14,1649,833,816
19101,15,1064,517,547
19101,16,575,281,294
19101,17,353,149,204
19101,18,478,173,305
19103,0,151260,75011,76249
19103,1,8834,4508,4326
19103,2,8500,4324,4176
19103,3,8053,4040,4013
19103,4,13078,6225,6853
19103,5,23719,11718,12001
19103,6,12932,6690,6242
19103,7,10289,5403,4886
19103,8,9906,5056,4850
19103,9,8197,4299,3898
19103,10,7740,3916,3824
19103,11,7440,3686,3754
19103,12,7480,3617,3863
19103,13,7356,3551,3805
19103,14,6426,3066,3360
19103,15,4465,2121,2344
19103,16,2817,1266,1551
19103,17,1816,764,1052
19103,18,2212,761,1451
19105,0,20744,10715,10029
19105,1,1073,590,483
19105,2,1184,611,573
19105,3,1369,687,682
19105,4,1221,620,601
19105,5,1048,587,461
19105,6,1131,631,500
19105,7,1241,652,589
19105,8,1292,706,586
19105,9,1203,673,530
19105,10,1249,664,585
19105,11,1384,734,650
19105,12,1645,843,802
19105,13,1431,714,717
19105,14,1322,727,595
19105,15,965,454,511
19105,16,748,356,392
19105,17,577,252,325
19105,18,661,214,447
19107,0,10225,5201,5024
19107,1,600,318,282
19107,2,672,355,317
19107,3,654,353,301
19107,4,628,359,269
19107,5,493,253,240
19107,6,557,298,259
19107,7,533,275,258
19107,8,581,299,282
19107,9,546,281,265
19107,10,557,269,288
19107,11,610,315,295
19107,12,804,405,399
19107,13,798,409,389
19107,14,640,341,299
19107,15,488,240,248
19107,16,410,186,224
19107,17,270,112,158
19107,18,384,133,251
19109,0,14908,7507,7401
19109,1,849,442,407
19109,2,870,486,384
19109,3,973,494,479
19109,4,874,445,429
19109,5,758,393,365
19109,6,741,373,368
19109,7,763,409,354
19109,8,813,414,399
19109,9,676,340,336
19109,10,736,374,362
19109,11,885,431,454
19109,12,1243,656,587
19109,13,1189,631,558
19109,14,974,479,495
19109,15,746,368,378
19109,16,621,270,351
19109,17,568,262,306
19109,18,629,240,389
19111,0,34055,17161,16894
19111,1,2049,1073,976
19111,2,2018,1056,962
19111,3,1961,984,977
19111,4,1944,1007,937
19111,5,1811,960,851
19111,6,2089,1121,968
19111,7,1936,1043,893
19111,8,2014,1075,939
19111,9,1846,970,876
19111,10,2029,1026,1003
19111,11,2244,1147,1097
19111,12,2600,1298,1302
19111,13,2597,1313,1284
19111,14,2254,1099,1155
19111,15,1780,853,927
19111,16,1206,519,687
19111,17,775,328,447
19111,18,902,289,613
19113,0,225909,111266,114643
19113,1,14337,7333,7004
19113,2,14417,7428,6989
19113,3,14843,7562,7281
19113,4,14736,7459,7277
19113,5,14717,7331,7386
19113,6,15788,7969,7819
19113,7,15021,7541,7480
19113,8,15484,7812,7672
19113,9,13861,6878,6983
19113,10,14006,7000,7006
19113,11,14302,7154,7148
19113,12,15025,7397,7628
19113,13,13670,6695,6975
19113,14,11547,5415,6132
19113,15,8882,4140,4742
19113,16,6097,2679,3418
19113,17,4484,1857,2627
19113,18,4692,1616,3076
19115,0,11169,5700,5469
19115,1,683,357,326
19115,2,673,332,341
19115,3,699,385,314
19115,4,726,408,318
19115,5,641,344,297
19115,6,630,336,294
19115,7,586,288,298
19115,8,781,439,342
19115,9,660,323,337
19115,10,623,342,281
19115,11,773,381,392
19115,12,880,448,432
19115,13,749,367,382
19115,14,667,349,318
19115,15,490,246,244
19115,16,354,156,198
19115,17,269,106,163
19115,18,285,93,192
19117,0,8645,4406,4239
19117,1,566,303,263
19117,2,518,267,251
19117,3,563,287,276
19117,4,527,300,227
19117,5,478,246,232
19117,6,473,258,215
19117,7,400,210,190
19117,8,451,228,223
19117,9,430,219,211
19117,10,474,243,231
19117,11,561,296,265
19117,12,676,342,334
19117,13,646,315,331
19117,14,574,301,273
19117,15,444,220,224
19117,16,330,165,165
19117,17,261,110,151
19117,18,273,96,177
19119,0,11811,5994,5817
19119,1,901,470,431
19119,2,905,483,422
19119,3,987,524,463
19119,4,817,445,372
19119,5,590,324,266
19119,6,604,301,303
19119,7,617,311,306
19119,8,785,408,377
19119,9,711,352,359
19119,10,615,323,292
19119,11,642,330,312
19119,12,724,384,340
19119,13,773,378,395
19119,14,630,328,302
19119,15,462,219,243
19119,16,350,155,195
19119,17,289,118,171
19119,18,409,141,268
19121,0,16249,8114,8135
19121,1,926,495,431
19121,2,1109,571,538
19121,3,1286,681,605
19121,4,1084,562,522
19121,5,770,391,379
19121,6,778,366,412
19121,7,870,409,461
19121,8,1056,546,510
19121,9,1028,520,508
19121,10,1189,584,605
19121,11,1135,556,579
19121,12,1170,590,580
19121,13,1088,551,537
19121,14,916,460,456
19121,15,654,319,335
19121,16,502,247,255
19121,17,325,152,173
19121,18,363,114,249
19123,0,22000,11143,10857
19123,1,1444,731,713
19123,2,1459,752,707
19123,3,1490,803,687
19123,4,1542,878,664
19123,5,1377,745,632
19123,6,1296,654,642
19123,7,1245,625,620
19123,8,1351,696,655
19123,9,1283,649,634
19123,10,1223,607,616
19123,11,1244,651,593
19123,12,1535,771,764
19123,13,1484,758,726
19123,14,1280,644,636
19123,15,913,437,476
19123,16,711,317,394
19123,17,483,220,263
19123,18,640,205,435
19125,0,33407,16705,16702
19125,1,1954,984,970
19125,2,2140,1077,1063
19125,3,2383,1250,1133
19125,4,2566,1346,1220
19125,5,2375,1205,1170
19125,6,1774,926,848
19125,7,1819,947,872
19125,8,2004,1011,993
19125,9,1896,975,921
19125,10,1947,984,963
19125,11,2102,1061,1041
19125,12,2375,1215,1160
19125,13,2115,1030,1085
19125,14,1850,922,928
19125,15,1412,672,740
19125,16,1088,483,605
19125,17,810,344,466
19125,18,797,273,524
19127,0,39981,20231,19750
19127,1,2628,1346,1282
19127,2,2866,1468,1398
19127,3,2979,1571,1408
19127,4,2619,1370,1249
19127,5,2347,1300,1047
19127,6,2381,1234,1147
19127,7,2396,1238,1158
19127,8,2430,1238,1192
19127,9,1992,1032,960
19127,10,2287,1173,1114
19127,11,2428,1248,1180
19127,12,2662,1328,1334
19127,13,2694,1351,1343
19127,14,2261,1139,1122
19127,15,1685,813,872
19127,16,1231,555,676
19127,17,953,412,541
19127,18,1142,415,727
19129,0,15063,7580,7483
19129,1,856,425,431
19129,2,989,505,484
19129,3,1045,532,513
19129,4,991,538,453
19129,5,749,383,366
19129,6,718,347,371
19129,7,760,385,375
19129,8,924,469,455
19129,9,916,462,454
19129,10,1032,525,507
19129,11,1007,499,508
19129,12,1174,607,567
19129,13,1128,574,554
19129,14,980,485,495
19129,15,758,376,382
19129,16,428,214,214
19129,17,295,140,155
19129,18,313,114,199
19131,0,10569,5268,5301
19131,1,605,292,313
19131,2,674,364,310
19131,3,755,401,354
19131,4,700,351,349
19131,5,557,294,263
19131,6,583,312,271
19131,7,499,243,256
19131,8,588,293,295
19131,9,538,283,255
19131,10,554,280,274
19131,11,682,331,351
19131,12,842,433,409
19131,13,756,393,363
19131,14,614,305,309
19131,15,462,220,242
19131,16,396,179,217
19131,17,328,143,185
19131,18,436,151,285
19133,0,8679,4235,4444
19133,1,498,226,272
19133,2,498,247,251
19133,3,582,299,283
19133,4,515,284,231
19133,5,425,212,213
19133,6,449,245,204
19133,7,390,186,204
19133,8,469,237,232
19133,9,432,213,219
19133,10,456,235,221
19133,11,478,237,241
19133,12,688,338,350
19133,13,663,339,324
19133,14,562,293,269
19133,15,469,232,237
19133,16,384,167,217
19133,17,315,134,181
19133,18,406,111,295
19135,0,7790,3858,3932
19135,1,437,222,215
19135,2,477,229,248
19135,3,594,296,298
19135,4,503,269,234
19135,5,408,204,204
19135,6,391,207,184
19135,7,395,201,194
19135,8,489,259,230
19135,9,421,192,229
19135,10,489,254,235
19135,11,498,249,249
19135,12,562,264,298
19135,13,571,296,275
19135,14,476,246,230
19135,15,398,179,219
19135,16,267,119,148
19135,17,212,101,111
19135,18,202,71,131
19137,0,10003,4876,5127
19137,1,619,299,320
19137,2,583,274,309
19137,3,667,362,305
19137,4,635,330,305
19137,5,522,254,268
19137,6,492,252,240
19137,7,501,257,244
19137,8,520,256,264
19137,9,536,267,269
19137,10,586,286,300
19137,11,624,309,315
19137,12,773,384,389
19137,13,801,401,400
19137,14,661,327,334
19137,15,477,243,234
19137,16,376,155,221
19137,17,253,106,147
19137,18,377,114,263
19139,0,42929,21452,21477
19139,1,2797,1469,1328
19139,2,2944,1502,1442
19139,3,3108,1594,1514
19139,4,2840,1430,1410
19139,5,2504,1310,1194
19139,6,2896,1459,1437
19139,7,2548,1343,1205
19139,8,2699,1352,1347
19139,9,2408,1215,1193
19139,10,2593,1284,1309
19139,11,2642,1338,1304
19139,12,2992,1511,1481
19139,13,2813,1407,1406
19139,14,2348,1122,1226
19139,15,1841,908,933
19139,16,1252,545,707
19139,17,790,350,440
19139,18,914,313,601
19141,0,13840,6927,6913
19141,1,883,442,441
19141,2,891,460,431
19141,3,961,507,454
19141,4,860,457,403
19141,5,771,397,374
19141,6,768,416,352
19141,7,727,387,340
19141,8,811,444,367
19141,9,745,364,381
19141,10,702,364,338
19141,11,780,395,385
19141,12,1038,514,524
19141,13,1044,542,502
19141,14,777,387,390
19141,15,596,292,304
19141,16,453,192,261
19141,17,441,172,269
19141,18,592,195,397
19143,0,6040,3082,2958
19143,1,349,176,173
19143,2,392,207,185
19143,3,460,246,214
19143,4,364,205,159
19143,5,284,138,146
19143,6,294,168,126
19143,7,291,166,125
19143,8,348,185,163
19143,9,282,147,135
19143,10,336,165,171
19143,11,361,181,180
19143,12,490,247,243
19143,13,490,267,223
19143,14,337,171,166
19143,15,295,146,149
19143,16,244,105,139
19143,17,190,77,113
19143,18,233,85,148
19145,0,15249,8051,7198
19145,1,794,411,383
19145,2,773,405,368
19145,3,787,433,354
19145,4,866,505,361
19145,5,832,492,340
19145,6,927,549,378
19145,7,876,514,362
19145,8,953,528,425
19145,9,961,566,395
19145,10,943,529,414
19145,11,852,460,392
19145,12,1093,559,534
19145,13,1188,567,621
19145,14,1030,535,495
19145,15,782,366,416
19145,16,582,266,316
19145,17,450,192,258
19145,18,560,174,386
19147,0,8929,4449,4480
19147,1,556,310,246
19147,2,536,255,281
19147,3,602,310,292
19147,4,579,319,260
19147,5,529,296,233
19147,6,515,242,273
19147,7,457,255,202
19147,8,512,256,256
19147,9,442,233,209
19147,10,465,229,236
19147,11,493,242,251
19147,12,640,341,299
19147,13,645,315,330
19147,14,548,275,273
19147,15,428,201,227
19147,16,306,141,165
19147,17,286,107,179
19147,18,390,122,268
19149,0,25095,12530,12565
19149,1,1632,819,813
19149,2,1687,857,830
19149,3,1856,948,908
19149,4,1677,876,801
19149,5,1410,729,681
19149,6,1271,668,603
19149,7,1324,659,665
19149,8,1560,785,775
19149,9,1463,751,712
19149,10,1487,746,741
19149,11,1551,790,761
19149,12,1830,907,923
19149,13,1736,884,852
19149,14,1434,712,722
19149,15,1086,541,545
19149,16,806,365,441
19149,17,575,263,312
19149,18,710,230,480
19151,0,6740,3354,3386
19151,1,392,199,193
19151,2,419,186,233
19151,3,457,230,227
19151,4,406,211,195
19151,5,318,152,166
19151,6,331,176,155
19151,7,336,183,153
19151,8,349,173,176
19151,9,329,180,149
19151,10,310,156,154
19151,11,414,210,204
19151,12,560,273,287
19151,13,567,307,260
19151,14,450,229,221
19151,15,342,174,168
19151,16,296,120,176
19151,17,219,102,117
19151,18,245,93,152
19153,0,487204,240245,246959
19153,1,34762,17855,16907
19153,2,33615,17121,16494
19153,3,33844,17204,16640
19153,4,30651,15448,15203
19153,5,30928,15357,15571
19153,6,38522,19303,19219
19153,7,36938,18751,18187
19153,8,35926,18074,17852
19153,9,30505,15438,15067
19153,10,30809,15486,15323
19153,11,29495,14722,14773
19153,12,30723,15001,15722
19153,13,26855,12804,14051
19153,14,22199,10345,11854
19153,15,15829,7214,8615
19153,16,10504,4618,5886
19153,17,6854,2749,4105
19153,18,8245,2755,5490
19155,0,93533,46030,47503
19155,1,5858,2948,2910
19155,2,6203,3244,2959
19155,3,6237,3214,3023
19155,4,6224,3251,2973
19155,5,5357,2763,2594
19155,6,5800,2904,2896
19155,7,5562,2724,2838
19155,8,5880,2938,2942
19155,9,5390,2724,2666
19155,10,5536,2728,2808
19155,11,5757,2866,2891
19155,12,6918,3340,3578
19155,13,6476,3112,3364
19155,14,5446,2646,2800
19155,15,3980,1841,2139
19155,16,2793,1240,1553
19155,17,1955,778,1177
19155,18,2161,769,1392
19157,0,18699,9061,9638
19157,1,926,497,429
19157,2,997,474,523
19157,3,1067,543,524
19157,4,1617,807,810
19157,5,1917,918,999
19157,6,897,453,444
19157,7,930,450,480
19157,8,919,471,448
19157,9,917,451,466
19157,10,971,505,466
19157,11,1083,528,555
19157,12,1297,624,673
19157,13,1274,615,659
19157,14,1153,558,595
19157,15,891,436,455
19157,16,683,287,396
19157,17,537,235,302
19157,18,623,209,414
19159,0,4968,2454,2514
19159,1,303,177,126
19159,2,298,149,149
19159,3,348,185,163
19159,4,325,163,162
19159,5,222,120,102
19159,6,211,101,110
19159,7,271,133,138
19159,8,261,134,127
19159,9,243,128,115
19159,10,236,116,120
19159,11,300,148,152
19159,12,349,167,182
19159,13,382,194,188
19159,14,326,161,165
19159,15,276,140,136
19159,16,214,104,110
19159,17,154,63,91
19159,18,249,71,178
19161,0,9719,4791,4928
19161,1,591,288,303
19161,2,563,308,255
19161,3,677,331,346
19161,4,534,282,252
19161,5,462,218,244
19161,6,463,246,217
19161,7,485,248,237
19161,8,506,261,245
19161,9,452,239,213
19161,10,541,274,267
19161,11,611,310,301
19161,12,759,364,395
19161,13,792,405,387
19161,14,662,334,328
19161,15,489,247,242
19161,16,341,151,190
19161,17,351,159,192
19161,18,440,126,314
19163,0,173283,84974,88309
19163,1,11016,5493,5523
19163,2,11369,5824,5545
19163,3,11859,5958,5901
19163,4,11029,5590,5439
19163,5,10174,5070,5104
19163,6,11340,5634,5706
19163,7,11419,5612,5807
19163,8,12053,6068,5985
19163,9,10362,5220,5142
19163,10,10684,5345,5339
19163,11,10824,5357,5467
19163,12,11859,5726,6133
19163,13,11153,5461,5692
19163,14,9324,4520,4804
19163,15,7081,3405,3676
19163,16,4724,2101,2623
19163,17,3248,1296,1952
19163,18,3765,1294,2471
19165,0,11578,5725,5853
19165,1,596,299,297
19165,2,722,377,345
19165,3,757,384,373
19165,4,777,429,348
19165,5,571,289,282
19165,6,546,269,277
19165,7,534,267,267
19165,8,585,283,302
19165,9,566,269,297
19165,10,673,353,320
19165,11,783,371,412
19165,12,972,494,478
19165,13,878,459,419
19165,14,708,347,361
19165,15,580,276,304
19165,16,448,213,235
19165,17,364,153,211
19165,18,518,193,325
19167,0,34909,17575,17334
19167,1,2462,1283,1179
19167,2,2637,1392,1245
19167,3,2771,1365,1406
19167,4,3121,1574,1547
19167,5,3109,1604,1505
19167,6,1827,992,835
19167,7,1957,1000,957
19167,8,2139,1110,1029
19167,9,1806,925,881
19167,10,1703,876,827
19167,11,1758,910,848
19167,12,2092,1062,1030
19167,13,1991,991,1000
19167,14,1672,850,822
19167,15,1138,543,595
19167,16,969,439,530
19167,17,774,329,445
19167,18,983,330,653
19169,0,98105,51227,46878
19169,1,4468,2294,2174
19169,2,4510,2330,2180
19169,3,4445,2270,2175
19169,4,11813,6187,5626
19169,5,21337,12203,9134
19169,6,7765,4280,3485
19169,7,5137,2787,2350
19169,8,5271,2723,2548
19169,9,4406,2270,2136
19169,10,4001,2112,1889
19169,11,4145,2059,2086
19169,12,4423,2168,2255
19169,13,4572,2210,2362
19169,14,3972,1931,2041
19169,15,2675,1287,1388
19169,16,2012,907,1105
19169,17,1471,627,844
19169,18,1682,582,1100
19171,0,16904,8471,8433
19171,1,1097,573,524
19171,2,1058,519,539
19171,3,1170,617,553
19171,4,1154,619,535
19171,5,920,458,462
19171,6,893,465,428
19171,7,869,474,395
19171,8,918,447,471
19171,9,854,427,427
19171,10,998,509,489
19171,11,1118,569,549
19171,12,1242,605,637
19171,13,1278,656,622
19171,14,1011,503,508
19171,15,755,374,381
19171,16,573,276,297
19171,17,444,199,245
19171,18,552,181,371
19173,0,6191,3141,3050
19173,1,406,232,174
19173,2,392,212,180
19173,3,420,215,205
19173,4,379,206,173
19173,5,308,144,164
19173,6,316,155,161
19173,7,337,174,163
19173,8,382,220,162
19173,9,317,144,173
19173,10,323,163,160
19173,11,374,201,173
19173,12,454,216,238
19173,13,414,201,213
19173,14,411,208,203
19173,15,341,178,163
19173,16,211,106,105
19173,17,192,80,112
19173,18,214,86,128
19175,0,12359,5991,6368
19175,1,673,321,352
19175,2,728,351,377
19175,3,878,467,411
19175,4,880,440,440
19175,5,747,374,373
19175,6,674,326,348
19175,7,694,349,345
19175,8,753,367,386
19175,9,638,314,324
19175,10,697,338,359
19175,11,731,357,374
19175,12,904,441,463
19175,13,818,401,417
19175,14,751,369,382
19175,15,587,278,309
19175,16,490,209,281
19175,17,328,154,174
19175,18,388,135,253
19177,0,7020,3613,3407
19177,1,406,235,171
19177,2,446,239,207
19177,3,453,246,207
19177,4,432,240,192
19177,5,352,172,180
19177,6,322,171,151
19177,7,341,164,177
19177,8,410,215,195
19177,9,358,188,170
19177,10,377,215,162
19177,11,457,221,236
19177,12,544,278,266
19177,13,546,267,279
19177,14,522,259,263
19177,15,366,181,185
19177,16,280,138,142
19177,17,217,102,115
19177,18,191,82,109
19179,0,35205,17539,17666
19179,1,2284,1160,1124
19179,2,2159,1136,1023
19179,3,2206,1100,1106
19179,4,2155,1087,1068
19179,5,2213,1165,1048
19179,6,2443,1293,1150
19179,7,2126,1096,1030
19179,8,2163,1137,1026
19179,9,1986,1038,948
19179,10,2069,1090,979
19179,11,2092,1030,1062
19179,12,2480,1192,1288
19179,13,2492,1189,1303
19179,14,2007,1002,1005
19179,15,1500,670,830
19179,16,1136,522,614
19179,17,808,331,477
19179,18,886,301,585
19181,0,51056,25173,25883
19181,1,3136,1612,1524
19181,2,3519,1839,1680
19181,3,3743,1899,1844
19181,4,3796,1987,1809
19181,5,3286,1562,1724
19181,6,2782,1382,1400
19181,7,3061,1524,1537
19181,8,3483,1751,1732
19181,9,3104,1572,1532
19181,10,3325,1632,1693
19181,11,3279,1611,1668
19181,12,3472,1700,1772
19181,13,3045,1490,1555
19181,14,2659,1291,1368
19181,15,2054,980,1074
19181,16,1397,628,769
19181,17,956,395,561
19181,18,959,318,641
19183,0,22141,10939,11202
19183,1,1530,787,743
19183,2,1508,784,724
19183,3,1505,748,757
19183,4,1439,767,672
19183,5,1135,541,594
19183,6,1359,718,641
19183,7,1220,613,607
19183,8,1281,662,619
19183,9,1208,584,624
19183,10,1252,612,640
19183,11,1412,705,707
19183,12,1554,794,760
19183,13,1466,735,731
19183,14,1316,632,684
19183,15,1003,471,532
19183,16,732,345,387
19183,17,529,228,301
19183,18,692,213,479
19185,0,6401,3146,3255
19185,1,446,221,225
19185,2,437,225,212
19185,3,461,235,226
19185,4,413,201,212
19185,5,289,135,154
19185,6,357,167,190
19185,7,331,159,172
19185,8,332,181,151
19185,9,290,146,144
19185,10,314,159,155
19185,11,339,175,164
19185,12,464,241,223
19185,13,512,276,236
19185,14,375,184,191
19185,15,316,161,155
19185,16,286,121,165
19185,17,196,87,109
19185,18,243,72,171
19187,0,36277,18779,17498
19187,1,2162,1091,1071
19187,2,2119,1121,998
19187,3,2209,1159,1050
19187,4,2718,1556,1162
19187,5,2838,1724,1114
19187,6,2405,1387,1018
19187,7,1964,1052,912
19187,8,2127,1084,1043
19187,9,1835,976,859
19187,10,1967,1016,951
19187,11,2062,1062,1000
19187,12,2639,1302,1337
19187,13,2578,1280,1298
19187,14,2097,1017,1080
19187,15,1555,716,839
19187,16,1137,524,613
19187,17,931,375,556
19187,18,934,337,597
19189,0,10518,5185,5333
19189,1,582,298,284
19189,2,669,301,368
19189,3,659,321,338
19189,4,722,370,352
19189,5,710,385,325
19189,6,526,312,214
19189,7,573,293,280
19189,8,554,286,268
19189,9,531,265,266
19189,10,595,300,295
19189,11,577,289,288
19189,12,754,382,372
19189,13,803,394,409
19189,14,682,353,329
19189,15,474,226,248
19189,16,386,164,222
19189,17,300,133,167
19189,18,421,113,308
19191,0,20029,9993,10036
19191,1,911,482,429
19191,2,937,488,449
19191,3,1176,599,577
19191,4,1752,833,919
19191,5,2042,1003,1039
19191,6,859,450,409
19191,7,904,481,423
19191,8,1029,541,488
19191,9,962,485,477
19191,10,1028,523,505
19191,11,1228,646,582
19191,12,1493,726,767
19191,13,1564,834,730
19191,14,1252,612,640
19191,15,928,452,476
19191,16,730,343,387
19191,17,558,253,305
19191,18,676,242,434
19193,0,102539,50815,51724
19193,1,7352,3721,3631
19193,2,7314,3750,3564
19193,3,7668,3847,3821
19193,4,7494,3830,3664
19193,5,6924,3484,3440
19193,6,6792,3543,3249
19193,7,6456,3391,3065
19193,8,6607,3289,3318
19193,9,5854,2898,2956
19193,10,6087,3008,3079
19193,11,5959,2976,2983
19193,12,6462,3235,3227
19193,13,6099,2986,3113
19193,14,5243,2529,2714
19193,15,3764,1719,2045
19193,16,2663,1195,1468
19193,17,1819,733,1086
19193,18,1982,681,1301
19195,0,7453,3767,3686
19195,1,402,220,182
19195,2,451,229,222
19195,3,445,233,212
19195,4,417,211,206
19195,5,401,202,199
19195,6,432,217,215
19195,7,379,189,190
19195,8,453,240,213
19195,9,401,217,184
19195,10,453,220,233
19195,11,503,259,244
19195,12,587,312,275
19195,13,598,298,300
19195,14,480,250,230
19195,15,365,176,189
19195,16,245,126,119
19195,17,216,99,117
19195,18,225,69,156
19197,0,12690,6379,6311
19197,1,812,429,383
19197,2,787,382,405
19197,3,901,456,445
19197,4,822,419,403
19197,5,606,326,280
19197,6,656,355,301
19197,7,614,313,301
19197,8,697,354,343
19197,9,676,331,345
19197,10,640,340,300
19197,11,696,369,327
19197,12,915,462,453
19197,13,984,507,477
19197,14,831,431,400
19197,15,619,296,323
19197,16,481,225,256
19197,17,405,182,223
19197,18,548,202,346
20001,0,12444,6131,6313
20001,1,701,383,318
20001,2,739,386,353
20001,3,841,436,405
20001,4,919,473,446
20001,5,712,395,317
20001,6,688,346,342
20001,7,681,355,326
20001,8,731,336,395
20001,9,676,350,326
20001,10,723,386,337
20001,11,715,347,368
20001,12,878,426,452
20001,13,863,397,466
20001,14,811,367,444
20001,15,577,279,298
20001,16,484,213,271
20001,17,330,145,185
20001,18,375,111,264
20003,0,7878,3911,3967
20003,1,517,267,250
20003,2,559,291,268
20003,3,576,302,274
20003,4,518,270,248
20003,5,384,204,180
20003,6,398,205,193
20003,7,377,194,183
20003,8,464,228,236
20003,9,408,195,213
20003,10,405,193,212
20003,11,466,224,242
20003,12,591,308,283
20003,13,539,265,274
20003,14,445,233,212
20003,15,395,186,209
20003,16,345,153,192
20003,17,242,102,140
20003,18,249,91,158
20005,0,16193,7861,8332
20005,1,969,490,479
20005,2,982,472,510
20005,3,1171,621,550
20005,4,1471,727,744
20005,5,1414,657,757
20005,6,836,425,411
20005,7,869,420,449
20005,8,929,469,460
20005,9,803,406,397
20005,10,887,439,448
20005,11,983,489,494
20005,12,1040,508,532
20005,13,1060,514,546
20005,14,804,408,396
20005,15,673,301,372
20005,16,527,241,286
20005,17,387,147,240
20005,18,388,127,261
20007,0,4472,2301,2171
20007,1,273,139,134
20007,2,303,170,133
20007,3,280,153,127
20007,4,243,124,119
20007,5,194,90,104
20007,6,236,135,101
20007,7,255,129,126
20007,8,258,142,116
20007,9,182,92,90
20007,10,219,103,116
20007,11,238,128,110
20007,12,371,194,177
20007,13,393,201,192
20007,14,321,170,151
20007,15,285,138,147
20007,16,183,96,87
20007,17,92,41,51
20007,18,146,56,90
20009,0,26111,12899,13212
20009,1,1633,839,794
20009,2,1761,909,852
20009,3,1761,875,886
20009,4,1730,895,835
20009,5,1544,777,767
20009,6,1543,764,779
20009,7,1549,817,732
20009,8,1573,801,772
20009,9,1261,658,603
20009,10,1273,618,655
20009,11,1495,752,743
20009,12,1980,967,1013
20009,13,1990,955,1035
20009,14,1551,784,767
20009,15,1105,528,577
20009,16,853,388,465
20009,17,658,268,390
20009,18,851,304,547
20011,0,14653,7242,7411
20011,1,1036,576,460
20011,2,999,497,502
20011,3,1090,541,549
20011,4,1098,593,505
20011,5,839,431,408
20011,6,874,464,410
20011,7,770,391,379
20011,8,828,404,424
20011,9,776,394,382
20011,10,764,390,374
20011,11,737,344,393
20011,12,976,463,513
20011,13,977,471,506
20011,14,918,425,493
20011,15,687,341,346
20011,16,490,222,268
20011,17,347,143,204
20011,18,447,152,295
20013,0,9598,4737,4861
20013,1,609,328,281
20013,2,712,354,358
20013,3,709,359,350
20013,4,592,312,280
20013,5,453,225,228
20013,6,495,269,226
20013,7,528,259,269
20013,8,567,281,286
20013,9,468,251,217
20013,10,513,236,277
20013,11,559,288,271
20013,12,706,341,365
20013,13,719,337,382
20013,14,622,309,313
20013,15,482,239,243
20013,16,372,167,205
20013,17,218,99,119
20013,18,274,83,191
20015,0,66765,33594,33171
20015,1,4017,2042,1975
20015,2,4620,2401,2219
20015,3,5254,2620,2634
20015,4,5062,2658,2404
20015,5,3836,2087,1749
20015,6,3814,2074,1740
20015,7,4096,2071,2025
20015,8,4431,2253,2178
20015,9,4163,2167,1996
20015,10,4000,1994,2006
20015,11,4159,2109,2050
20015,12,4682,2283,2399
20015,13,4502,2303,2199
20015,14,3327,1605,1722
20015,15,2488,1176,1312
20015,16,1657,742,915
20015,17,1251,511,740
20015,18,1406,498,908
20017,0,2629,1338,1291
20017,1,135,71,64
20017,2,151,84,67
20017,3,149,65,84
20017,4,150,73,77
20017,5,158,94,64
20017,6,153,90,63
20017,7,128,70,58
20017,8,127,75,52
20017,9,137,77,60
20017,10,140,67,73
20017,11,157,72,85
20017,12,205,110,95
20017,13,178,86,92
20017,14,192,95,97
20017,15,161,80,81
20017,16,131,68,63
20017,17,78,31,47
20017,18,99,30,69
20019,0,3309,1703,1606
20019,1,165,88,77
20019,2,186,101,85
20019,3,202,110,92
20019,4,181,93,88
20019,5,142,73,69
20019,6,155,75,80
20019,7,181,98,83
20019,8,181,94,87
20019,9,145,81,64
20019,10,168,87,81
20019,11,182,96,86
20019,12,259,143,116
20019,13,277,140,137
20019,14,227,100,127
20019,15,221,119,102
20019,16,196,93,103
20019,17,116,63,53
20019,18,125,49,76
20021,0,20015,9844,10171
20021,1,1155,600,555
20021,2,1219,625,594
20021,3,1369,680,689
20021,4,1307,666,641
20021,5,1064,544,520
20021,6,1040,525,515
20021,7,1105,562,543
20021,8,1182,578,604
20021,9,1091,541,550
20021,10,1258,628,630
20021,11,1411,701,710
20021,12,1513,742,771
20021,13,1438,695,743
20021,14,1189,593,596
20021,15,992,467,525
20021,16,763,340,423
20021,17,491,205,286
20021,18,428,152,276
20023,0,2660,1348,1312
20023,1,180,109,71
20023,2,151,88,63
20023,3,140,69,71
20023,4,154,95,59
20023,5,134,79,55
20023,6,127,71,56
20023,7,120,55,65
20023,8,157,76,81
20023,9,133,67,66
20023,10,115,65,50
20023,11,133,64,69
20023,12,176,79,97
20023,13,223,117,106
20023,14,185,85,100
20023,15,165,81,84
20023,16,120,56,64
20023,17,87,37,50
20023,18,160,55,105
20025,0,2005,995,1010
20025,1,107,62,45
20025,2,142,75,67
20025,3,155,80,75
20025,4,125,62,63
20025,5,118,58,60
20025,6,112,69,43
20025,7,100,49,51
20025,8,125,64,61
20025,9,109,62,47
20025,10,97,43,54
20025,11,111,55,56
20025,12,130,63,67
20025,13,134,64,70
20025,14,108,58,50
20025,15,85,35,50
20025,16,91,40,51
20025,17,65,29,36
20025,18,91,27,64
20027,0,7997,4001,3996
20027,1,520,263,257
20027,2,512,269,243
20027,3,558,289,269
20027,4,446,250,196
20027,5,378,197,181
20027,6,377,191,186
20027,7,450,246,204
20027,8,476,239,237
20027,9,460,233,227
20027,10,416,211,205
20027,11,446,224,222
20027,12,542,263,279
20027,13,578,298,280
20027,14,512,240,272
20027,15,451,223,228
20027,16,328,146,182
20027,17,227,97,130
20027,18,320,122,198
20029,0,8729,4330,4399
20029,1,488,251,237
20029,2,623,326,297
20029,3,540,278,262
20029,4,646,336,310
20029,5,490,289,201
20029,6,499,249,250
20029,7,490,255,235
20029,8,500,258,242
20029,9,405,211,194
20029,10,454,239,215
20029,11,492,228,264
20029,12,623,317,306
20029,13,594,304,290
20029,14,528,253,275
20029,15,426,208,218
20029,16,321,149,172
20029,17,271,96,175
20029,18,339,83,256
20031,0,8233,4064,4169
20031,1,467,252,215
20031,2,483,244,239
20031,3,515,253,262
20031,4,502,263,239
20031,5,427,215,212
20031,6,462,242,220
20031,7,417,216,201
20031,8,478,240,238
20031,9,428,210,218
20031,10,503,233,270
20031,11,521,259,262
20031,12,648,311,337
20031,13,616,300,316
20031,14,579,287,292
20031,15,435,224,211
20031,16,322,147,175
20031,17,214,92,122
20031,18,216,76,140
20033,0,1748,849,899
20033,1,85,40,45
20033,2,141,75,66
20033,3,114,52,62
20033,4,114,57,57
20033,5,72,26,46
20033,6,79,35,44
20033,7,82,48,34
20033,8,92,43,49
20033,9,83,43,40
20033,10,100,57,43
20033,11,91,42,49
20033,12,126,69,57
20033,13,122,57,65
20033,14,131,63,68
20033,15,118,49,69
20033,16,85,39,46
20033,17,53,29,24
20033,18,60,25,35
20035,0,35218,17716,17502
20035,1,2154,1120,1034
20035,2,2367,1185,1182
20035,3,2368,1198,1170
20035,4,2609,1376,1233
20035,5,2331,1266,1065
20035,6,2120,1086,1034
20035,7,2143,1132,1011
20035,8,2080,1080,1000
20035,9,1958,1002,956
20035,10,2009,1056,953
20035,11,2046,1027,1019
20035,12,2389,1196,1193
20035,13,2224,1085,1139
20035,14,1898,912,986
20035,15,1650,804,846
20035,16,1114,524,590
20035,17,811,336,475
20035,18,947,331,616
20037,0,39019,19574,19445
20037,1,2437,1273,1164
20037,2,2261,1205,1056
20037,3,2366,1210,1156
20037,4,3166,1673,1493
20037,5,5328,2847,2481
20037,6,2494,1348,1146
20037,7,2025,1017,1008
20037,8,2338,1154,1184
20037,9,1980,1021,959
20037,10,2016,979,1037
20037,11,2083,1076,1007
20037,12,2228,1093,1135
20037,13,2242,1066,1176
20037,14,1876,894,982
20037,15,1430,666,764
20037,16,1103,476,627
20037,17,719,304,415
20037,18,927,272,655
20039,0,2871,1443,1428
20039,1,163,88,75
20039,2,168,88,80
20039,3,138,79,59
20039,4,144,71,73
20039,5,118,60,58
20039,6,141,71,70
20039,7,165,79,86
20039,8,123,65,58
20039,9,121,68,53
20039,10,112,57,55
20039,11,188,89,99
20039,12,213,120,93
20039,13,269,140,129
20039,14,219,112,107
20039,15,156,80,76
20039,16,133,67,66
20039,17,109,52,57
20039,18,191,57,134
20041,0,18717,9433,9284
20041,1,1112,591,521
20041,2,1215,645,570
20041,3,1298,662,636
20041,4,1224,632,592
20041,5,887,476,411
20041,6,1032,551,481
20041,7,1118,577,541
20041,8,1154,584,570
20041,9,1018,533,485
20041,10,1075,541,534
20041,11,1156,594,562
20041,12,1412,696,716
20041,13,1318,673,645
20041,14,1093,554,539
20041,15,805,386,419
20041,16,657,297,360
20041,17,507,220,287
20041,18,636,221,415
20043,0,7682,3863,3819
20043,1,405,201,204
20043,2,472,233,239
20043,3,470,214,256
20043,4,660,365,295
20043,5,475,259,216
20043,6,433,230,203
20043,7,411,205,206
20043,8,469,237,232
20043,9,407,200,207
20043,10,432,222,210
20043,11,470,225,245
20043,12,536,284,252
20043,13,540,273,267
20043,14,477,252,225
20043,15,365,185,180
20043,16,245,118,127
20043,17,193,86,107
20043,18,222,74,148
20045,0,121436,60520,60916
20045,1,6030,3091,2939
20045,2,6144,3142,3002
20045,3,6152,3245,2907
20045,4,10818,5298,5520
20045,5,21296,10849,10447
20045,6,9750,5166,4584
20045,7,7969,4144,3825
20045,8,7792,4032,3760
20045,9,6499,3309,3190
20045,10,6047,2965,3082
20045,11,5585,2772,2813
20045,12,6270,2913,3357
20045,13,6130,2835,3295
20045,14,5294,2571,2723
20045,15,3753,1803,1950
20045,16,2397,1047,1350
20045,17,1620,724,896
20045,18,1890,614,1276
20047,0,2849,1449,1400
20047,1,171,96,75
20047,2,188,98,90
20047,3,189,93,96
20047,4,178,89,89
20047,5,143,67,76
20047,6,130,59,71
20047,7,131,70,61
20047,8,160,90,70
20047,9,149,79,70
20047,10,154,73,81
20047,11,185,98,87
20047,12,222,111,111
20047,13,243,124,119
20047,14,192,102,90
20047,15,144,76,68
20047,16,102,49,53
20047,17,99,47,52
20047,18,69,28,41
20049,0,2508,1267,1241
20049,1,146,83,63
20049,2,159,87,72
20049,3,160,83,77
20049,4,115,58,57
20049,5,91,46,45
20049,6,102,57,45
20049,7,87,38,49
20049,8,119,67,52
20049,9,102,50,52
20049,10,124,69,55
20049,11,145,70,75
20049,12,202,99,103
20049,13,227,117,110
20049,14,200,92,108
20049,15,167,83,84
20049,16,150,74,76
20049,17,120,60,60
20049,18,92,34,58
20051,0,28710,14458,14252
20051,1,1708,839,869
20051,2,1795,947,848
20051,3,1714,894,820
20051,4,2158,1102,1056
20051,5,3733,1855,1878
20051,6,2070,1110,960
20051,7,1785,930,855
20051,8,1692,910,782
20051,9,1454,740,714
20051,10,1401,754,647
20051,11,1417,699,718
20051,12,1627,800,827
20051,13,1740,858,882
20051,14,1436,719,717
20051,15,997,466,531
20051,16,712,326,386
20051,17,579,255,324
20051,18,692,254,438
20053,0,6196,3503,2693
20053,1,285,145,140
20053,2,315,156,159
20053,3,330,175,155
20053,4,301,174,127
20053,5,430,302,128
20053,6,418,292,126
20053,7,412,270,142
20053,8,408,250,158
20053,9,367,225,142
20053,10,353,229,124
20053,11,386,227,159
20053,12,431,222,209
20053,13,463,232,231
20053,14,417,211,206
20053,15,285,149,136
20053,16,232,106,126
20053,17,163,66,97
20053,18,200,72,128
20055,0,36611,18844,17767
20055,1,3193,1557,1636
20055,2,3078,1602,1476
20055,3,3028,1562,1466
20055,4,3007,1633,1374
20055,5,2724,1490,1234
20055,6,2688,1429,1259
20055,7,2495,1347,1148
20055,8,2294,1221,1073
20055,9,2069,1078,991
20055,10,1991,995,996
20055,11,2118,1069,1049
20055,12,2144,1087,1057
20055,13,1748,880,868
20055,14,1421,714,707
20055,15,950,452,498
20055,16,671,319,352
20055,17,436,207,229
20055,18,556,202,354
20057,0,33888,17584,16304
20057,1,3011,1498,1513
20057,2,2929,1524,1405
20057,3,2752,1442,1310
20057,4,2578,1403,1175
20057,5,2426,1287,1139
20057,6,2538,1411,1127
20057,7,2143,1133,1010
20057,8,2177,1212,965
20057,9,1950,1042,908
20057,10,1958,991,967
20057,11,1962,973,989
20057,12,1996,1040,956
20057,13,1676,885,791
20057,14,1212,623,589
20057,15,870,417,453
20057,16,588,270,318
20057,17,486,205,281
20057,18,636,228,408
20059,0,25631,12785,12846
20059,1,1529,785,744
20059,2,1686,847,839
20059,3,1811,929,882
20059,4,1816,983,833
20059,5,1504,754,750
20059,6,1551,749,802
20059,7,1496,745,751
20059,8,1551,782,769
20059,9,1387,702,685
20059,10,1594,820,774
20059,11,1635,821,814
20059,12,2052,1018,1034
20059,13,1757,901,856
20059,14,1385,663,722
20059,15,1092,529,563
20059,16,799,374,425
20059,17,502,225,277
20059,18,484,158,326
20061,0,32594,17216,15378
20061,1,3883,1986,1897
20061,2,2980,1520,1460
20061,3,2155,1136,1019
20061,4,1795,975,820
20061,5,4242,2598,1644
20061,6,3994,2221,1773
20061,7,2968,1593,1375
20061,8,2329,1245,1084
20061,9,1445,772,673
20061,10,1108,579,529
20061,11,998,470,528
20061,12,991,472,519
20061,13,888,435,453
20061,14,860,387,473
20061,15,738,344,394
20061,16,500,231,269
20061,17,364,135,229
20061,18,356,117,239
20063,0,2612,1315,1297
20063,1,167,76,91
20063,2,187,106,81
20063,3,175,83,92
20063,4,148,75,73
20063,5,120,61,59
20063,6,115,64,51
20063,7,138,76,62
20063,8,143,73,70
20063,9,139,81,58
20063,10,107,54,53
20063,11,134,70,64
20063,12,196,100,96
20063,13,208,107,101
20063,14,166,86,80
20063,15,145,72,73
20063,16,98,42,56
20063,17,94,45,49
20063,18,132,44,88
20065,0,2492,1236,1256
20065,1,101,49,52
20065,2,154,83,71
20065,3,152,80,72
20065,4,116,61,55
20065,5,100,46,54
20065,6,120,72,48
20065,7,119,60,59
20065,8,137,77,60
20065,9,128,63,65
20065,10,102,51,51
20065,11,135,78,57
20065,12,220,95,125
20065,13,224,109,115
20065,14,162,72,90
20065,15,138,62,76
20065,16,144,72,72
20065,17,126,56,70
20065,18,114,50,64
20067,0,7336,3684,3652
20067,1,571,289,282
20067,2,644,325,319
20067,3,634,314,320
20067,4,630,341,289
20067,5,457,256,201
20067,6,408,205,203
20067,7,420,216,204
20067,8,403,189,214
20067,9,471,240,231
20067,10,415,206,209
20067,11,366,191,175
20067,12,476,247,229
20067,13,438,224,214
20067,14,354,169,185
20067,15,239,114,125
20067,16,167,78,89
20067,17,126,48,78
20067,18,117,32,85
20069,0,6033,3037,2996
20069,1,460,220,240
20069,2,458,271,187
20069,3,537,262,275
20069,4,458,225,233
20069,5,376,198,178
20069,6,336,163,173
20069,7,325,171,154
20069,8,356,159,197
20069,9,403,207,196
20069,10,298,160,138
20069,11,349,184,165
20069,12,420,206,214
20069,13,347,182,165
20069,14,301,159,142
20069,15,197,91,106
20069,16,144,66,78
20069,17,136,60,76
20069,18,132,53,79
20071,0,1227,588,639
20071,1,72,43,29
20071,2,106,46,60
20071,3,96,37,59
20071,4,73,39,34
20071,5,45,19,26
20071,6,58,27,31
20071,7,86,38,48
20071,8,86,43,43
20071,9,58,30,28
20071,10,37,23,14
20071,11,70,32,38
20071,12,97,51,46
20071,13,89,47,42
20071,14,70,35,35
20071,15,49,28,21
20071,16,40,16,24
20071,17,36,14,22
20071,18,59,20,39
20073,0,6055,3026,3029
20073,1,337,159,178
20073,2,335,167,168
20073,3,402,217,185
20073,4,358,192,166
20073,5,281,152,129
20073,6,221,106,115
20073,7,279,141,138
20073,8,303,149,154
20073,9,319,163,156
20073,10,327,167,160
20073,11,379,194,185
20073,12,511,255,256
20073,13,494,235,259
20073,14,456,233,223
20073,15,384,200,184
20073,16,285,138,147
20073,17,160,81,79
20073,18,224,77,147
20075,0,2607,1351,1256
20075,1,198,105,93
20075,2,244,131,113
20075,3,200,113,87
20075,4,178,99,79
20075,5,142,77,65
20075,6,181,92,89
20075,7,177,91,86
20075,8,164,76,88
20075,9,140,75,65
20075,10,151,75,76
20075,11,147,73,74
20075,12,176,94,82
20075,13,144,64,80
20075,14,125,67,58
20075,15,87,51,36
20075,16,77,40,37
20075,17,44,17,27
20075,18,32,11,21
20077,0,5506,2757,2749
20077,1,348,169,179
20077,2,407,216,191
20077,3,394,202,192
20077,4,328,191,137
20077,5,251,130,121
20077,6,271,139,132
20077,7,314,176,138
20077,8,292,141,151
20077,9,286,165,121
20077,10,275,137,138
20077,11,291,142,149
20077,12,380,194,186
20077,13,402,205,197
20077,14,375,183,192
20077,15,274,115,159
20077,16,229,109,120
20077,17,176,87,89
20077,18,213,56,157
20079,0,34210,16893,17317
20079,1,2010,999,1011
20079,2,2302,1165,1137
20079,3,2454,1256,1198
20079,4,2585,1392,1193
20079,5,2215,1162,1053
20079,6,1869,954,915
20079,7,1903,970,933
20079,8,2076,1054,1022
20079,9,1890,945,945
20079,10,1767,874,893
20079,11,1873,916,957
20079,12,2330,1113,1217
20079,13,2254,1121,1133
20079,14,1885,941,944
20079,15,1484,703,781
20079,16,1145,497,648
20079,17,955,406,549
20079,18,1213,425,788
20081,0,3997,2008,1989
20081,1,280,144,136
20081,2,318,160,158
20081,3,326,172,154
20081,4,299,163,136
20081,5,271,135,136
20081,6,236,118,118
20081,7,237,122,115
20081,8,226,115,111
20081,9,228,122,106
20081,10,236,111,125
20081,11,214,103,111
20081,12,272,135,137
20081,13,263,126,137
20081,14,226,127,99
20081,15,134,62,72
20081,16,101,49,52
20081,17,63,23,40
20081,18,67,21,46
20083,0,1818,905,913
20083,1,117,63,54
20083,2,96,39,57
20083,3,121,56,65
20083,4,112,56,56
20083,5,87,41,46
20083,6,78,44,34
20083,7,98,45,53
20083,8,91,47,44
20083,9,77,33,44
20083,10,92,48,44
20083,11,109,55,54
20083,12,159,77,82
20083,13,145,83,62
20083,14,119,69,50
20083,15,76,40,36
20083,16,87,31,56
20083,17,86,42,44
20083,18,68,36,32
20085,0,13280,6644,6636
20085,1,854,414,440
20085,2,868,444,424
20085,3,988,518,470
20085,4,910,493,417
20085,5,721,379,342
20085,6,661,345,316
20085,7,731,376,355
20085,8,711,348,363
20085,9,714,353,361
20085,10,845,412,433
20085,11,887,446,441
20085,12,933,476,457
20085,13,927,463,464
20085,14,800,394,406
20085,15,678,322,356
20085,16,462,222,240
20085,17,298,115,183
20085,18,292,124,168
20087,0,18975,9661,9314
20087,1,1041,540,501
20087,2,1151,606,545
20087,3,1334,685,649
20087,4,1221,646,575
20087,5,945,511,434
20087,6,929,486,443
20087,7,1018,498,520
20087,8,1129,592,537
20087,9,1084,545,539
20087,10,1146,566,580
20087,11,1341,670,671
20087,12,1644,853,791
20087,13,1454,739,715
20087,14,1153,574,579
20087,15,897,452,445
20087,16,640,318,322
20087,17,412,199,213
20087,18,436,181,255
20089,0,2841,1452,1389
20089,1,156,72,84
20089,2,148,83,65
20089,3,158,82,76
20089,4,130,71,59
20089,5,125,67,58
20089,6,129,73,56
20089,7,134,80,54
20089,8,112,59,53
20089,9,124,70,54
20089,10,126,59,67
20089,11,154,81,73
20089,12,215,96,119
20089,13,274,145,129
20089,14,241,124,117
20089,15,196,107,89
20089,16,158,77,81
20089,17,115,50,65
20089,18,146,56,90
20091,0,597555,293223,304332
20091,1,38056,19231,18825
20091,2,40070,20404,19666
20091,3,42152,21685,20467
20091,4,38545,19709,18836
20091,5,34336,17299,17037
20091,6,39929,20414,19515
20091,7,41859,20844,21015
20091,8,44166,22065,22101
20091,9,39485,19579,19906
20091,10,39700,19689,20011
20091,11,37937,18586,19351
20091,12,39095,18654,20441
20091,13,35502,16729,18773
20091,14,29678,13886,15792
20091,15,22180,10236,11944
20091,16,13972,6237,7735
20091,17,9457,3964,5493
20091,18,11436,4012,7424
20093,0,3943,1967,1976
20093,1,315,178,137
20093,2,341,178,163
20093,3,334,172,162
20093,4,249,136,113
20093,5,241,136,105
20093,6,260,131,129
20093,7,285,137,148
20093,8,234,126,108
20093,9,208,89,119
20093,10,186,94,92
20093,11,233,100,133
20093,12,250,127,123
20093,13,195,110,85
20093,14,185,80,105
20093,15,144,68,76
20093,16,94,35,59
20093,17,101,41,60
20093,18,88,29,59
20095,0,7310,3663,3647
20095,1,415,221,194
20095,2,424,238,186
20095,3,463,241,222
20095,4,463,226,237
20095,5,363,191,172
20095,6,358,191,167
20095,7,382,182,200
20095,8,415,206,209
20095,9,373,185,188
20095,10,406,205,201
20095,11,455,224,231
20095,12,609,310,299
20095,13,599,303,296
20095,14,432,224,208
20095,15,363,178,185
20095,16,288,132,156
20095,17,239,91,148
20095,18,263,115,148
20097,0,2516,1234,1282
20097,1,169,71,98
20097,2,157,82,75
20097,3,156,76,80
20097,4,194,85,109
20097,5,196,102,94
20097,6,123,56,67
20097,7,123,59,64
20097,8,105,54,51
20097,9,128,72,56
20097,10,121,62,59
20097,11,135,67,68
20097,12,177,97,80
20097,13,180,95,85
20097,14,179,89,90
20097,15,122,66,56
20097,16,73,29,44
20097,17,78,30,48
20097,18,100,42,58
20099,0,19964,9931,10033
20099,1,1343,698,645
20099,2,1301,647,654
20099,3,1374,702,672
20099,4,1201,641,560
20099,5,1083,572,511
20099,6,1191,633,558
20099,7,1158,586,572
20099,8,1126,568,558
20099,9,955,466,489
20099,10,1209,605,604
20099,11,1317,663,654
20099,12,1496,764,732
20099,13,1398,687,711
20099,14,1125,528,597
20099,15,997,488,509
20099,16,685,327,358
20099,17,457,190,267
20099,18,548,166,382
20101,0,1560,788,772
20101,1,89,53,36
20101,2,102,63,39
20101,3,98,47,51
20101,4,87,42,45
20101,5,73,35,38
20101,6,75,40,35
20101,7,88,42,46
20101,8,59,31,28
20101,9,76,32,44
20101,10,99,57,42
20101,11,98,50,48
20101,12,117,58,59
20101,13,132,67,65
20101,14,98,50,48
20101,15,94,46,48
20101,16,53,26,27
20101,17,66,32,34
20101,18,56,17,39
20103,0,81352,43269,38083
20103,1,5308,2685,2623
20103,2,5503,2791,2712
20103,3,5354,2756,2598
20103,4,4852,2553,2299
20103,5,4830,2798,2032
20103,6,5229,3131,2098
20103,7,5982,3488,2494
20103,8,6283,3553,2730
20103,9,5430,3085,2345
20103,10,5205,2853,2352
20103,11,5071,2811,2260
20103,12,5561,2801,2760
20103,13,4965,2527,2438
20103,14,4023,1972,2051
20103,15,3098,1528,1570
20103,16,2059,942,1117
20103,17,1318,549,769
20103,18,1281,446,835
20105,0,3023,1500,1523
20105,1,162,88,74
20105,2,204,112,92
20105,3,194,95,99
20105,4,190,99,91
20105,5,125,72,53
20105,6,130,61,69
20105,7,108,49,59
20105,8,185,90,95
20105,9,139,76,63
20105,10,158,84,74
20105,11,187,92,95
20105,12,229,105,124
20105,13,273,133,140
20105,14,224,120,104
20105,15,175,100,75
20105,16,96,37,59
20105,17,91,43,48
20105,18,153,44,109
20107,0,9750,4937,4813
20107,1,525,282,243
20107,2,557,286,271
20107,3,661,321,340
20107,4,640,348,292
20107,5,433,225,208
20107,6,474,248,226
20107,7,453,208,245
20107,8,560,293,267
20107,9,602,307,295
20107,10,545,275,270
20107,11,626,305,321
20107,12,810,425,385
20107,13,684,344,340
20107,14,691,342,349
20107,15,585,301,284
20107,16,411,205,206
20107,17,229,110,119
20107,18,264,112,152
20109,0,2844,1414,1430
20109,1,210,109,101
20109,2,188,100,88
20109,3,176,88,88
20109,4,165,85,80
20109,5,152,84,68
20109,6,185,89,96
20109,7,145,86,59
20109,8,167,84,83
20109,9,162,82,80
20109,10,108,59,49
20109,11,149,78,71
20109,12,228,104,124
20109,13,217,115,102
20109,14,177,97,80
20109,15,112,49,63
20109,16,102,38,64
20109,17,91,33,58
20109,18,110,34,76
20111,0,33406,16223,17183
20111,1,2010,1036,974
20111,2,2043,1044,999
20111,3,2133,1093,1040
20111,4,2651,1235,1416
20111,5,4465,1963,2502
20111,6,2263,1184,1079
20111,7,1874,975,899
20111,8,1856,911,945
20111,9,1591,786,805
20111,10,1652,875,777
20111,11,1713,821,892
20111,12,2004,978,1026
20111,13,2076,1040,1036
20111,14,1632,808,824
20111,15,1189,581,608
20111,16,843,372,471
20111,17,603,246,357
20111,18,808,275,533
20113,0,28537,13992,14545
20113,1,1601,778,823
20113,2,1801,906,895
20113,3,1935,975,960
20113,4,1948,978,970
20113,5,1745,892,853
20113,6,1680,918,762
20113,7,1658,816,842
20113,8,1759,868,891
20113,9,1542,771,771
20113,10,1473,761,712
20113,11,1604,822,782
20113,12,2120,1034,1086
20113,13,2011,992,1019
20113,14,1666,803,863
20113,15,1275,622,653
20113,16,945,419,526
20113,17,684,278,406
20113,18,1090,359,731
20115,0,11950,5943,6007
20115,1,610,319,291
20115,2,735,374,361
20115,3,729,371,358
20115,4,833,430,403
20115,5,803,419,384
20115,6,556,283,273
20115,7,572,271,301
20115,8,630,319,311
20115,9,541,263,278
20115,10,600,308,292
20115,11,733,381,352
20115,12,907,460,447
20115,13,918,459,459
20115,14,767,381,386
20115,15,641,312,329
20115,16,497,242,255
20115,17,366,166,200
20115,18,512,185,327
20117,0,9722,4841,4881
20117,1,628,326,302
20117,2,635,325,310
20117,3,644,309,335
20117,4,607,300,307
20117,5,452,234,218
20117,6,469,252,217
20117,7,511,262,249
20117,8,583,290,293
20117,9,512,266,246
20117,10,464,237,227
20117,11,539,268,271
20117,12,764,375,389
20117,13,802,414,388
20117,14,576,288,288
20117,15,467,235,232
20117,16,371,159,212
20117,17,319,148,171
20117,18,379,153,226
20119,0,4146,2104,2042
20119,1,275,146,129
20119,2,306,162,144
20119,3,311,183,128
20119,4,291,151,140
20119,5,268,122,146
20119,6,234,126,108
20119,7,201,104,97
20119,8,205,100,105
20119,9,196,102,94
20119,10,267,122,145
20119,11,242,116,126
20119,12,285,145,140
20119,13,266,137,129
20119,14,227,126,101
20119,15,162,91,71
20119,16,140,52,88
20119,17,114,48,66
20119,18,156,71,85
20121,0,33680,16735,16945
20121,1,1961,983,978
20121,2,2272,1147,1125
20121,3,2469,1246,1223
20121,4,2341,1224,1117
20121,5,1711,879,832
20121,6,1691,894,797
20121,7,1840,904,936
20121,8,2118,1056,1062
20121,9,2070,1057,1013
20121,10,2110,1064,1046
20121,11,2448,1207,1241
20121,12,2674,1383,1291
20121,13,2344,1128,1216
20121,14,1798,888,910
20121,15,1351,657,694
20121,16,1073,496,577
20121,17,657,262,395
20121,18,752,260,492
20123,0,6150,3113,3037
20123,1,424,221,203
20123,2,402,209,193
20123,3,376,177,199
20123,4,442,272,170
20123,5,355,201,154
20123,6,291,145,146
20123,7,300,159,141
20123,8,340,180,160
20123,9,294,143,151
20123,10,295,146,149
20123,11,328,156,172
20123,12,418,219,199
20123,13,435,207,228
20123,14,408,219,189
20123,15,337,168,169
20123,16,251,114,137
20123,17,190,83,107
20123,18,264,94,170
20125,0,32120,15909,16211
20125,1,1982,1035,947
20125,2,2176,1123,1053
20125,3,2238,1140,1098
20125,4,2290,1266,1024
20125,5,1738,971,767
20125,6,1771,869,902
20125,7,1861,936,925
20125,8,1835,894,941
20125,9,1612,811,801
20125,10,1779,883,896
20125,11,1894,905,989
20125,12,2298,1120,1178
20125,13,2257,1127,1130
20125,14,1913,933,980
20125,15,1553,732,821
20125,16,1216,539,677
20125,17,786,333,453
20125,18,921,292,629
20127,0,5521,2761,2760
20127,1,296,159,137
20127,2,309,152,157
20127,3,339,178,161
20127,4,298,148,150
20127,5,254,139,115
20127,6,283,142,141
20127,7,283,143,140
20127,8,318,181,137
20127,9,250,128,122
20127,10,266,133,133
20127,11,350,176,174
20127,12,451,219,232
20127,13,459,223,236
20127,14,397,204,193
20127,15,300,142,158
20127,16,265,128,137
20127,17,162,67,95
20127,18,241,99,142
20129,0,2667,1323,1344
20129,1,136,65,71
20129,2,193,104,89
20129,3,192,97,95
20129,4,191,91,100
20129,5,131,73,58
20129,6,97,51,46
20129,7,131,70,61
20129,8,163,77,86
20129,9,160,82,78
20129,10,162,80,82
20129,11,167,90,77
20129,12,204,105,99
20129,13,199,99,100
20129,14,154,83,71
20129,15,102,49,53
20129,16,99,49,50
20129,17,74,23,51
20129,18,112,35,77
20131,0,10155,5140,5015
20131,1,738,375,363
20131,2,778,404,374
20131,3,706,377,329
20131,4,664,347,317
20131,5,574,307,267
20131,6,535,280,255
20131,7,548,286,262
20131,8,562,297,265
20131,9,478,245,233
20131,10,543,278,265
20131,11,593,309,284
20131,12,744,382,362
20131,13,644,328,316
20131,14,549,294,255
20131,15,384,182,202
20131,16,343,159,184
20131,17,304,129,175
20131,18,468,161,307
20133,0,15951,7902,8049
20133,1,1049,543,506
20133,2,1087,557,530
20133,3,1168,601,567
20133,4,1096,548,548
20133,5,882,463,419
20133,6,832,448,384
20133,7,871,420,451
20133,8,871,411,460
20133,9,855,435,420
20133,10,874,465,409
20133,11,936,470,466
20133,12,1144,579,565
20133,13,1122,555,567
20133,14,929,470,459
20133,15,753,346,407
20133,16,583,256,327
20133,17,403,167,236
20133,18,496,168,328
20135,0,2840,1401,1439
20135,1,165,89,76
20135,2,167,70,97
20135,3,178,91,87
20135,4,167,87,80
20135,5,135,62,73
20135,6,114,58,56
20135,7,137,72,65
20135,8,144,80,64
20135,9,120,65,55
20135,10,134,75,59
20135,11,139,66,73
20135,12,268,142,126
20135,13,237,117,120
20135,14,209,99,110
20135,15,132,67,65
20135,16,136,59,77
20135,17,111,56,55
20135,18,147,46,101
20137,0,5430,3035,2395
20137,1,290,135,155
20137,2,267,144,123
20137,3,300,160,140
20137,4,275,143,132
20137,5,351,232,119
20137,6,386,266,120
20137,7,331,216,115
20137,8,336,214,122
20137,9,294,191,103
20137,10,369,230,139
20137,11,376,217,159
20137,12,371,194,177
20137,13,372,203,169
20137,14,279,134,145
20137,15,258,124,134
20137,16,190,92,98
20137,17,169,76,93
20137,18,216,64,152
20139,0,15941,7989,7952
20139,1,915,493,422
20139,2,973,474,499
20139,3,1117,607,510
20139,4,1059,555,504
20139,5,807,430,377
20139,6,795,407,388
20139,7,808,396,412
20139,8,913,462,451
20139,9,873,433,440
20139,10,923,432,491
20139,11,1016,515,501
20139,12,1331,645,686
20139,13,1248,630,618
20139,14,1021,521,500
20139,15,772,385,387
20139,16,578,257,321
20139,17,388,171,217
20139,18,404,176,228
20141,0,3475,1756,1719
20141,1,192,111,81
20141,2,197,108,89
20141,3,203,98,105
20141,4,183,101,82
20141,5,172,90,82
20141,6,185,101,84
20141,7,200,100,100
20141,8,189,100,89
20141,9,162,86,76
20141,10,145,72,73
20141,11,211,114,97
20141,12,277,127,150
20141,13,291,163,128
20141,14,220,109,111
20141,15,164,85,79
20141,16,168,73,95
20141,17,143,60,83
20141,18,173,58,115
20143,0,5802,3009,2793
20143,1,287,147,140
20143,2,370,201,169
20143,3,403,226,177
20143,4,397,230,167
20143,5,296,165,131
20143,6,256,144,112
20143,7,302,159,143
20143,8,320,172,148
20143,9,364,185,179
20143,10,343,178,165
20143,11,366,170,196
20143,12,474,240,234
20143,13,441,222,219
20143,14,377,194,183
20143,15,263,124,139
20143,16,239,108,131
20143,17,173,92,81
20143,18,131,52,79
20145,0,6562,3683,2879
20145,1,269,139,130
20145,2,270,140,130
20145,3,262,135,127
20145,4,463,352,111
20145,5,362,202,160
20145,6,419,262,157
20145,7,404,248,156
20145,8,442,271,171
20145,9,402,228,174
20145,10,442,289,153
20145,11,425,263,162
20145,12,506,264,242
20145,13,519,264,255
20145,14,436,232,204
20145,15,289,147,142
20145,16,231,92,139
20145,17,196,89,107
20145,18,225,66,159
20147,0,5317,2638,2679
20147,1,304,159,145
20147,2,331,173,158
20147,3,348,178,170
20147,4,346,162,184
20147,5,248,126,122
20147,6,263,138,125
20147,7,256,125,131
20147,8,304,171,133
20147,9,244,112,132
20147,10,281,144,137
20147,11,296,142,154
20147,12,419,192,227
20147,13,406,226,180
20147,14,415,209,206
20147,15,302,154,148
20147,16,203,96,107
20147,17,156,68,88
20147,18,195,63,132
20149,0,24277,12063,12214
20149,1,1889,916,973
20149,2,2004,994,1010
20149,3,2045,1074,971
20149,4,1721,883,838
20149,5,1393,710,683
20149,6,1477,735,742
20149,7,1550,764,786
20149,8,1805,908,897
20149,9,1402,740,662
20149,10,1318,664,654
20149,11,1270,638,632
20149,12,1567,772,795
20149,13,1373,675,698
20149,14,1145,567,578
20149,15,861,443,418
20149,16,601,268,333
20149,17,386,162,224
20149,18,470,150,320
20151,0,9378,4638,4740
20151,1,653,332,321
20151,2,649,327,322
20151,3,642,333,309
20151,4,677,372,305
20151,5,597,334,263
20151,6,511,261,250
20151,7,518,263,255
20151,8,547,274,273
20151,9,471,226,245
20151,10,444,214,230
20151,11,445,221,224
20151,12,636,310,326
20151,13,693,336,357
20151,14,575,290,285
20151,15,385,177,208
20151,16,342,159,183
20151,17,239,103,136
20151,18,354,106,248
20153,0,2508,1267,1241
20153,1,157,83,74
20153,2,160,87,73
20153,3,139,75,64
20153,4,116,53,63
20153,5,100,50,50
20153,6,133,70,63
20153,7,122,64,58
20153,8,140,80,60
20153,9,103,56,47
20153,10,110,66,44
20153,11,142,68,74
20153,12,187,91,96
20153,13,199,104,95
20153,14,188,85,103
20153,15,164,85,79
20153,16,134,74,60
20153,17,101,40,61
20153,18,113,36,77
20155,0,62342,31304,31038
20155,1,3457,1781,1676
20155,2,3801,1917,1884
20155,3,4148,2146,2002
20155,4,4170,2158,2012
20155,5,3664,2014,1650
20155,6,3948,2171,1777
20155,7,3773,2031,1742
20155,8,3832,2009,1823
20155,9,3378,1778,1600
20155,10,3555,1844,1711
20155,11,3572,1770,1802
20155,12,4276,2092,2184
20155,13,4448,2197,2251
20155,14,3722,1815,1907
20155,15,2861,1297,1564
20155,16,2130,932,1198
20155,17,1577,663,914
20155,18,2030,689,1341
20157,0,4664,2305,2359
20157,1,256,143,113
20157,2,272,130,142
20157,3,267,140,127
20157,4,252,128,124
20157,5,212,107,105
20157,6,208,104,104
20157,7,203,112,91
20157,8,254,145,109
20157,9,193,88,105
20157,10,210,103,107
20157,11,269,133,136
20157,12,368,177,191
20157,13,406,206,200
20157,14,357,185,172
20157,15,263,129,134
20157,16,222,114,108
20157,17,187,65,122
20157,18,265,96,169
20159,0,9531,4760,4771
20159,1,561,271,290
20159,2,642,313,329
20159,3,590,306,284
20159,4,759,404,355
20159,5,749,410,339
20159,6,537,288,249
20159,7,531,287,244
20159,8,521,283,238
20159,9,431,218,213
20159,10,484,260,224
20159,11,529,256,273
20159,12,663,315,348
20159,13,691,350,341
20159,14,553,263,290
20159,15,419,192,227
20159,16,332,140,192
20159,17,268,113,155
20159,18,271,91,180
20161,0,73703,38675,35028
20161,1,4133,2073,2060
20161,2,3411,1747,1664
20161,3,2986,1538,1448
20161,4,7242,3663,3579
20161,5,18129,10389,7740
20161,6,7410,4327,3083
20161,7,5402,2880,2522
20161,8,4250,2207,2043
20161,9,3099,1555,1544
20161,10,2559,1251,1308
20161,11,2394,1224,1170
20161,12,2778,1295,1483
20161,13,2901,1373,1528
20161,14,2393,1139,1254
20161,15,1688,806,882
20161,16,1097,495,602
20161,17,747,312,435
20161,18,1084,401,683
20163,0,5013,2419,2594
20163,1,318,166,152
20163,2,296,129,167
20163,3,321,148,173
20163,4,284,141,143
20163,5,243,129,114
20163,6,276,120,156
20163,7,288,140,148
20163,8,263,130,133
20163,9,255,130,125
20163,10,275,159,116
20163,11,300,143,157
20163,12,390,199,191
20163,13,391,193,198
20163,14,316,153,163
20163,15,268,127,141
20163,16,190,77,113
20163,17,163,77,86
20163,18,176,58,118
20165,0,3093,1588,1505
20165,1,167,95,72
20165,2,170,100,70
20165,3,192,95,97
20165,4,184,109,75
20165,5,147,80,67
20165,6,138,74,64
20165,7,146,75,71
20165,8,150,70,80
20165,9,168,80,88
20165,10,170,98,72
20165,11,189,101,88
20165,12,239,125,114
20165,13,265,130,135
20165,14,223,116,107
20165,15,167,77,90
20165,16,115,58,57
20165,17,116,50,66
20165,18,147,55,92
20167,0,6907,3406,3501
20167,1,412,227,185
20167,2,446,225,221
20167,3,412,220,192
20167,4,347,174,173
20167,5,330,158,172
20167,6,342,177,165
20167,7,366,193,173
20167,8,372,185,187
20167,9,325,160,165
20167,10,378,183,195
20167,11,425,215,210
20167,12,497,248,249
20167,13,566,277,289
20167,14,450,215,235
20167,15,423,205,218
20167,16,285,129,156
20167,17,213,92,121
20167,18,318,123,195
20169,0,54401,26984,27417
20169,1,3302,1692,1610
20169,2,3505,1735,1770
20169,3,3603,1840,1763
20169,4,3578,1921,1657
20169,5,3477,1808,1669
20169,6,3472,1821,1651
20169,7,3284,1676,1608
20169,8,3286,1652,1634
20169,9,2976,1433,1543
20169,10,3277,1648,1629
20169,11,3307,1672,1635
20169,12,3916,1962,1954
20169,13,3662,1781,1881
20169,14,3028,1483,1545
20169,15,2339,1080,1259
20169,16,1679,731,948
20169,17,1250,524,726
20169,18,1460,525,935
20171,0,4897,2467,2430
20171,1,319,159,160
20171,2,372,194,178
20171,3,409,217,192
20171,4,326,166,160
20171,5,267,145,122
20171,6,298,161,137
20171,7,266,140,126
20171,8,245,119,126
20171,9,276,136,140
20171,10,264,142,122
20171,11,280,150,130
20171,12,321,142,179
20171,13,306,140,166
20171,14,315,177,138
20171,15,188,91,97
20171,16,165,75,90
20171,17,121,62,59
20171,18,159,51,108
20173,0,513607,254106,259501
20173,1,35500,18130,17370
20173,2,37682,19389,18293
20173,3,37034,18678,18356
20173,4,34326,17552,16774
20173,5,34816,18096,16720
20173,6,37913,19334,18579
20173,7,35160,17400,17760
20173,8,34050,16877,17173
20173,9,29069,14364,14705
20173,10,29233,14365,14868
20173,11,29392,14706,14686
20173,12,33490,16347,17143
20173,13,31455,15280,16175
20173,14,25448,12311,13137
20173,15,18606,8651,9955
20173,16,12166,5407,6759
20173,17,8663,3666,4997
20173,18,9604,3553,6051
20175,0,21780,11052,10728
20175,1,2000,974,1026
20175,2,1988,977,1011
20175,3,1873,945,928
20175,4,1741,887,854
20175,5,1603,851,752
20175,6,1749,948,801
20175,7,1549,810,739
20175,8,1294,669,625
20175,9,1300,686,614
20175,10,1249,635,614
20175,11,1198,660,538
20175,12,1148,578,570
20175,13,958,492,466
20175,14,706,354,352
20175,15,492,229,263
20175,16,381,177,204
20175,17,260,95,165
20175,18,291,85,206
20177,0,177499,85958,91541
20177,1,11020,5606,5414
20177,2,11775,5971,5804
20177,3,11854,6082,5772
20177,4,11622,6060,5562
20177,5,10583,5233,5350
20177,6,11157,5558,5599
20177,7,10898,5237,5661
20177,8,11267,5568,5699
20177,9,9755,4801,4954
20177,10,10140,4912,5228
20177,11,10783,5312,5471
20177,12,12224,5717,6507
20177,13,12125,5669,6456
20177,14,10635,4977,5658
20177,15,7881,3733,4148
20177,16,5557,2408,3149
20177,17,3867,1637,2230
20177,18,4356,1477,2879
20179,0,2533,1274,1259
20179,1,171,89,82
20179,2,165,84,81
20179,3,191,93,98
20179,4,159,86,73
20179,5,122,61,61
20179,6,116,62,54
20179,7,120,62,58
20179,8,142,78,64
20179,9,123,57,66
20179,10,117,57,60
20179,11,130,66,64
20179,12,197,109,88
20179,13,196,103,93
20179,14,169,82,87
20179,15,129,71,58
20179,16,89,37,52
20179,17,74,34,40
20179,18,123,43,80
20181,0,5899,2959,2940
20181,1,399,213,186
20181,2,397,210,187
20181,3,380,174,206
20181,4,375,207,168
20181,5,350,195,155
20181,6,354,194,160
20181,7,367,176,191
20181,8,377,194,183
20181,9,288,134,154
20181,10,282,147,135
20181,11,315,158,157
20181,12,446,228,218
20181,13,432,208,224
20181,14,330,168,162
20181,15,258,130,128
20181,16,218,92,126
20181,17,168,76,92
20181,18,163,55,108
20183,0,3603,1792,1811
20183,1,206,96,110
20183,2,190,94,96
20183,3,206,112,94
20183,4,196,99,97
20183,5,164,80,84
20183,6,163,94,69
20183,7,129,62,67
20183,8,197,100,97
20183,9,172,87,85
20183,10,160,89,71
20183,11,196,93,103
20183,12,317,154,163
20183,13,310,159,151
20183,14,289,155,134
20183,15,203,106,97
20183,16,154,63,91
20183,17,143,59,84
20183,18,208,90,118
20185,0,4178,2121,2057
20185,1,269,133,136
20185,2,266,143,123
20185,3,283,147,136
20185,4,277,169,108
20185,5,209,118,91
20185,6,189,90,99
20185,7,221,115,106
20185,8,224,122,102
20185,9,175,77,98
20185,10,201,100,101
20185,11,269,126,143
20185,12,335,178,157
20185,13,333,173,160
20185,14,251,129,122
20185,15,209,96,113
20185,16,165,81,84
20185,17,123,58,65
20185,18,179,66,113
20187,0,1987,990,997
20187,1,138,72,66
20187,2,151,70,81
20187,3,139,62,77
20187,4,162,90,72
20187,5,109,60,49
20187,6,97,45,52
20187,7,111,68,43
20187,8,119,52,67
20187,9,124,68,56
20187,10,117,54,63
20187,11,109,57,52
20187,12,123,62,61
20187,13,138,72,66
20187,14,95,49,46
20187,15,83,33,50
20187,16,56,25,31
20187,17,55,24,31
20187,18,61,27,34
20189,0,5559,2754,2805
20189,1,343,181,162
20189,2,486,224,262
20189,3,502,215,287
20189,4,416,212,204
20189,5,313,173,140
20189,6,316,162,154
20189,7,273,123,150
20189,8,355,177,178
20189,9,302,167,135
20189,10,340,179,161
20189,11,344,193,151
20189,12,362,183,179
20189,13,323,173,150
20189,14,254,127,127
20189,15,209,99,110
20189,16,151,63,88
20189,17,105,46,59
20189,18,165,57,108
20191,0,22996,11519,11477
20191,1,1349,680,669
20191,2,1636,827,809
20191,3,1620,842,778
20191,4,1563,823,740
20191,5,1210,635,575
20191,6,1281,651,630
20191,7,1321,681,640
20191,8,1343,697,646
20191,9,1323,680,643
20191,10,1221,622,599
20191,11,1388,673,715
20191,12,1684,854,830
20191,13,1754,872,882
20191,14,1413,718,695
20191,15,970,485,485
20191,16,730,340,390
20191,17,561,224,337
20191,18,629,215,414
20193,0,7711,3775,3936
20193,1,561,281,280
20193,2,510,279,231
20193,3,469,228,241
20193,4,619,299,320
20193,5,635,290,345
20193,6,496,230,266
20193,7,482,257,225
20193,8,392,207,185
20193,9,418,217,201
20193,10,373,187,186
20193,11,359,175,184
20193,12,531,261,270
20193,13,504,246,258
20193,14,425,222,203
20193,15,282,138,144
20193,16,239,100,139
20193,17,185,76,109
20193,18,231,82,149
20195,0,2793,1418,1375
20195,1,135,84,51
20195,2,134,74,60
20195,3,137,67,70
20195,4,150,73,77
20195,5,118,58,60
20195,6,134,78,56
20195,7,148,79,69
20195,8,154,73,81
20195,9,118,59,59
20195,10,165,88,77
20195,11,158,73,85
20195,12,245,121,124
20195,13,257,127,130
20195,14,237,120,117
20195,15,157,84,73
20195,16,122,61,61
20195,17,97,44,53
20195,18,127,55,72
20197,0,6899,3527,3372
20197,1,398,217,181
20197,2,441,246,195
20197,3,464,244,220
20197,4,466,237,229
20197,5,330,166,164
20197,6,325,157,168
20197,7,335,174,161
20197,8,380,189,191
20197,9,390,203,187
20197,10,371,177,194
20197,11,438,225,213
20197,12,603,302,301
20197,13,577,300,277
20197,14,464,247,217
20197,15,337,179,158
20197,16,242,120,122
20197,17,180,88,92
20197,18,158,56,102
20199,0,1503,750,753
20199,1,119,61,58
20199,2,94,43,51
20199,3,97,38,59
20199,4,107,55,52
20199,5,74,45,29
20199,6,71,28,43
20199,7,81,42,39
20199,8,74,35,39
20199,9,62,33,29
20199,10,59,32,27
20199,11,87,46,41
20199,12,117,56,61
20199,13,111,67,44
20199,14,99,49,50
20199,15,84,48,36
20199,16,48,29,19
20199,17,47,16,31
20199,18,72,27,45
20201,0,5420,2767,2653
20201,1,359,188,171
20201,2,333,190,143
20201,3,328,167,161
20201,4,298,160,138
20201,5,308,165,143
20201,6,255,131,124
20201,7,246,115,131
20201,8,313,180,133
20201,9,250,137,113
20201,10,278,151,127
20201,11,336,170,166
20201,12,419,217,202
20201,13,399,206,193
20201,14,339,169,170
20201,15,277,142,135
20201,16,234,102,132
20201,17,194,82,112
20201,18,254,95,159
20203,0,2105,1073,1032
20203,1,117,65,52
20203,2,186,95,91
20203,3,144,65,79
20203,4,165,71,94
20203,5,109,67,42
20203,6,108,53,55
20203,7,95,52,43
20203,8,107,47,60
20203,9,122,72,50
20203,10,130,72,58
20203,11,101,56,45
20203,12,138,70,68
20203,13,157,87,70
20203,14,130,69,61
20203,15,91,44,47
20203,16,69,31,38
20203,17,59,26,33
20203,18,77,31,46
20205,0,8665,4289,4376
20205,1,544,281,263
20205,2,590,304,286
20205,3,584,283,301
20205,4,557,298,259
20205,5,404,221,183
20205,6,458,233,225
20205,7,464,226,238
20205,8,513,253,260
20205,9,421,220,201
20205,10,504,257,247
20205,11,475,227,248
20205,12,602,299,303
20205,13,695,341,354
20205,14,581,281,300
20205,15,474,232,242
20205,16,342,165,177
20205,17,206,90,116
20205,18,251,78,173
20207,0,3183,1601,1582
20207,1,168,93,75
20207,2,181,98,83
20207,3,194,92,102
20207,4,196,103,93
20207,5,133,64,69
20207,6,160,83,77
20207,7,168,79,89
20207,8,211,99,112
20207,9,138,92,46
20207,10,147,84,63
20207,11,195,90,105
20207,12,263,129,134
20207,13,256,131,125
20207,14,263,133,130
20207,15,178,85,93
20207,16,124,61,63
20207,17,83,31,52
20207,18,125,54,71
20209,0,165324,82022,83302
20209,1,13195,6873,6322
20209,2,13071,6670,6401
20209,3,12854,6588,6266
20209,4,10722,5463,5259
20209,5,10318,4984,5334
20209,6,12908,6502,6406
20209,7,12036,6250,5786
20209,8,11593,5780,5813
20209,9,9910,5051,4859
20209,10,9666,4905,4761
20209,11,9250,4650,4600
20209,12,10188,5000,5188
20209,13,9332,4519,4813
20209,14,7221,3343,3878
20209,15,4959,2177,2782
20209,16,3380,1498,1882
20209,17,2212,896,1316
20209,18,2509,873,1636
21001,0,19215,9508,9707
21001,1,1059,542,517
21001,2,977,520,457
21001,3,1129,591,538
21001,4,1521,801,720
21001,5,1467,760,707
21001,6,1236,622,614
21001,7,1009,499,510
21001,8,1027,495,532
21001,9,1028,495,533
21001,10,1180,604,576
21001,11,1328,633,695
21001,12,1406,657,749
21001,13,1277,623,654
21001,14,1185,589,596
21001,15,915,458,457
21001,16,666,300,366
21001,17,433,193,240
21001,18,372,126,246
21003,0,21122,10446,10676
21003,1,1253,629,624
21003,2,1385,713,672
21003,3,1365,695,670
21003,4,1338,697,641
21003,5,1096,571,525
21003,6,1482,724,758
21003,7,1207,610,597
21003,8,1194,583,611
21003,9,1254,625,629
21003,10,1459,723,736
21003,11,1472,726,746
21003,12,1497,724,773
21003,13,1395,714,681
21003,14,1235,596,639
21003,15,1022,462,560
21003,16,708,344,364
21003,17,442,191,251
21003,18,318,119,199
21005,0,22663,11107,11556
21005,1,1384,739,645
21005,2,1442,755,687
21005,3,1616,836,780
21005,4,1407,742,665
21005,5,1189,586,603
21005,6,1435,694,741
21005,7,1284,623,661
21005,8,1380,665,715
21005,9,1510,736,774
21005,10,1692,842,850
21005,11,1665,817,848
21005,12,1699,820,879
21005,13,1388,714,674
21005,14,1232,560,672
21005,15,926,416,510
21005,16,630,281,349
21005,17,408,188,220
21005,18,376,93,283
21007,0,7979,3977,4002
21007,1,396,210,186
21007,2,482,253,229
21007,3,503,259,244
21007,4,512,285,227
21007,5,404,220,184
21007,6,431,222,209
21007,7,433,216,217
21007,8,446,216,230
21007,9,478,256,222
21007,10,546,260,286
21007,11,516,258,258
21007,12,552,259,293
21007,13,610,300,310
21007,14,522,270,252
21007,15,428,181,247
21007,16,303,138,165
21007,17,216,105,111
21007,18,201,69,132
21009,0,44176,21353,22823
21009,1,2905,1472,1433
21009,2,2746,1391,1355
21009,3,2986,1495,1491
21009,4,2680,1365,1315
21009,5,2455,1251,1204
21009,6,2786,1418,1368
21009,7,2547,1237,1310
21009,8,2768,1379,1389
21009,9,2619,1271,1348
21009,10,2852,1409,1443
21009,11,2948,1423,1525
21009,12,3166,1513,1653
21009,13,2900,1397,1503
21009,14,2477,1166,1311
21009,15,1961,897,1064
21009,16,1478,613,865
21009,17,951,386,565
21009,18,951,270,681
21011,0,12383,6111,6272
21011,1,828,431,397
21011,2,846,437,409
21011,3,914,467,447
21011,4,806,429,377
21011,5,707,360,347
21011,6,738,358,380
21011,7,605,272,333
21011,8,733,330,403
21011,9,763,406,357
21011,10,835,401,434
21011,11,866,426,440
21011,12,853,451,402
21011,13,809,379,430
21011,14,703,357,346
21011,15,533,252,281
21011,16,363,166,197
21011,17,255,102,153
21011,18,226,87,139
21013,0,26569,13024,13545
21013,1,1565,784,781
21013,2,1542,807,735
21013,3,1571,776,795
21013,4,1516,823,693
21013,5,1574,847,727
21013,6,1762,877,885
21013,7,1523,796,727
21013,8,1475,748,727
21013,9,1561,758,803
21013,10,1777,898,879
21013,11,1811,845,966
21013,12,1939,956,983
21013,13,1848,881,967
21013,14,1668,816,852
21013,15,1344,589,755
21013,16,968,421,547
21013,17,565,226,339
21013,18,560,176,384
21015,0,131533,65164,66369
21015,1,8606,4408,4198
21015,2,9271,4722,4549
21015,3,10177,5208,4969
21015,4,9200,4701,4499
21015,5,7520,3879,3641
21015,6,8052,4095,3957
21015,7,8127,4046,4081
21015,8,9122,4463,4659
21015,9,8756,4334,4422
21015,10,9370,4728,4642
21015,11,9113,4529,4584
21015,12,8762,4301,4461
21015,13,7653,3746,3907
21015,14,6279,2903,3376
21015,15,4847,2272,2575
21015,16,3176,1451,1725
21015,17,1815,764,1051
21015,18,1687,614,1073
21017,0,20184,9838,10346
21017,1,1226,631,595
21017,2,1271,673,598
21017,3,1336,672,664
21017,4,1211,626,585
21017,5,1152,627,525
21017,6,1283,641,642
21017,7,1013,486,527
21017,8,1097,538,559
21017,9,1225,587,638
21017,10,1384,640,744
21017,11,1346,647,699
21017,12,1487,743,744
21017,13,1338,638,700
21017,14,1167,547,620
21017,15,950,456,494
21017,16,743,325,418
21017,17,478,185,293
21017,18,477,176,301
21019,0,47240,23510,23730
21019,1,2631,1340,1291
21019,2,2765,1391,1374
21019,3,2849,1423,1426
21019,4,2669,1455,1214
21019,5,2401,1232,1169
21019,6,2954,1596,1358
21019,7,2744,1411,1333
21019,8,3014,1601,1413
21019,9,2867,1496,1371
21019,10,3077,1594,1483
21019,11,3224,1666,1558
21019,12,3352,1642,1710
21019,13,3472,1637,1835
21019,14,2872,1367,1505
21019,15,2373,1113,1260
21019,16,1672,763,909
21019,17,1191,433,758
21019,18,1113,350,763
21021,0,30100,14993,15107
21021,1,1605,796,809
21021,2,1609,879,730
21021,3,1736,874,862
21021,4,2182,1092,1090
21021,5,2483,1297,1186
21021,6,1916,1107,809
21021,7,1707,989,718
21021,8,1657,838,819
21021,9,1739,904,835
21021,10,1968,1046,922
21021,11,1883,903,980
21021,12,1946,928,1018
21021,13,1912,906,1006
21021,14,1774,801,973
21021,15,1418,648,770
21021,16,1018,440,578
21021,17,706,279,427
21021,18,841,266,575
21023,0,8239,4129,4110
21023,1,491,251,240
21023,2,533,275,258
21023,3,568,295,273
21023,4,501,268,233
21023,5,433,228,205
21023,6,510,243,267
21023,7,464,233,231
21023,8,494,253,241
21023,9,477,244,233
21023,10,550,272,278
21023,11,614,308,306
21023,12,636,314,322
21023,13,598,313,285
21023,14,504,252,252
21023,15,335,164,171
21023,16,239,105,134
21023,17,163,64,99
21023,18,129,47,82
21025,0,12726,6366,6360
21025,1,747,370,377
21025,2,682,378,304
21025,3,708,362,346
21025,4,695,394,301
21025,5,719,377,342
21025,6,862,443,419
21025,7,691,350,341
21025,8,791,400,391
21025,9,847,438,409
21025,10,888,429,459
21025,11,969,480,489
21025,12,968,505,463
21025,13,966,461,505
21025,14,800,391,409
21025,15,598,276,322
21025,16,372,158,214
21025,17,220,83,137
21025,18,203,71,132
21027,0,20388,10249,10139
21027,1,1270,667,603
21027,2,1206,641,565
21027,3,1353,659,694
21027,4,1276,703,573
21027,5,1055,540,515
21027,6,1107,579,528
21027,7,1005,510,495
21027,8,1220,621,599
21027,9,1166,612,554
21027,10,1279,599,680
21027,11,1412,709,703
21027,12,1593,803,790
21027,13,1505,753,752
21027,14,1349,668,681
21027,15,1062,514,548
21027,16,727,338,389
21027,17,430,198,232
21027,18,373,135,238
21029,0,81069,40302,40767
21029,1,4328,2234,2094
21029,2,4825,2542,2283
21029,3,5306,2708,2598
21029,4,5063,2622,2441
21029,5,4586,2323,2263
21029,6,5510,2796,2714
21029,7,5002,2473,2529
21029,8,5413,2709,2704
21029,9,5312,2637,2675
21029,10,5756,2871,2885
21029,11,5990,2939,3051
21029,12,6026,3005,3021
21029,13,5300,2586,2714
21029,14,4394,2078,2316
21029,15,3501,1674,1827
21029,16,2367,1112,1255
21029,17,1316,569,747
21029,18,1074,424,650
21031,0,12772,6413,6359
21031,1,798,415,383
21031,2,783,399,384
21031,3,791,410,381
21031,4,741,400,341
21031,5,622,309,313
21031,6,749,384,365
21031,7,767,374,393
21031,8,824,436,388
21031,9,786,415,371
21031,10,833,446,387
21031,11,847,399,448
21031,12,905,458,447
21031,13,926,445,481
21031,14,773,390,383
21031,15,607,304,303
21031,16,477,232,245
21031,17,280,117,163
21031,18,263,80,183
21033,0,12715,6130,6585
21033,1,738,371,367
21033,2,796,408,388
21033,3,806,403,403
21033,4,777,392,385
21033,5,654,335,319
21033,6,797,383,414
21033,7,669,302,367
21033,8,671,332,339
21033,9,761,372,389
21033,10,841,430,411
21033,11,772,381,391
21033,12,887,441,446
21033,13,894,429,465
21033,14,808,373,435
21033,15,684,307,377
21033,16,488,222,266
21033,17,317,134,183
21033,18,355,115,240
21035,0,39135,19061,20074
21035,1,2022,992,1030
21035,2,1982,1029,953
21035,3,1931,976,955
21035,4,3235,1461,1774
21035,5,5645,2804,2841
21035,6,2639,1361,1278
21035,7,2070,1039,1031
21035,8,2085,1060,1025
21035,9,1904,994,910
21035,10,2135,1068,1067
21035,11,2190,1062,1128
21035,12,2340,1127,1213
21035,13,2343,1095,1248
21035,14,2032,975,1057
21035,15,1715,842,873
21035,16,1258,542,716
21035,17,837,362,475
21035,18,772,272,500
21037,0,93152,45696,47456
21037,1,5431,2735,2696
21037,2,5239,2668,2571
21037,3,5364,2719,2645
21037,4,6135,3031,3104
21037,5,6439,3236,3203
21037,6,7369,3737,3632
21037,7,6500,3313,3187
21037,8,6090,3085,3005
21037,9,5210,2544,2666
21037,10,5583,2826,2757
21037,11,6013,2955,3058
21037,12,6866,3386,3480
21037,13,6364,3065,3299
21037,14,5050,2381,2669
21037,15,3554,1678,1876
21037,16,2484,1056,1428
21037,17,1666,632,1034
21037,18,1795,649,1146
21039,0,4771,2353,2418
21039,1,321,179,142
21039,2,288,136,152
21039,3,300,164,136
21039,4,269,134,135
21039,5,215,110,105
21039,6,290,144,146
21039,7,244,121,123
21039,8,270,136,134
21039,9,288,150,138
21039,10,296,149,147
21039,11,304,140,164
21039,12,340,193,147
21039,13,323,157,166
21039,14,295,134,161
21039,15,249,114,135
21039,16,184,94,90
21039,17,154,62,92
21039,18,141,36,105
21041,0,10737,5412,5325
21041,1,789,400,389
21041,2,845,427,418
21041,3,748,376,372
21041,4,663,337,326
21041,5,628,333,295
21041,6,695,380,315
21041,7,590,302,288
21041,8,707,362,345
21041,9,596,293,303
21041,10,667,355,312
21041,11,703,357,346
21041,12,779,398,381
21041,13,692,343,349
21041,14,549,268,281
21041,15,431,201,230
21041,16,263,123,140
21041,17,202,88,114
21041,18,190,69,121
21043,0,27004,13290,13714
21043,1,1724,881,843
21043,2,1604,819,785
21043,3,1720,911,809
21043,4,1699,893,806
21043,5,1633,813,820
21043,6,1708,842,866
21043,7,1362,698,664
21043,8,1570,797,773
21043,9,1576,751,825
21043,10,1810,874,936
21043,11,1808,879,929
21043,12,1897,947,950
21043,13,1828,898,930
21043,14,1608,750,858
21043,15,1384,653,731
21043,16,960,423,537
21043,17,635,271,364
21043,18,478,190,288
21045,0,15888,7702,8186
21045,1,1036,511,525
21045,2,997,501,496
21045,3,999,530,469
21045,4,946,477,469
21045,5,856,419,437
21045,6,993,467,526
21045,7,841,424,417
21045,8,903,459,444
21045,9,923,432,491
21045,10,1054,531,523
21045,11,1043,534,509
21045,12,1038,525,513
21045,13,1062,507,555
21045,14,1001,478,523
21045,15,898,409,489
21045,16,606,265,341
21045,17,340,134,206
21045,18,352,99,253
21047,0,71671,38320,33351
21047,1,6882,3576,3306
21047,2,5272,2707,2565
21047,3,4590,2401,2189
21047,4,4761,2788,1973
21047,5,9704,6751,2953
21047,6,7132,4262,2870
21047,7,4774,2490,2284
21047,8,3991,2045,1946
21047,9,3166,1534,1632
21047,10,3126,1534,1592
21047,11,3025,1391,1634
21047,12,3296,1581,1715
21047,13,3161,1450,1711
21047,14,2653,1265,1388
21047,15,2219,980,1239
21047,16,1636,677,959
21047,17,1148,491,657
21047,18,1135,397,738
21049,0,36249,17704,18545
21049,1,2202,1120,1082
21049,2,2212,1151,1061
21049,3,2338,1220,1118
21049,4,2079,1090,989
21049,5,2037,1047,990
21049,6,2293,1164,1129
21049,7,2108,1047,1061
21049,8,2064,997,1067
21049,9,2312,1107,1205
21049,10,2548,1283,1265
21049,11,2511,1203,1308
21049,12,2683,1289,1394
21049,13,2382,1128,1254
21049,14,2066,964,1102
21049,15,1749,805,944
21049,16,1184,542,642
21049,17,767,295,472
21049,18,714,252,462
21051,0,20105,10467,9638
21051,1,1184,572,612
21051,2,1152,596,556
21051,3,1129,577,552
21051,4,1158,622,536
21051,5,1050,590,460
21051,6,1611,891,720
21051,7,1469,905,564
21051,8,1386,764,622
21051,9,1347,728,619
21051,10,1441,795,646
21051,11,1408,745,663
21051,12,1421,699,722
21051,13,1284,618,666
21051,14,1083,527,556
21051,15,829,362,467
21051,16,557,243,314
21051,17,323,129,194
21051,18,273,104,169
21053,0,10206,5014,5192
21053,1,612,285,327
21053,2,622,299,323
21053,3,636,350,286
21053,4,626,325,301
21053,5,526,275,251
21053,6,647,307,340
21053,7,537,266,271
21053,8,595,285,310
21053,9,570,291,279
21053,10,660,335,325
21053,11,712,351,361
21053,12,756,372,384
21053,13,717,350,367
21053,14,626,314,312
21053,15,526,267,259
21053,16,415,171,244
21053,17,256,113,143
21053,18,167,58,109
21055,0,8915,4488,4427
21055,1,471,235,236
21055,2,532,278,254
21055,3,622,322,300
21055,4,524,290,234
21055,5,461,232,229
21055,6,493,270,223
21055,7,432,224,208
21055,8,551,272,279
21055,9,516,278,238
21055,10,534,267,267
21055,11,608,314,294
21055,12,668,303,365
21055,13,651,332,319
21055,14,576,277,299
21055,15,487,239,248
21055,16,396,179,217
21055,17,200,105,95
21055,18,193,71,122
21057,0,6659,3245,3414
21057,1,404,213,191
21057,2,424,208,216
21057,3,382,200,182
21057,4,361,174,187
21057,5,306,171,135
21057,6,392,169,223
21057,7,333,176,157
21057,8,345,173,172
21057,9,342,165,177
21057,10,396,192,204
21057,11,453,205,248
21057,12,545,270,275
21057,13,520,267,253
21057,14,461,224,237
21057,15,375,180,195
21057,16,293,129,164
21057,17,177,82,95
21057,18,150,47,103
21059,0,101104,49399,51705
21059,1,6827,3553,3274
21059,2,6865,3533,3332
21059,3,6977,3540,3437
21059,4,6377,3235,3142
21059,5,5871,2965,2906
21059,6,6849,3440,3409
21059,7,6175,3018,3157
21059,8,6192,3091,3101
21059,9,5761,2896,2865
21059,10,6146,3064,3082
21059,11,6293,3101,3192
21059,12,6956,3294,3662
21059,13,6687,3213,3474
21059,14,5362,2542,2820
21059,15,4425,1996,2429
21059,16,2957,1305,1652
21059,17,2139,887,1252
21059,18,2245,726,1519
21061,0,12274,6161,6113
21061,1,584,288,296
21061,2,616,317,299
21061,3,628,332,296
21061,4,758,438,320
21061,5,747,398,349
21061,6,774,398,376
21061,7,684,337,347
21061,8,739,361,378
21061,9,741,371,370
21061,10,797,375,422
21061,11,787,384,403
21061,12,981,514,467
21061,13,892,434,458
21061,14,817,413,404
21061,15,677,325,352
21061,16,514,242,272
21061,17,262,120,142
21061,18,276,114,162
21063,0,7508,4245,3263
21063,1,344,186,158
21063,2,378,190,188
21063,3,396,193,203
21063,4,384,210,174
21063,5,441,283,158
21063,6,555,381,174
21063,7,483,325,158
21063,8,496,311,185
21063,9,518,296,222
21063,10,549,353,196
21063,11,518,290,228
21063,12,464,257,207
21063,13,499,252,247
21063,14,470,253,217
21063,15,397,188,209
21063,16,267,128,139
21063,17,190,99,91
21063,18,159,50,109
21065,0,14198,7033,7165
21065,1,765,381,384
21065,2,816,415,401
21065,3,916,462,454
21065,4,812,427,385
21065,5,751,385,366
21065,6,887,465,422
21065,7,739,411,328
21065,8,831,415,416
21065,9,871,429,442
21065,10,971,512,459
21065,11,1109,549,560
21065,12,1124,560,564
21065,13,904,416,488
21065,14,912,418,494
21065,15,747,340,407
21065,16,539,253,286
21065,17,294,123,171
21065,18,210,72,138
21067,0,323780,158892,164888
21067,1,19525,10104,9421
21067,2,18736,9611,9125
21067,3,18729,9571,9158
21067,4,22301,11028,11273
21067,5,33854,16731,17123
21067,6,26868,13761,13107
21067,7,23044,11737,11307
21067,8,22447,11319,11128
21067,9,19975,10082,9893
21067,10,19242,9582,9660
21067,11,18520,9285,9235
21067,12,19213,9125,10088
21067,13,18112,8410,9702
21067,14,14910,6822,8088
21067,15,11001,4970,6031
21067,16,7483,3154,4329
21067,17,4684,1905,2779
21067,18,5136,1695,3441
21069,0,14432,7090,7342
21069,1,907,448,459
21069,2,969,517,452
21069,3,983,495,488
21069,4,944,471,473
21069,5,770,388,382
21069,6,847,427,420
21069,7,782,397,385
21069,8,830,400,430
21069,9,896,434,462
21069,10,965,461,504
21069,11,1024,524,500
21069,12,962,488,474
21069,13,970,453,517
21069,14,837,415,422
21069,15,727,335,392
21069,16,477,226,251
21069,17,295,124,171
21069,18,247,87,160
21071,0,35845,17523,18322
21071,1,2092,1094,998
21071,2,2202,1153,1049
21071,3,2241,1176,1065
21071,4,2070,1164,906
21071,5,1891,1026,865
21071,6,2201,1042,1159
21071,7,2020,982,1038
21071,8,2207,1093,1114
21071,9,2265,1126,1139
21071,10,2391,1152,1239
21071,11,2459,1178,1281
21071,12,2576,1190,1386
21071,13,2642,1255,1387
21071,14,2368,1120,1248
21071,15,1759,781,978
21071,16,1202,505,697
21071,17,709,310,399
21071,18,550,176,374
21073,0,50815,24539,26276
21073,1,2842,1419,1423
21073,2,2891,1477,1414
21073,3,3070,1575,1495
21073,4,3264,1612,1652
21073,5,3172,1605,1567
21073,6,3462,1717,1745
21073,7,3059,1515,1544
21073,8,3100,1544,1556
21073,9,3073,1513,1560
21073,10,3368,1667,1701
21073,11,3419,1645,1774
21073,12,3528,1658,1870
21073,13,3419,1576,1843
21073,14,3135,1473,1662
21073,15,2413,1067,1346
21073,16,1605,725,880
21073,17,1021,413,608
21073,18,974,338,636
21075,0,6120,3042,3078
21075,1,402,210,192
21075,2,389,210,179
21075,3,339,180,159
21075,4,319,159,160
21075,5,332,189,143
21075,6,443,228,215
21075,7,375,206,169
21075,8,366,196,170
21075,9,297,150,147
21075,10,337,187,150
21075,11,384,174,210
21075,12,420,180,240
21075,13,480,245,235
21075,14,407,184,223
21075,15,339,149,190
21075,16,212,99,113
21075,17,148,55,93
21075,18,131,41,90
21077,0,8832,4473,4359
21077,1,565,276,289
21077,2,574,279,295
21077,3,624,320,304
21077,4,586,320,266
21077,5,508,274,234
21077,6,634,340,294
21077,7,497,243,254
21077,8,556,278,278
21077,9,531,272,259
21077,10,603,316,287
21077,11,658,322,336
21077,12,666,335,331
21077,13,597,305,292
21077,14,425,217,208
21077,15,354,174,180
21077,16,248,126,122
21077,17,113,49,64
21077,18,93,27,66
21079,0,17560,8656,8904
21079,1,974,519,455
21079,2,1076,582,494
21079,3,1088,573,515
21079,4,1023,537,486
21079,5,863,439,424
21079,6,984,466,518
21079,7,957,482,475
21079,8,1059,489,570
21079,9,1050,549,501
21079,10,1190,607,583
21079,11,1314,650,664
21079,12,1490,738,752
21079,13,1303,616,687
21079,14,1063,500,563
21079,15,818,389,429
21079,16,598,256,342
21079,17,366,162,204
21079,18,344,102,242
21081,0,25121,12579,12542
21081,1,1884,963,921
21081,2,1748,914,834
21081,3,1958,941,1017
21081,4,1711,871,840
21081,5,1526,826,700
21081,6,1649,851,798
21081,7,1483,769,714
21081,8,1568,775,793
21081,9,1491,763,728
21081,10,1791,892,899
21081,11,1662,840,822
21081,12,1730,840,890
21081,13,1468,728,740
21081,14,1183,562,621
21081,15,933,459,474
21081,16,699,335,364
21081,17,357,157,200
21081,18,280,93,187
21083,0,37317,18254,19063
21083,1,2516,1306,1210
21083,2,2526,1284,1242
21083,3,2409,1227,1182
21083,4,2290,1164,1126
21083,5,2060,1082,978
21083,6,2388,1170,1218
21083,7,2097,1035,1062
21083,8,2236,1045,1191
21083,9,2146,1082,1064
21083,10,2260,1101,1159
21083,11,2457,1236,1221
21083,12,2600,1238,1362
21083,13,2431,1180,1251
21083,14,2156,1043,1113
21083,15,1773,828,945
21083,16,1349,603,746
21083,17,809,331,478
21083,18,814,299,515
21085,0,26321,13283,13038
21085,1,1598,810,788
21085,2,1667,843,824
21085,3,1794,947,847
21085,4,1643,862,781
21085,5,1457,800,657
21085,6,1730,883,847
21085,7,1476,793,683
21085,8,1638,842,796
21085,9,1567,801,766
21085,10,1650,834,816
21085,11,1707,871,836
21085,12,1922,988,934
21085,13,1795,865,930
21085,14,1611,764,847
21085,15,1197,573,624
21085,16,894,422,472
21085,17,529,234,295
21085,18,446,151,295
21087,0,11049,5446,5603
21087,1,609,276,333
21087,2,621,321,300
21087,3,672,341,331
21087,4,631,336,295
21087,5,570,311,259
21087,6,606,282,324
21087,7,518,276,242
21087,8,665,316,349
21087,9,631,315,316
21087,10,708,366,342
21087,11,843,398,445
21087,12,896,472,424
21087,13,799,409,390
21087,14,733,363,370
21087,15,580,270,310
21087,16,434,184,250
21087,17,285,126,159
21087,18,248,84,164
21089,0,35268,17148,18120
21089,1,1876,938,938
21089,2,2048,1081,967
21089,3,2272,1162,1110
21089,4,2000,1082,918
21089,5,1785,927,858
21089,6,2109,1097,1012
21089,7,1771,852,919
21089,8,2136,1083,1053
21089,9,2163,1073,1090
21089,10,2377,1118,1259
21089,11,2336,1127,1209
21089,12,2430,1163,1267
21089,13,2577,1217,1360
21089,14,2304,1069,1235
21089,15,1960,906,1054
21089,16,1313,568,745
21089,17,958,388,570
21089,18,853,297,556
21091,0,8758,4494,4264
21091,1,601,315,286
21091,2,576,298,278
21091,3,652,375,277
21091,4,591,319,272
21091,5,465,223,242
21091,6,539,282,257
21091,7,443,240,203
21091,8,512,245,267
21091,9,518,261,257
21091,10,603,305,298
21091,11,581,309,272
21091,12,621,303,318
21091,13,570,306,264
21091,14,457,237,220
21091,15,422,204,218
21091,16,297,142,155
21091,17,173,81,92
21091,18,137,49,88
21093,0,110356,54969,55387
21093,1,7362,3735,3627
21093,2,7431,3853,3578
21093,3,7805,4012,3793
21093,4,7224,3852,3372
21093,5,7467,4264,3203
21093,6,7760,3968,3792
21093,7,7228,3616,3612
21093,8,7439,3723,3716
21093,9,6778,3396,3382
21093,10,7129,3538,3591
21093,11,7056,3477,3579
21093,12,7727,3762,3965
21093,13,6553,3082,3471
21093,14,5268,2506,2762
21093,15,3890,1703,2187
21093,16,2830,1224,1606
21093,17,1707,670,1037
21093,18,1702,588,1114
21095,0,26409,12677,13732
21095,1,1735,872,863
21095,2,1728,847,881
21095,3,1638,820,818
21095,4,1437,728,709
21095,5,1332,655,677
21095,6,1718,835,883
21095,7,1540,751,789
21095,8,1531,762,769
21095,9,1518,760,758
21095,10,1671,821,850
21095,11,1777,862,915
21095,12,1864,836,1028
21095,13,1975,944,1031
21095,14,1769,847,922
21095,15,1275,577,698
21095,16,833,370,463
21095,17,554,221,333
21095,18,514,169,345
21097,0,18778,9228,9550
21097,1,1164,602,562
21097,2,1065,539,526
21097,3,1244,626,618
21097,4,1176,636,540
21097,5,1060,537,523
21097,6,1194,615,579
21097,7,958,471,487
21097,8,1035,504,531
21097,9,1104,531,573
21097,10,1262,632,630
21097,11,1377,672,705
21097,12,1458,718,740
21097,13,1383,671,712
21097,14,1101,537,564
21097,15,817,393,424
21097,16,623,278,345
21097,17,397,160,237
21097,18,360,106,254
21099,0,18906,9298,9608
21099,1,1324,621,703
21099,2,1221,634,587
21099,3,1291,644,647
21099,4,1204,611,593
21099,5,1073,554,519
21099,6,1210,616,594
21099,7,1014,530,484
21099,8,1061,520,541
21099,9,1086,550,536
21099,10,1161,584,577
21099,11,1350,653,697
21099,12,1499,759,740
21099,13,1280,619,661
21099,14,1009,499,510
21099,15,829,368,461
21099,16,586,282,304
21099,17,381,164,217
21099,18,327,90,237
21101,0,45591,22006,23585
21101,1,2758,1367,1391
21101,2,2922,1533,1389
21101,3,3132,1566,1566
21101,4,2713,1399,1314
21101,5,2452,1252,1200
21101,6,2940,1463,1477
21101,7,2685,1294,1391
21101,8,2896,1395,1501
21101,9,2626,1275,1351
21101,10,2862,1415,1447
21101,11,2963,1450,1513
21101,12,3322,1594,1728
21101,13,3308,1515,1793
21101,14,2662,1251,1411
21101,15,2115,944,1171
21101,16,1411,635,776
21101,17,905,358,547
21101,18,919,300,619
21103,0,16106,7969,8137
21103,1,949,503,446
21103,2,1032,531,501
21103,3,1103,600,503
21103,4,1086,566,520
21103,5,866,443,423
21103,6,897,454,443
21103,7,897,445,452
21103,8,975,473,502
21103,9,937,482,455
21103,10,1057,506,551
21103,11,1152,542,610
21103,12,1160,578,582
21103,13,1165,578,587
21103,14,1015,477,538
21103,15,707,325,382
21103,16,510,243,267
21103,17,335,149,186
21103,18,263,74,189
21105,0,4421,2084,2337
21105,1,205,103,102
21105,2,229,115,114
21105,3,260,125,135
21105,4,233,112,121
21105,5,208,109,99
21105,6,211,92,119
21105,7,249,125,124
21105,8,214,114,100
21105,9,235,111,124
21105,10,279,133,146
21105,11,324,174,150
21105,12,324,146,178
21105,13,321,140,181
21105,14,305,141,164
21105,15,304,135,169
21105,16,202,96,106
21105,17,152,68,84
21105,18,166,45,121
21107,0,45068,21976,23092
21107,1,2650,1340,1310
21107,2,2806,1395,1411
21107,3,3013,1561,1452
21107,4,2612,1376,1236
21107,5,2423,1215,1208
21107,6,2913,1463,1450
21107,7,2598,1289,1309
21107,8,2736,1337,1399
21107,9,2772,1373,1399
21107,10,2743,1389,1354
21107,11,3041,1497,1544
21107,12,3198,1484,1714
21107,13,3249,1544,1705
21107,14,2744,1296,1448
21107,15,2132,1009,1123
21107,16,1499,661,838
21107,17,1038,450,588
21107,18,901,297,604
21109,0,13442,6682,6760
21109,1,860,436,424
21109,2,831,445,386
21109,3,856,458,398
21109,4,792,420,372
21109,5,687,365,322
21109,6,834,410,424
21109,7,721,356,365
21109,8,870,431,439
21109,9,873,424,449
21109,10,942,480,462
21109,11,928,441,487
21109,12,960,470,490
21109,13,971,469,502
21109,14,794,390,404
21109,15,660,320,340
21109,16,439,208,231
21109,17,256,105,151
21109,18,168,54,114
21111,0,770517,372427,398090
21111,1,48326,24792,23534
21111,2,46872,23955,22917
21111,3,47334,24162,23172
21111,4,46268,23523,22745
21111,5,47959,24082,23877
21111,6,60494,29851,30643
21111,7,53784,26995,26789
21111,8,51052,25250,25802
21111,9,45398,22162,23236
21111,10,47345,22874,24471
21111,11,47592,23025,24567
21111,12,53221,25296,27925
21111,13,50369,23507,26862
21111,14,42210,19276,22934
21111,15,30963,14038,16925
21111,16,21001,8806,12195
21111,17,14396,5614,8782
21111,18,15933,5219,10714
21113,0,53920,26281,27639
21113,1,3481,1813,1668
21113,2,3612,1860,1752
21113,3,3630,1838,1792
21113,4,3798,1899,1899
21113,5,3733,1852,1881
21113,6,3642,1798,1844
21113,7,3184,1540,1644
21113,8,3334,1615,1719
21113,9,3353,1652,1701
21113,10,3635,1785,1850
21113,11,3399,1590,1809
21113,12,3657,1729,1928
21113,13,3375,1578,1797
21113,14,2643,1240,1403
21113,15,2166,1026,1140
21113,16,1322,601,721
21113,17,926,431,495
21113,18,1030,434,596
21115,0,22386,10971,11415
21115,1,1203,596,607
21115,2,1359,667,692
21115,3,1438,757,681
21115,4,1377,728,649
21115,5,1207,635,572
21115,6,1326,666,660
21115,7,1250,622,628
21115,8,1384,680,704
21115,9,1420,695,725
21115,10,1575,769,806
21115,11,1587,764,823
21115,12,1585,748,837
21115,13,1558,731,827
21115,14,1409,681,728
21115,15,1139,569,570
21115,16,738,335,403
21115,17,460,207,253
21115,18,371,121,250
21117,0,166051,82155,83896
21117,1,11218,5758,5460
21117,2,10911,5643,5268
21117,3,11022,5493,5529
21117,4,9915,5238,4677
21117,5,9704,4988,4716
21117,6,12577,6321,6256
21117,7,12019,6011,6008
21117,8,11559,5757,5802
21117,9,10143,5146,4997
21117,10,10036,5047,4989
21117,11,10952,5321,5631
21117,12,11417,5659,5758
21117,13,10599,5168,5431
21117,14,8598,4064,4534
21117,15,6116,2854,3262
21117,16,3984,1724,2260
21117,17,2615,1093,1522
21117,18,2666,870,1796
21119,0,15126,7473,7653
21119,1,841,425,416
21119,2,842,452,390
21119,3,845,418,427
21119,4,1035,543,492
21119,5,1031,538,493
21119,6,885,433,452
21119,7,725,355,370
21119,8,825,408,417
21119,9,900,440,460
21119,10,979,492,487
21119,11,1131,539,592
21119,12,1158,576,582
21119,13,1135,596,539
21119,14,977,470,507
21119,15,760,379,381
21119,16,483,201,282
21119,17,316,135,181
21119,18,258,73,185
21121,0,31304,15336,15968
21121,1,1962,992,970
21121,2,2004,1045,959
21121,3,2107,1085,1022
21121,4,2078,1093,985
21121,5,2026,1098,928
21121,6,2105,1035,1070
21121,7,1826,902,924
21121,8,1825,907,918
21121,9,1830,901,929
21121,10,2059,1023,1036
21121,11,2088,1014,1074
21121,12,2094,1012,1082
21121,13,1894,893,1001
21121,14,1633,733,900
21121,15,1515,682,833
21121,16,1085,480,605
21121,17,655,268,387
21121,18,518,173,345
21123,0,14307,7102,7205
21123,1,804,434,370
21123,2,859,439,420
21123,3,977,502,475
21123,4,872,477,395
21123,5,822,438,384
21123,6,875,428,447
21123,7,830,416,414
21123,8,938,472,466
21123,9,824,407,417
21123,10,887,433,454
21123,11,1011,508,503
21123,12,1085,534,551
21123,13,999,487,512
21123,14,828,399,429
21123,15,599,293,306
21123,16,460,188,272
21123,17,340,155,185
21123,18,297,92,205
21125,0,60669,29725,30944
21125,1,3739,1894,1845
21125,2,3850,1982,1868
21125,3,3977,2018,1959
21125,4,3770,1942,1828
21125,5,3394,1726,1668
21125,6,4110,2049,2061
21125,7,3707,1823,1884
21125,8,3888,1869,2019
21125,9,3886,1897,1989
21125,10,4108,2106,2002
21125,11,4217,2050,2167
21125,12,4134,1979,2155
21125,13,3968,1841,2127
21125,14,3396,1635,1761
21125,15,2645,1257,1388
21125,16,1812,822,990
21125,17,1172,499,673
21125,18,896,336,560
21127,0,15571,7758,7813
21127,1,974,531,443
21127,2,1050,551,499
21127,3,1055,539,516
21127,4,925,488,437
21127,5,776,401,375
21127,6,969,492,477
21127,7,825,427,398
21127,8,970,458,512
21127,9,965,482,483
21127,10,1042,512,530
21127,11,1047,535,512
21127,12,1144,547,597
21127,13,1130,535,595
21127,14,947,452,495
21127,15,730,357,373
21127,16,492,237,255
21127,17,297,128,169
21127,18,233,86,147
21129,0,7033,3810,3223
21129,1,406,227,179
21129,2,330,189,141
21129,3,379,196,183
21129,4,360,195,165
21129,5,374,223,151
21129,6,476,301,175
21129,7,461,271,190
21129,8,447,277,170
21129,9,429,247,182
21129,10,477,271,206
21129,11,580,303,277
21129,12,566,276,290
21129,13,512,276,236
21129,14,461,221,240
21129,15,357,170,187
21129,16,191,86,105
21129,17,133,56,77
21129,18,94,25,69
21131,0,10143,5062,5081
21131,1,599,320,279
21131,2,634,343,291
21131,3,587,302,285
21131,4,550,301,249
21131,5,487,249,238
21131,6,693,344,349
21131,7,612,333,279
21131,8,565,275,290
21131,9,649,327,322
21131,10,663,305,358
21131,11,760,383,377
21131,12,783,400,383
21131,13,743,365,378
21131,14,629,293,336
21131,15,462,242,220
21131,16,337,142,195
21131,17,214,73,141
21131,18,176,65,111
21133,0,21899,10698,11201
21133,1,1318,658,660
21133,2,1309,651,658
21133,3,1379,726,653
21133,4,1151,607,544
21133,5,1054,544,510
21133,6,1244,642,602
21133,7,1203,603,600
21133,8,1390,672,718
21133,9,1321,656,665
21133,10,1414,694,720
21133,11,1485,701,784
21133,12,1696,804,892
21133,13,1658,799,859
21133,14,1567,734,833
21133,15,1120,548,572
21133,16,753,345,408
21133,17,494,194,300
21133,18,343,120,223
21135,0,13257,6627,6630
21135,1,737,370,367
21135,2,757,395,362
21135,3,851,434,417
21135,4,767,395,372
21135,5,710,369,341
21135,6,852,455,397
21135,7,687,336,351
21135,8,767,356,411
21135,9,834,427,407
21135,10,872,454,418
21135,11,906,458,448
21135,12,1052,493,559
21135,13,996,499,497
21135,14,819,386,433
21135,15,624,325,299
21135,16,476,226,250
21135,17,324,158,166
21135,18,226,91,135
21137,0,24644,12076,12568
21137,1,1658,858,800
21137,2,1580,788,792
21137,3,1633,849,784
21137,4,1484,767,717
21137,5,1317,671,646
21137,6,1567,780,787
21137,7,1340,671,669
21137,8,1367,656,711
21137,9,1416,704,712
21137,10,1664,807,857
21137,11,1776,888,888
21137,12,1718,847,871
21137,13,1633,802,831
21137,14,1491,703,788
21137,15,1119,491,628
21137,16,856,382,474
21137,17,561,244,317
21137,18,464,168,296
21139,0,9242,4540,4702
21139,1,508,271,237
21139,2,504,273,231
21139,3,557,283,274
21139,4,476,224,252
21139,5,453,220,233
21139,6,531,267,264
21139,7,454,240,214
21139,8,471,234,237
21139,9,500,242,258
21139,10,592,292,300
21139,11,680,332,348
21139,12,734,352,382
21139,13,776,383,393
21139,14,629,311,318
21139,15,539,252,287
21139,16,405,190,215
21139,17,227,110,117
21139,18,206,64,142
21141,0,26989,13311,13678
21141,1,1739,928,811
21141,2,1777,902,875
21141,3,1741,883,858
21141,4,1632,847,785
21141,5,1469,753,716
21141,6,1686,840,846
21141,7,1569,785,784
21141,8,1657,826,831
21141,9,1487,731,756
21141,10,1667,860,807
21141,11,1792,878,914
21141,12,2004,1000,1004
21141,13,1745,809,936
21141,14,1531,738,793
21141,15,1358,612,746
21141,16,1008,468,540
21141,17,562,253,309
21141,18,565,198,367
21143,0,8009,4388,3621
21143,1,290,152,138
21143,2,296,156,140
21143,3,373,205,168
21143,4,331,167,164
21143,5,405,244,161
21143,6,494,340,154
21143,7,398,279,119
21143,8,451,279,172
21143,9,492,311,181
21143,10,517,304,213
21143,11,558,309,249
21143,12,634,311,323
21143,13,690,347,343
21143,14,675,330,345
21143,15,545,264,281
21143,16,407,199,208
21143,17,247,118,129
21143,18,206,73,133
21145,0,65346,31393,33953
21145,1,3973,2053,1920
21145,2,4077,2102,1975
21145,3,4107,2057,2050
21145,4,3735,1925,1810
21145,5,3357,1672,1685
21145,6,4117,1981,2136
21145,7,3900,1921,1979
21145,8,3958,1959,1999
21145,9,3850,1878,1972
21145,10,4076,2044,2032
21145,11,4044,1954,2090
21145,12,4588,2169,2419
21145,13,4624,2229,2395
21145,14,4138,1910,2228
21145,15,3182,1424,1758
21145,16,2372,992,1380
21145,17,1535,597,938
21145,18,1713,526,1187
21147,0,17408,9462,7946
21147,1,1036,531,505
21147,2,1040,531,509
21147,3,1095,577,518
21147,4,1034,587,447
21147,5,968,529,439
21147,6,1276,762,514
21147,7,1214,774,440
21147,8,1205,753,452
21147,9,1233,720,513
21147,10,1190,678,512
21147,11,1203,639,564
21147,12,1135,583,552
21147,13,986,503,483
21147,14,926,432,494
21147,15,812,380,432
21147,16,529,258,271
21147,17,307,136,171
21147,18,219,89,130
21149,0,9252,4551,4701
21149,1,530,275,255
21149,2,615,318,297
21149,3,641,319,322
21149,4,614,335,279
21149,5,430,206,224
21149,6,516,264,252
21149,7,477,236,241
21149,8,532,258,274
21149,9,551,269,282
21149,10,568,271,297
21149,11,667,345,322
21149,12,678,323,355
21149,13,633,313,320
21149,14,553,265,288
21149,15,502,241,261
21149,16,337,153,184
21149,17,208,92,116
21149,18,200,68,132
21151,0,92368,44872,47496
21151,1,5218,2692,2526
21151,2,5361,2712,2649
21151,3,5401,2753,2648
21151,4,8094,3762,4332
21151,5,11342,5566,5776
21151,6,6469,3350,3119
21151,7,4960,2445,2515
21151,8,5562,2711,2851
21151,9,5489,2746,2743
21151,10,5721,2822,2899
21151,11,5490,2680,2810
21151,12,5504,2644,2860
21151,13,5020,2330,2690
21151,14,4315,2027,2288
21151,15,3408,1592,1816
21151,16,2221,980,1241
21151,17,1397,588,809
21151,18,1396,472,924
21153,0,12362,6176,6186
21153,1,729,378,351
21153,2,748,398,350
21153,3,792,397,395
21153,4,751,394,357
21153,5,613,315,298
21153,6,817,420,397
21153,7,658,325,333
21153,8,689,344,345
21153,9,800,387,413
21153,10,873,460,413
21153,11,897,454,443
21153,12,962,479,483
21153,13,910,439,471
21153,14,738,361,377
21153,15,559,252,307
21153,16,396,179,217
21153,17,248,107,141
21153,18,182,87,95
21155,0,19404,9605,9799
21155,1,1219,645,574
21155,2,1346,647,699
21155,3,1347,662,685
21155,4,1219,617,602
21155,5,1179,616,563
21155,6,1181,643,538
21155,7,1072,554,518
21155,8,1258,635,623
21155,9,1137,605,532
21155,10,1186,555,631
21155,11,1400,702,698
21155,12,1420,720,700
21155,13,1254,617,637
21155,14,1029,503,526
21155,15,845,396,449
21155,16,534,243,291
21155,17,351,125,226
21155,18,427,120,307
21157,0,31191,15281,15910
21157,1,1687,894,793
21157,2,1718,892,826
21157,3,1856,963,893
21157,4,1761,896,865
21157,5,1513,768,745
21157,6,1841,915,926
21157,7,1603,765,838
21157,8,1870,903,967
21157,9,1757,887,870
21157,10,2001,996,1005
21157,11,2121,1068,1053
21157,12,2331,1132,1199
21157,13,2323,1094,1229
21157,14,2078,1034,1044
21157,15,1806,847,959
21157,16,1323,616,707
21157,17,868,347,521
21157,18,734,264,470
21159,0,11323,6219,5104
21159,1,533,273,260
21159,2,612,314,298
21159,3,673,360,313
21159,4,605,302,303
21159,5,606,384,222
21159,6,925,636,289
21159,7,926,641,285
21159,8,839,544,295
21159,9,724,403,321
21159,10,750,405,345
21159,11,772,394,378
21159,12,749,341,408
21159,13,728,359,369
21159,14,686,332,354
21159,15,468,241,227
21159,16,317,140,177
21159,17,230,88,142
21159,18,180,62,118
21161,0,17150,8305,8845
21161,1,1054,533,521
21161,2,1111,553,558
21161,3,1181,622,559
21161,4,1044,533,511
21161,5,992,535,457
21161,6,1093,533,560
21161,7,937,469,468
21161,8,947,446,501
21161,9,951,454,497
21161,10,1128,555,573
21161,11,1216,616,600
21161,12,1191,576,615
21161,13,1158,530,628
21161,14,1102,530,572
21161,15,780,326,454
21161,16,601,247,354
21161,17,339,141,198
21161,18,325,106,219
21163,0,28715,14460,14255
21163,1,1519,768,751
21163,2,1808,951,857
21163,3,1949,975,974
21163,4,1820,970,850
21163,5,1708,912,796
21163,6,1853,926,927
21163,7,1983,974,1009
21163,8,2023,1015,1008
21163,9,1918,936,982
21163,10,2015,1018,997
21163,11,2062,1043,1019
21163,12,2097,1036,1061
21163,13,1934,987,947
21163,14,1364,695,669
21163,15,1102,553,549
21163,16,750,354,396
21163,17,429,198,231
21163,18,381,149,232
21165,0,6451,3281,3170
21165,1,338,175,163
21165,2,303,152,151
21165,3,310,161,149
21165,4,435,269,166
21165,5,374,213,161
21165,6,365,203,162
21165,7,317,171,146
21165,8,334,163,171
21165,9,408,203,205
21165,10,429,218,211
21165,11,469,241,228
21165,12,533,262,271
21165,13,483,247,236
21165,14,470,226,244
21165,15,338,157,181
21165,16,256,117,139
21165,17,160,65,95
21165,18,129,38,91
21167,0,21774,10683,11091
21167,1,1284,655,629
21167,2,1314,696,618
21167,3,1372,700,672
21167,4,1252,664,588
21167,5,1202,617,585
21167,6,1306,676,630
21167,7,1179,601,578
21167,8,1220,608,612
21167,9,1174,573,601
21167,10,1416,694,722
21167,11,1642,782,860
21167,12,1733,852,881
21167,13,1591,798,793
21167,14,1297,601,696
21167,15,1092,495,597
21167,16,759,343,416
21167,17,488,194,294
21167,18,453,134,319
21169,0,10030,4973,5057
21169,1,625,319,306
21169,2,690,367,323
21169,3,654,333,321
21169,4,590,312,278
21169,5,533,280,253
21169,6,617,318,299
21169,7,512,256,256
21169,8,586,281,305
21169,9,538,271,267
21169,10,635,328,307
21169,11,721,354,367
21169,12,728,365,363
21169,13,727,356,371
21169,14,572,264,308
21169,15,461,215,246
21169,16,374,181,193
21169,17,269,114,155
21169,18,198,59,139
21171,0,10718,5343,5375
21171,1,675,365,310
21171,2,640,333,307
21171,3,692,372,320
21171,4,646,348,298
21171,5,593,304,289
21171,6,625,316,309
21171,7,569,299,270
21171,8,631,294,337
21171,9,626,335,291
21171,10,674,330,344
21171,11,757,391,366
21171,12,808,398,410
21171,13,766,383,383
21171,14,631,290,341
21171,15,554,254,300
21171,16,395,179,216
21171,17,269,104,165
21171,18,167,48,119
21173,0,28203,13790,14413
21173,1,1869,962,907
21173,2,1821,966,855
21173,3,1863,979,884
21173,4,1747,912,835
21173,5,1572,831,741
21173,6,1999,992,1007
21173,7,1629,829,800
21173,8,1747,825,922
21173,9,1934,918,1016
21173,10,2027,991,1036
21173,11,1916,939,977
21173,12,1838,883,955
21173,13,1770,807,963
21173,14,1526,699,827
21173,15,1184,530,654
21173,16,808,360,448
21173,17,485,204,281
21173,18,468,163,305
21175,0,13345,7627,5718
21175,1,654,368,286
21175,2,643,345,298
21175,3,690,359,331
21175,4,683,396,287
21175,5,808,548,260
21175,6,1057,720,337
21175,7,956,639,317
21175,8,932,555,377
21175,9,935,573,362
21175,10,1015,600,415
21175,11,868,464,404
21175,12,925,496,429
21175,13,944,510,434
21175,14,825,417,408
21175,15,541,254,287
21175,16,373,162,211
21175,17,274,134,140
21175,18,222,87,135
21177,0,30774,15708,15066
21177,1,1729,908,821
21177,2,1641,848,793
21177,3,1837,980,857
21177,4,1958,1047,911
21177,5,1949,1136,813
21177,6,1967,1074,893
21177,7,1768,972,796
21177,8,1871,957,914
21177,9,1929,1054,875
21177,10,1970,1049,921
21177,11,2016,1033,983
21177,12,2179,1069,1110
21177,13,2075,1001,1074
21177,14,1802,880,922
21177,15,1592,733,859
21177,16,1129,487,642
21177,17,724,288,436
21177,18,638,192,446
21179,0,45851,22625,23226
21179,1,2844,1482,1362
21179,2,3046,1588,1458
21179,3,3090,1643,1447
21179,4,2813,1455,1358
21179,5,2619,1316,1303
21179,6,3098,1529,1569
21179,7,2739,1342,1397
21179,8,3008,1500,1508
21179,9,2712,1349,1363
21179,10,3017,1482,1535
21179,11,3184,1549,1635
21179,12,3420,1692,1728
21179,13,3086,1512,1574
21179,14,2607,1247,1360
21179,15,1896,907,989
21179,16,1225,516,709
21179,17,757,306,451
21179,18,690,210,480
21181,0,7166,3550,3616
21181,1,463,242,221
21181,2,469,230,239
21181,3,472,236,236
21181,4,472,244,228
21181,5,406,216,190
21181,6,431,205,226
21181,7,347,174,173
21181,8,455,222,233
21181,9,434,224,210
21181,10,484,229,255
21181,11,535,290,245
21181,12,544,268,276
21181,13,469,230,239
21181,14,387,174,213
21181,15,331,165,166
21181,16,210,94,116
21181,17,128,48,80
21181,18,129,59,70
21183,0,24087,11991,12096
21183,1,1464,746,718
21183,2,1601,786,815
21183,3,1815,915,900
21183,4,1536,831,705
21183,5,1280,668,612
21183,6,1463,795,668
21183,7,1356,648,708
21183,8,1525,771,754
21183,9,1469,736,733
21183,10,1529,765,764
21183,11,1527,751,776
21183,12,1676,830,846
21183,13,1559,754,805
21183,14,1388,670,718
21183,15,1127,552,575
21183,16,804,394,410
21183,17,496,213,283
21183,18,472,166,306
21185,0,66470,34810,31660
21185,1,3370,1679,1691
21185,2,4663,2335,2328
21185,3,5439,2729,2710
21185,4,5176,2720,2456
21185,5,3738,2112,1626
21185,6,3175,1897,1278
21185,7,3540,2021,1519
21185,8,4770,2575,2195
21185,9,4907,2670,2237
21185,10,5512,2939,2573
21185,11,5055,2755,2300
21185,12,4571,2335,2236
21185,13,3777,1868,1909
21185,14,3129,1558,1571
21185,15,2558,1261,1297
21185,16,1513,727,786
21185,17,816,379,437
21185,18,761,250,511
21187,0,10880,5403,5477
21187,1,551,290,261
21187,2,636,338,298
21187,3,775,363,412
21187,4,679,340,339
21187,5,578,297,281
21187,6,641,304,337
21187,7,543,275,268
21187,8,683,361,322
21187,9,650,301,349
21187,10,765,384,381
21187,11,709,366,343
21187,12,823,418,405
21187,13,834,401,433
21187,14,704,363,341
21187,15,525,245,280
21187,16,399,213,186
21187,17,195,91,104
21187,18,190,53,137
21189,0,4472,2208,2264
21189,1,299,160,139
21189,2,248,110,138
21189,3,280,147,133
21189,4,259,126,133
21189,5,226,103,123
21189,6,261,135,126
21189,7,282,155,127
21189,8,244,115,129
21189,9,254,137,117
21189,10,287,139,148
21189,11,316,151,165
21189,12,318,174,144
21189,13,321,155,166
21189,14,311,154,157
21189,15,195,92,103
21189,16,179,78,101
21189,17,99,37,62
21189,18,93,40,53
21191,0,14529,7406,7123
21191,1,862,470,392
21191,2,841,449,392
21191,3,969,507,462
21191,4,905,453,452
21191,5,801,453,348
21191,6,968,484,484
21191,7,779,394,385
21191,8,833,414,419
21191,9,833,443,390
21191,10,1013,526,487
21191,11,1137,593,544
21191,12,1179,595,584
21191,13,1072,550,522
21191,14,841,409,432
21191,15,602,291,311
21191,16,413,182,231
21191,17,242,111,131
21191,18,239,82,157
21193,0,26092,12836,13256
21193,1,1754,887,867
21193,2,1658,880,778
21193,3,1625,844,781
21193,4,1412,721,691
21193,5,1295,648,647
21193,6,1668,824,844
21193,7,1577,803,774
21193,8,1627,813,814
21193,9,1691,840,851
21193,10,1696,824,872
21193,11,1911,918,993
21193,12,1857,854,1003
21193,13,1892,924,968
21193,14,1616,788,828
21193,15,1156,524,632
21193,16,750,343,407
21193,17,510,232,278
21193,18,397,169,228
21195,0,58402,28499,29903
21195,1,3071,1554,1517
21195,2,3324,1701,1623
21195,3,3519,1757,1762
21195,4,3467,1813,1654
21195,5,3258,1704,1554
21195,6,3472,1832,1640
21195,7,3048,1551,1497
21195,8,3528,1748,1780
21195,9,3867,1932,1935
21195,10,3946,1878,2068
21195,11,4097,1964,2133
21195,12,4419,2130,2289
21195,13,4424,2146,2278
21195,14,3824,1836,1988
21195,15,2948,1296,1652
21195,16,1876,778,1098
21195,17,1176,509,667
21195,18,1138,370,768
21197,0,12442,6177,6265
21197,1,837,431,406
21197,2,822,420,402
21197,3,848,437,411
21197,4,763,399,364
21197,5,701,342,359
21197,6,795,404,391
21197,7,718,364,354
21197,8,834,417,417
21197,9,786,396,390
21197,10,853,432,421
21197,11,808,431,377
21197,12,855,393,462
21197,13,847,430,417
21197,14,692,320,372
21197,15,556,259,297
21197,16,351,166,185
21197,17,209,80,129
21197,18,167,56,111
21199,0,64623,31566,33057
21199,1,3698,1866,1832
21199,2,3931,2077,1854
21199,3,4184,2116,2068
21199,4,3827,2015,1812
21199,5,3416,1743,1673
21199,6,4078,2047,2031
21199,7,3571,1714,1857
21199,8,3861,1877,1984
21199,9,3990,1982,2008
21199,10,4333,2129,2204
21199,11,4426,2155,2271
21199,12,4690,2233,2457
21199,13,4488,2142,2346
21199,14,3913,1857,2056
21199,15,3305,1540,1765
21199,16,2287,1044,1243
21199,17,1488,639,849
21199,18,1137,390,747
21201,0,2135,1079,1056
21201,1,108,57,51
21201,2,120,60,60
21201,3,138,68,70
21201,4,116,65,51
21201,5,115,63,52
21201,6,117,57,60
21201,7,105,55,50
21201,8,95,43,52
21201,9,130,72,58
21201,10,132,61,71
21201,11,165,93,72
21201,12,178,85,93
21201,13,156,72,84
21201,14,121,73,48
21201,15,118,47,71
21201,16,100,54,46
21201,17,55,25,30
21201,18,66,29,37
21203,0,16750,8185,8565
21203,1,897,458,439
21203,2,936,465,471
21203,3,1086,514,572
21203,4,1040,545,495
21203,5,873,440,433
21203,6,1057,537,520
21203,7,925,459,466
21203,8,907,433,474
21203,9,1034,483,551
21203,10,1199,590,609
21203,11,1316,689,627
21203,12,1259,608,651
21203,13,1180,608,572
21203,14,985,458,527
21203,15,827,366,461
21203,16,605,280,325
21203,17,357,154,203
21203,18,267,98,169
21205,0,24583,11905,12678
21205,1,1339,659,680
21205,2,1343,693,650
21205,3,1307,690,617
21205,4,2586,1205,1381
21205,5,3668,1818,1850
21205,6,1813,967,846
21205,7,1230,604,626
21205,8,1234,620,614
21205,9,1211,591,620
21205,10,1293,626,667
21205,11,1407,671,736
21205,12,1355,633,722
21205,13,1348,630,718
21205,14,1082,491,591
21205,15,922,403,519
21205,16,665,291,374
21205,17,438,188,250
21205,18,342,125,217
21207,0,17821,8756,9065
21207,1,1082,584,498
21207,2,1180,602,578
21207,3,1106,552,554
21207,4,1003,515,488
21207,5,897,463,434
21207,6,1018,498,520
21207,7,917,472,445
21207,8,978,477,501
21207,9,1016,476,540
21207,10,1205,606,599
21207,11,1290,625,665
21207,12,1261,619,642
21207,13,1271,580,691
21207,14,1165,580,585
21207,15,937,472,465
21207,16,650,313,337
21207,17,431,190,241
21207,18,414,132,282
21209,0,56031,27650,28381
21209,1,3672,1874,1798
21209,2,3952,2001,1951
21209,3,4131,2084,2047
21209,4,3862,1913,1949
21209,5,3626,1875,1751
21209,6,4043,2078,1965
21209,7,3643,1801,1842
21209,8,4097,1994,2103
21209,9,3914,1874,2040
21209,10,4045,2061,1984
21209,11,3698,1851,1847
21209,12,3543,1788,1755
21209,13,3058,1445,1613
21209,14,2557,1225,1332
21209,15,1757,796,961
21209,16,1162,528,634
21209,17,655,259,396
21209,18,616,203,413
21211,0,48518,23581,24937
21211,1,3006,1529,1477
21211,2,3080,1679,1401
21211,3,3013,1528,1485
21211,4,3250,1618,1632
21211,5,3043,1523,1520
21211,6,3024,1392,1632
21211,7,2952,1364,1588
21211,8,3218,1527,1691
21211,9,3108,1484,1624
21211,10,3400,1652,1748
21211,11,3424,1668,1756
21211,12,3463,1718,1745
21211,13,3053,1452,1601
21211,14,2589,1234,1355
21211,15,2067,985,1082
21211,16,1370,643,727
21211,17,734,334,400
21211,18,724,251,473
21213,0,18529,9119,9410
21213,1,1206,608,598
21213,2,1220,646,574
21213,3,1247,621,626
21213,4,1238,669,569
21213,5,1084,536,548
21213,6,1297,713,584
21213,7,1086,519,567
21213,8,1101,542,559
21213,9,1046,511,535
21213,10,1219,601,618
21213,11,1238,602,636
21213,12,1330,672,658
21213,13,1161,562,599
21213,14,1004,465,539
21213,15,830,365,465
21213,16,565,232,333
21213,17,348,149,199
21213,18,309,106,203
21215,0,18794,9515,9279
21215,1,1032,549,483
21215,2,1111,575,536
21215,3,1297,687,610
21215,4,1238,649,589
21215,5,947,484,463
21215,6,980,488,492
21215,7,1054,510,544
21215,8,1271,615,656
21215,9,1286,640,646
21215,10,1527,780,747
21215,11,1524,761,763
21215,12,1576,795,781
21215,13,1324,698,626
21215,14,1022,506,516
21215,15,702,332,370
21215,16,459,233,226
21215,17,236,118,118
21215,18,208,95,113
21217,0,25549,12483,13066
21217,1,1624,816,808
21217,2,1570,816,754
21217,3,1514,781,733
21217,4,1987,977,1010
21217,5,1960,1013,947
21217,6,1664,863,801
21217,7,1520,787,733
21217,8,1444,746,698
21217,9,1255,627,628
21217,10,1389,669,720
21217,11,1578,768,810
21217,12,1753,822,931
21217,13,1692,785,907
21217,14,1408,666,742
21217,15,1171,544,627
21217,16,887,404,483
21217,17,633,236,397
21217,18,500,163,337
21219,0,12311,6129,6182
21219,1,861,420,441
21219,2,894,455,439
21219,3,973,489,484
21219,4,868,452,416
21219,5,696,371,325
21219,6,747,376,371
21219,7,700,349,351
21219,8,707,356,351
21219,9,724,364,360
21219,10,761,385,376
21219,11,805,409,396
21219,12,834,413,421
21219,13,759,387,372
21219,14,627,288,339
21219,15,526,264,262
21219,16,365,168,197
21219,17,252,118,134
21219,18,212,65,147
21221,0,14643,7259,7384
21221,1,793,436,357
21221,2,871,445,426
21221,3,951,464,487
21221,4,883,453,430
21221,5,663,357,306
21221,6,760,396,364
21221,7,702,334,368
21221,8,737,344,393
21221,9,788,397,391
21221,10,920,452,468
21221,11,1037,489,548
21221,12,1133,558,575
21221,13,1146,539,607
21221,14,1029,505,524
21221,15,915,452,463
21221,16,657,341,316
21221,17,384,195,189
21221,18,274,102,172
21223,0,8515,4267,4248
21223,1,485,251,234
21223,2,515,267,248
21223,3,570,298,272
21223,4,495,259,236
21223,5,476,235,241
21223,6,526,267,259
21223,7,428,212,216
21223,8,510,239,271
21223,9,502,247,255
21223,10,642,324,318
21223,11,609,312,297
21223,12,670,364,306
21223,13,598,299,299
21223,14,478,226,252
21223,15,462,235,227
21223,16,252,99,153
21223,17,156,72,84
21223,18,141,61,80
21225,0,14505,7556,6949
21225,1,744,378,366
21225,2,703,367,336
21225,3,715,358,357
21225,4,1288,815,473
21225,5,1569,1080,489
21225,6,872,453,419
21225,7,770,394,376
21225,8,865,408,457
21225,9,837,422,415
21225,10,841,413,428
21225,11,916,447,469
21225,12,945,452,493
21225,13,1035,496,539
21225,14,863,419,444
21225,15,640,324,316
21225,16,391,164,227
21225,17,273,110,163
21225,18,238,56,182
21227,0,131264,64205,67059
21227,1,8460,4196,4264
21227,2,8387,4206,4181
21227,3,8420,4225,4195
21227,4,10971,5309,5662
21227,5,15190,7757,7433
21227,6,9760,4950,4810
21227,7,7960,4060,3900
21227,8,8458,4181,4277
21227,9,7585,3702,3883
21227,10,7517,3767,3750
21227,11,7313,3524,3789
21227,12,7558,3676,3882
21227,13,6789,3173,3616
21227,14,5631,2621,3010
21227,15,4495,2094,2401
21227,16,2992,1341,1651
21227,17,1825,783,1042
21227,18,1953,640,1313
21229,0,12084,5980,6104
21229,1,799,437,362
21229,2,757,386,371
21229,3,788,412,376
21229,4,794,454,340
21229,5,691,352,339
21229,6,723,362,361
21229,7,603,283,320
21229,8,664,345,319
21229,9,698,343,355
21229,10,792,380,412
21229,11,903,469,434
21229,12,883,428,455
21229,13,813,398,415
21229,14,719,347,372
21229,15,514,247,267
21229,16,370,166,204
21229,17,297,99,198
21229,18,276,72,204
21231,0,20468,10174,10294
21231,1,1118,592,526
21231,2,1177,595,582
21231,3,1175,590,585
21231,4,1144,597,547
21231,5,1069,562,507
21231,6,1256,622,634
21231,7,1112,566,546
21231,8,1175,617,558
21231,9,1166,604,562
21231,10,1383,704,679
21231,11,1378,677,701
21231,12,1483,693,790
21231,13,1526,738,788
21231,14,1387,702,685
21231,15,1148,519,629
21231,16,839,387,452
21231,17,540,251,289
21231,18,392,158,234
21233,0,13111,6487,6624
21233,1,872,403,469
21233,2,831,431,400
21233,3,889,445,444
21233,4,718,349,369
21233,5,689,358,331
21233,6,850,449,401
21233,7,776,408,368
21233,8,821,434,387
21233,9,819,427,392
21233,10,840,422,418
21233,11,855,429,426
21233,12,909,434,475
21233,13,959,471,488
21233,14,788,391,397
21233,15,565,269,296
21233,16,394,179,215
21233,17,280,98,182
21233,18,256,90,166
21235,0,36242,17835,18407
21235,1,2824,1448,1376
21235,2,2502,1280,1222
21235,3,2387,1279,1108
21235,4,2670,1349,1321
21235,5,2797,1467,1330
21235,6,2383,1173,1210
21235,7,1980,988,992
21235,8,2049,1000,1049
21235,9,1991,988,1003
21235,10,2138,1042,1096
21235,11,2293,1084,1209
21235,12,2212,1080,1132
21235,13,2237,1058,1179
21235,14,1888,926,962
21235,15,1479,694,785
21235,16,1148,495,653
21235,17,696,299,397
21235,18,568,185,383
21237,0,7177,3515,3662
21237,1,442,229,213
21237,2,416,217,199
21237,3,485,253,232
21237,4,439,219,220
21237,5,351,185,166
21237,6,394,207,187
21237,7,376,173,203
21237,8,441,206,235
21237,9,449,215,234
21237,10,419,199,220
21237,11,510,255,255
21237,12,571,277,294
21237,13,496,235,261
21237,14,467,241,226
21237,15,376,185,191
21237,16,250,98,152
21237,17,166,81,85
21237,18,129,40,89
21239,0,26533,12773,13760
21239,1,1534,810,724
21239,2,1595,794,801
21239,3,1672,808,864
21239,4,1697,794,903
21239,5,1500,673,827
21239,6,1368,678,690
21239,7,1358,689,669
21239,8,1593,790,803
21239,9,1629,828,801
21239,10,1738,856,882
21239,11,1803,844,959
21239,12,2138,1035,1103
21239,13,1920,914,1006
21239,14,1783,845,938
21239,15,1342,650,692
21239,16,835,373,462
21239,17,564,238,326
21239,18,464,154,310
22001,0,62190,30342,31848
22001,1,4373,2259,2114
22001,2,4410,2230,2180
22001,3,4619,2422,2197
22001,4,4115,2133,1982
22001,5,3663,1876,1787
22001,6,4443,2209,2234
22001,7,3838,1875,1963
22001,8,3977,1919,2058
22001,9,3454,1655,1799
22001,10,3577,1706,1871
22001,11,3984,1917,2067
22001,12,4272,2083,2189
22001,13,3974,1912,2062
22001,14,3132,1517,1615
22001,15,2376,1048,1328
22001,16,1692,771,921
22001,17,1150,473,677
22001,18,1141,337,804
22003,0,25605,14516,11089
22003,1,1518,778,740
22003,2,1574,845,729
22003,3,1601,808,793
22003,4,1492,782,710
22003,5,1569,974,595
22003,6,2054,1337,717
22003,7,1980,1365,615
22003,8,1848,1198,650
22003,9,1700,1078,622
22003,10,1718,1070,648
22003,11,1630,931,699
22003,12,1639,889,750
22003,13,1438,748,690
22003,14,1235,613,622
22003,15,973,434,539
22003,16,709,306,403
22003,17,490,205,285
22003,18,437,155,282
22005,0,124672,61555,63117
22005,1,8851,4493,4358
22005,2,9249,4791,4458
22005,3,9642,4966,4676
22005,4,8564,4417,4147
22005,5,7074,3671,3403
22005,6,8394,4103,4291
22005,7,8985,4439,4546
22005,8,9397,4602,4795
22005,9,8200,3933,4267
22005,10,8647,4215,4432
22005,11,8312,4085,4227
22005,12,7831,3895,3936
22005,13,6792,3307,3485
22005,14,5327,2539,2788
22005,15,3946,1889,2057
22005,16,2739,1187,1552
22005,17,1448,596,852
22005,18,1274,427,847
22007,0,22300,10819,11481
22007,1,1249,613,636
22007,2,1259,629,630
22007,3,1420,724,696
22007,4,1351,688,663
22007,5,1309,668,641
22007,6,1525,753,772
22007,7,1297,630,667
22007,8,1355,647,708
22007,9,1260,599,661
22007,10,1407,656,751
22007,11,1577,759,818
22007,12,1696,807,889
22007,13,1575,766,809
22007,14,1336,648,688
22007,15,1029,507,522
22007,16,752,367,385
22007,17,429,191,238
22007,18,474,167,307
22009,0,40462,20408,20054
22009,1,2691,1409,1282
22009,2,2657,1400,1257
22009,3,2629,1367,1262
22009,4,2500,1297,1203
22009,5,2366,1294,1072
22009,6,2906,1548,1358
22009,7,2635,1392,1243
22009,8,2643,1429,1214
22009,9,2374,1238,1136
22009,10,2367,1206,1161
22009,11,2606,1336,1270
22009,12,2705,1319,1386
22009,13,2533,1199,1334
22009,14,2201,1040,1161
22009,15,1712,785,927
22009,16,1186,516,670
22009,17,921,369,552
22009,18,830,264,566
22011,0,37253,18888,18365
22011,1,2517,1284,1233
22011,2,2535,1309,1226
22011,3,2544,1313,1231
22011,4,2439,1284,1155
22011,5,2271,1245,1026
22011,6,2634,1470,1164
22011,7,2446,1344,1102
22011,8,2368,1217,1151
22011,9,2336,1207,1129
22011,10,2338,1162,1176
22011,11,2262,1132,1130
22011,12,2466,1213,1253
22011,13,2226,1073,1153
22011,14,1983,912,1071
22011,15,1543,705,838
22011,16,1062,475,587
22011,17,709,328,381
22011,18,574,215,359
22013,0,13308,6381,6927
22013,1,780,384,396
22013,2,803,410,393
22013,3,865,435,430
22013,4,793,388,405
22013,5,700,372,328
22013,6,843,408,435
22013,7,788,379,409
22013,8,722,346,376
22013,9,657,314,343
22013,10,754,380,374
22013,11,883,430,453
22013,12,1053,511,542
22013,13,882,432,450
22013,14,804,389,415
22013,15,667,305,362
22013,16,573,245,328
22013,17,321,129,192
22013,18,420,124,296
22015,0,127185,62919,64266
22015,1,8802,4489,4313
22015,2,8856,4550,4306
22015,3,8853,4552,4301
22015,4,8085,4301,3784
22015,5,8269,4540,3729
22015,6,9687,4880,4807
22015,7,9748,4805,4943
22015,8,9285,4640,4645
22015,9,7734,3858,3876
22015,10,7507,3690,3817
22015,11,7058,3425,3633
22015,12,7849,3835,4014
22015,13,7212,3351,3861
22015,14,5931,2776,3155
22015,15,4561,2057,2504
22015,16,3297,1428,1869
22015,17,2326,983,1343
22015,18,2125,759,1366
22017,0,242922,114969,127953
22017,1,16147,8090,8057
22017,2,16255,8220,8035
22017,3,15785,7962,7823
22017,4,15065,7576,7489
22017,5,14539,7157,7382
22017,6,17525,8524,9001
22017,7,16161,7755,8406
22017,8,15743,7603,8140
22017,9,13640,6305,7335
22017,10,14135,6590,7545
22017,11,13980,6674,7306
22017,12,16309,7617,8692
22017,13,16032,7294,8738
22017,14,13802,6223,7579
22017,15,10305,4631,5674
22017,16,7246,3054,4192
22017,17,4873,1880,2993
22017,18,5380,1814,3566
22019,0,203112,99313,103799
22019,1,14511,7475,7036
22019,2,13952,7198,6754
22019,3,14022,7098,6924
22019,4,12912,6682,6230
22019,5,12921,6420,6501
22019,6,15874,7919,7955
22019,7,14150,6922,7228
22019,8,13536,6729,6807
22019,9,11431,5634,5797
22019,10,11755,5796,5959
22019,11,11905,5719,6186
22019,12,13406,6413,6993
22019,13,12680,6017,6663
22019,14,10092,4802,5290
22019,15,7658,3465,4193
22019,16,5358,2298,3060
22019,17,3735,1538,2197
22019,18,3214,1188,2026
22021,0,9960,5124,4836
22021,1,621,341,280
22021,2,596,297,299
22021,3,667,352,315
22021,4,618,317,301
22021,5,551,325,226
22021,6,684,389,295
22021,7,622,340,282
22021,8,599,319,280
22021,9,624,340,284
22021,10,669,350,319
22021,11,603,302,301
22021,12,673,350,323
22021,13,664,323,341
22021,14,561,288,273
22021,15,474,213,261
22021,16,330,131,199
22021,17,219,96,123
22021,18,185,51,134
22023,0,6968,3468,3500
22023,1,359,190,169
22023,2,441,227,214
22023,3,442,207,235
22023,4,445,231,214
22023,5,409,198,211
22023,6,487,253,234
22023,7,395,211,184
22023,8,461,221,240
22023,9,365,196,169
22023,10,399,195,204
22023,11,525,275,250
22023,12,612,289,323
22023,13,479,243,236
22023,14,359,174,185
22023,15,317,152,165
22023,16,221,110,111
22023,17,131,52,79
22023,18,121,44,77
22025,0,9608,5078,4530
22025,1,549,258,291
22025,2,567,294,273
22025,3,605,289,316
22025,4,533,302,231
22025,5,583,359,224
22025,6,784,482,302
22025,7,604,382,222
22025,8,678,371,307
22025,9,539,307,232
22025,10,571,314,257
22025,11,559,285,274
22025,12,664,336,328
22025,13,693,338,355
22025,14,568,281,287
22025,15,421,196,225
22025,16,318,144,174
22025,17,208,83,125
22025,18,164,57,107
22027,0,15944,9028,6916
22027,1,852,420,432
22027,2,790,367,423
22027,3,780,411,369
22027,4,745,400,345
22027,5,1014,642,372
22027,6,1341,988,353
22027,7,1136,793,343
22027,8,987,631,356
22027,9,998,659,339
22027,10,1002,581,421
22027,11,1056,601,455
22027,12,1089,597,492
22027,13,1108,561,547
22027,14,922,458,464
22027,15,795,391,404
22027,16,512,230,282
22027,17,420,168,252
22027,18,397,130,267
22029,0,19572,9931,9641
22029,1,1242,641,601
22029,2,1316,685,631
22029,3,1327,666,661
22029,4,1256,681,575
22029,5,1290,757,533
22029,6,1407,847,560
22029,7,1272,711,561
22029,8,1200,629,571
22029,9,1057,569,488
22029,10,1105,568,537
22029,11,1051,487,564
22029,12,1316,605,711
22029,13,1354,644,710
22029,14,1108,488,620
22029,15,837,363,474
22029,16,597,258,339
22029,17,442,184,258
22029,18,395,148,247
22031,0,27436,13232,14204
22031,1,1687,852,835
22031,2,1811,940,871
22031,3,1970,1038,932
22031,4,1710,879,831
22031,5,1468,734,734
22031,6,1678,811,867
22031,7,1664,799,865
22031,8,1747,830,917
22031,9,1586,741,845
22031,10,1691,817,874
22031,11,1735,848,887
22031,12,1906,914,992
22031,13,1885,897,988
22031,14,1562,698,864
22031,15,1320,602,718
22031,16,875,386,489
22031,17,606,243,363
22031,18,535,203,332
22033,0,440956,210609,230347
22033,1,28827,14405,14422
22033,2,27782,14164,13618
22033,3,26960,13649,13311
22033,4,31019,15236,15783
22033,5,45913,22442,23471
22033,6,34798,17440,17358
22033,7,29614,14682,14932
22033,8,29257,14233,15024
22033,9,23638,11274,12364
22033,10,23711,11151,12560
22033,11,24409,11473,12936
22033,12,26665,12248,14417
22033,13,25835,11713,14122
22033,14,21902,9780,12122
22033,15,16257,7258,8999
22033,16,10397,4414,5983
22033,17,6905,2761,4144
22033,18,7067,2286,4781
22035,0,7037,3811,3226
22035,1,529,262,267
22035,2,482,238,244
22035,3,461,233,228
22035,4,415,215,200
22035,5,516,318,198
22035,6,633,414,219
22035,7,438,292,146
22035,8,425,249,176
22035,9,415,253,162
22035,10,386,221,165
22035,11,405,218,187
22035,12,478,261,217
22035,13,415,208,207
22035,14,342,168,174
22035,15,246,105,141
22035,16,197,70,127
22035,17,136,54,82
22035,18,118,32,86
22037,0,19305,10486,8819
22037,1,943,494,449
22037,2,958,480,478
22037,3,1011,503,508
22037,4,1029,571,458
22037,5,1184,720,464
22037,6,1282,749,533
22037,7,1220,741,479
22037,8,1263,747,516
22037,9,1186,705,481
22037,10,1315,782,533
22037,11,1403,779,624
22037,12,1571,799,772
22037,13,1519,769,750
22037,14,1198,575,623
22037,15,928,457,471
22037,16,605,276,329
22037,17,399,193,206
22037,18,291,146,145
22039,0,33443,17001,16442
22039,1,2350,1169,1181
22039,2,2330,1180,1150
22039,3,2350,1189,1161
22039,4,2218,1174,1044
22039,5,2282,1355,927
22039,6,2496,1382,1114
22039,7,2109,1145,964
22039,8,2090,1090,1000
22039,9,1820,954,866
22039,10,1943,993,950
22039,11,2080,1018,1062
22039,12,2275,1106,1169
22039,13,1973,956,1017
22039,14,1635,795,840
22039,15,1317,592,725
22039,16,1005,452,553
22039,17,629,262,367
22039,18,541,189,352
22041,0,20156,9752,10404
22041,1,1446,753,693
22041,2,1427,688,739
22041,3,1428,732,696
22041,4,1290,667,623
22041,5,1137,604,533
22041,6,1308,662,646
22041,7,1175,560,615
22041,8,1220,623,597
22041,9,1123,549,574
22041,10,1076,511,565
22041,11,1194,557,637
22041,12,1377,648,729
22041,13,1350,686,664
22041,14,1099,521,578
22041,15,876,385,491
22041,16,660,281,379
22041,17,509,199,310
22041,18,461,126,335
22043,0,22482,12576,9906
22043,1,1329,671,658
22043,2,1292,675,617
22043,3,1356,697,659
22043,4,1221,670,551
22043,5,1310,758,552
22043,6,1881,1228,653
22043,7,1946,1353,593
22043,8,1783,1120,663
22043,9,1470,903,567
22043,10,1409,815,594
22043,11,1364,728,636
22043,12,1451,745,706
22043,13,1250,599,651
22043,14,1122,575,547
22043,15,954,439,515
22043,16,624,293,331
22043,17,403,183,220
22043,18,317,124,193
22045,0,70941,34708,36233
22045,1,5179,2573,2606
22045,2,4972,2563,2409
22045,3,5183,2632,2551
22045,4,4727,2427,2300
22045,5,4359,2198,2161
22045,6,4861,2393,2468
22045,7,4447,2237,2210
22045,8,4317,2134,2183
22045,9,3820,1822,1998
22045,10,4017,1956,2061
22045,11,4600,2170,2430
22045,12,5072,2458,2614
22045,13,4759,2318,2441
22045,14,3493,1711,1782
22045,15,2767,1325,1442
22045,16,1924,803,1121
22045,17,1311,567,744
22045,18,1133,421,712
22047,0,32721,16553,16168
22047,1,1816,914,902
22047,2,1902,989,913
22047,3,1844,932,912
22047,4,1964,1047,917
22047,5,1999,1088,911
22047,6,2581,1363,1218
22047,7,2339,1255,1084
22047,8,2279,1194,1085
22047,9,1987,987,1000
22047,10,2143,1106,1037
22047,11,2263,1178,1085
22047,12,2350,1217,1133
22047,13,2073,999,1074
22047,14,1712,825,887
22047,15,1358,618,740
22047,16,915,402,513
22047,17,601,240,361
22047,18,595,199,396
22049,0,15902,8158,7744
22049,1,873,473,400
22049,2,991,511,480
22049,3,1012,530,482
22049,4,909,507,402
22049,5,911,493,418
22049,6,1067,642,425
22049,7,1064,580,484
22049,8,948,497,451
22049,9,927,475,452
22049,10,948,529,419
22049,11,988,498,490
22049,12,1140,560,580
22049,13,958,453,505
22049,14,954,459,495
22049,15,778,343,435
22049,16,623,290,333
22049,17,423,186,237
22049,18,388,132,256
22051,0,434051,210118,223933
22051,1,28335,14712,13623
22051,2,26024,13225,12799
22051,3,26033,13219,12814
22051,4,23440,12064,11376
22051,5,24269,12108,12161
22051,6,31698,15345,16353
22051,7,31205,15461,15744
22051,8,29046,14275,14771
22051,9,25276,12499,12777
22051,10,25834,12639,13195
22051,11,28284,13615,14669
22051,12,30770,14708,16062
22051,13,29507,14039,15468
22051,14,24751,11491,13260
22051,15,19172,8719,10453
22051,16,12921,5550,7371
22051,17,8268,3380,4888
22051,18,9218,3069,6149
22053,0,31582,15468,16114
22053,1,2194,1137,1057
22053,2,2212,1176,1036
22053,3,2346,1155,1191
22053,4,2083,1114,969
22053,5,1855,953,902
22053,6,2056,1021,1035
22053,7,1931,945,986
22053,8,1970,993,977
22053,9,1739,821,918
22053,10,1835,884,951
22053,11,1940,916,1024
22053,12,2251,1061,1190
22053,13,2011,1001,1010
22053,14,1608,738,870
22053,15,1247,543,704
22053,16,974,444,530
22053,17,701,293,408
22053,18,629,273,356
22055,0,242782,118148,124634
22055,1,16466,8421,8045
22055,2,15985,7989,7996
22055,3,15857,8056,7801
22055,4,15028,7609,7419
22055,5,16043,7855,8188
22055,6,20123,9968,10155
22055,7,19317,9774,9543
22055,8,17943,8927,9016
22055,9,14689,7375,7314
22055,10,14457,7015,7442
22055,11,14330,6857,7473
22055,12,15889,7441,8448
22055,13,14588,6801,7787
22055,14,11474,5378,6096
22055,15,8018,3796,4222
22055,16,5321,2248,3073
22055,17,3594,1436,2158
22055,18,3660,1202,2458
22057,0,98115,48123,49992
22057,1,6281,3208,3073
22057,2,6403,3240,3163
22057,3,6425,3266,3159
22057,4,6140,3051,3089
22057,5,5772,2925,2847
22057,6,7301,3562,3739
22057,7,6669,3417,3252
22057,8,6476,3231,3245
22057,9,5590,2777,2813
22057,10,5815,2850,2965
22057,11,6903,3394,3509
22057,12,7040,3430,3610
22057,13,6132,3060,3072
22057,14,4769,2276,2493
22057,15,3882,1772,2110
22057,16,2862,1270,1592
22057,17,1860,777,1083
22057,18,1795,617,1178
22059,0,14917,7732,7185
22059,1,911,447,464
22059,2,927,482,445
22059,3,993,505,488
22059,4,926,489,437
22059,5,910,524,386
22059,6,1132,681,451
22059,7,985,552,433
22059,8,1063,587,476
22059,9,929,545,384
22059,10,899,487,412
22059,11,868,431,437
22059,12,926,441,485
22059,13,924,443,481
22059,14,806,388,418
22059,15,647,288,359
22059,16,471,218,253
22059,17,320,127,193
22059,18,280,97,183
22061,0,47196,22948,24248
22061,1,2720,1350,1370
22061,2,2592,1335,1257
22061,3,2528,1284,1244
22061,4,4963,2442,2521
22061,5,8513,4328,4185
22061,6,3235,1648,1587
22061,7,2598,1287,1311
22061,8,2631,1272,1359
22061,9,2062,1032,1030
22061,10,2144,1030,1114
22061,11,2151,1012,1139
22061,12,2379,1131,1248
22061,13,2284,1081,1203
22061,14,2018,940,1078
22061,15,1578,703,875
22061,16,1115,478,637
22061,17,803,320,483
22061,18,882,275,607
22063,0,139567,68810,70757
22063,1,9578,4875,4703
22063,2,9721,4837,4884
22063,3,10378,5349,5029
22063,4,9184,4755,4429
22063,5,7786,3958,3828
22063,6,10124,5015,5109
22063,7,9876,4839,5037
22063,8,10395,5051,5344
22063,9,9206,4573,4633
22063,10,9506,4737,4769
22063,11,8801,4413,4388
22063,12,8797,4367,4430
22063,13,7793,3737,4056
22063,14,6412,3037,3375
22063,15,5142,2322,2820
22063,16,3536,1587,1949
22063,17,1837,768,1069
22063,18,1495,590,905
22065,0,11161,5540,5621
22065,1,766,376,390
22065,2,745,396,349
22065,3,718,356,362
22065,4,640,313,327
22065,5,769,429,340
22065,6,1018,573,445
22065,7,875,496,379
22065,8,662,304,358
22065,9,601,253,348
22065,10,754,372,382
22065,11,669,326,343
22065,12,647,297,350
22065,13,691,321,370
22065,14,558,256,302
22065,15,387,197,190
22065,16,290,128,162
22065,17,164,68,96
22065,18,207,79,128
22067,0,25398,12212,13186
22067,1,1756,921,835
22067,2,1678,879,799
22067,3,1685,837,848
22067,4,1566,789,777
22067,5,1418,738,680
22067,6,1710,890,820
22067,7,1414,697,717
22067,8,1498,706,792
22067,9,1412,684,728
22067,10,1459,716,743
22067,11,1554,701,853
22067,12,1656,737,919
22067,13,1829,846,983
22067,14,1608,778,830
22067,15,1205,526,679
22067,16,773,356,417
22067,17,579,206,373
22067,18,598,205,393
22069,0,38659,18589,20070
22069,1,2482,1277,1205
22069,2,2521,1305,1216
22069,3,2508,1330,1178
22069,4,3447,1599,1848
22069,5,4437,2166,2271
22069,6,2521,1271,1250
22069,7,1957,943,1014
22069,8,2128,1035,1093
22069,9,1874,905,969
22069,10,1946,917,1029
22069,11,2085,1017,1068
22069,12,2170,1007,1163
22069,13,2168,969,1199
22069,14,2031,948,1083
22069,15,1666,768,898
22069,16,1196,534,662
22069,17,775,323,452
22069,18,747,275,472
22071,0,391006,185068,205938
22071,1,23087,11849,11238
22071,2,21420,10774,10646
22071,3,21574,10777,10797
22071,4,21504,10581,10923
22071,5,24177,11623,12554
22071,6,34045,15986,18059
22071,7,35788,16752,19036
22071,8,29945,14324,15621
22071,9,23393,11193,12200
22071,10,22622,10896,11726
22071,11,23975,11361,12614
22071,12,25822,12064,13758
22071,13,25894,12144,13750
22071,14,21313,9711,11602
22071,15,14576,6549,8027
22071,16,9156,3914,5242
22071,17,6091,2366,3725
22071,18,6624,2204,4420
22073,0,154475,74050,80425
22073,1,10646,5385,5261
22073,2,10660,5405,5255
22073,3,10611,5391,5220
22073,4,10783,5496,5287
22073,5,10492,5177,5315
22073,6,11789,5755,6034
22073,7,10276,4941,5335
22073,8,9946,4740,5206
22073,9,9079,4399,4680
22073,10,9221,4421,4800
22073,11,9040,4234,4806
22073,12,9847,4746,5101
22073,13,9238,4325,4913
22073,14,7558,3376,4182
22073,15,5730,2546,3184
22073,16,4074,1694,2380
22073,17,2753,1061,1692
22073,18,2732,958,1774
22075,0,23410,11805,11605
22075,1,1589,836,753
22075,2,1682,882,800
22075,3,1760,913,847
22075,4,1572,811,761
22075,5,1466,814,652
22075,6,1561,786,775
22075,7,1511,742,769
22075,8,1618,787,831
22075,9,1451,736,715
22075,10,1536,733,803
22075,11,1580,807,773
22075,12,1606,837,769
22075,13,1335,675,660
22075,14,1060,528,532
22075,15,782,368,414
22075,16,576,274,302
22075,17,392,178,214
22075,18,333,98,235
22077,0,21940,10543,11397
22077,1,1348,695,653
22077,2,1251,623,628
22077,3,1350,675,675
22077,4,1311,689,622
22077,5,1287,634,653
22077,6,1295,638,657
22077,7,1154,565,589
22077,8,1277,649,628
22077,9,1120,527,593
22077,10,1201,556,645
22077,11,1444,717,727
22077,12,1737,810,927
22077,13,1649,772,877
22077,14,1471,696,775
22077,15,1213,516,697
22077,16,778,352,426
22077,17,545,226,319
22077,18,509,203,306
22079,0,130562,63168,67394
22079,1,8902,4562,4340
22079,2,8756,4487,4269
22079,3,9201,4707,4494
22079,4,8693,4416,4277
22079,5,8043,4127,3916
22079,6,8737,4379,4358
22079,7,8295,4102,4193
22079,8,8328,4011,4317
22079,9,7457,3580,3877
22079,10,7577,3682,3895
22079,11,8242,3846,4396
22079,12,8825,4243,4582
22079,13,8131,3836,4295
22079,14,6826,3091,3735
22079,15,5444,2474,2970
22079,16,3978,1725,2253
22079,17,2604,1051,1553
22079,18,2523,849,1674
22081,0,8477,4078,4399
22081,1,516,280,236
22081,2,559,291,268
22081,3,587,292,295
22081,4,492,250,242
22081,5,464,233,231
22081,6,534,271,263
22081,7,465,226,239
22081,8,436,210,226
22081,9,462,239,223
22081,10,520,256,264
22081,11,567,274,293
22081,12,665,325,340
22081,13,591,259,332
22081,14,492,224,268
22081,15,417,178,239
22081,16,340,146,194
22081,17,184,83,101
22081,18,186,41,145
22083,0,20192,9852,10340
22083,1,1233,663,570
22083,2,1317,705,612
22083,3,1337,689,648
22083,4,1326,685,641
22083,5,1160,625,535
22083,6,1406,698,708
22083,7,1263,617,646
22083,8,1257,584,673
22083,9,1241,592,649
22083,10,1106,521,585
22083,11,1232,598,634
22083,12,1369,636,733
22083,13,1401,653,748
22083,14,1165,548,617
22083,15,916,463,453
22083,16,640,283,357
22083,17,423,159,264
22083,18,400,133,267
22085,0,24032,11862,12170
22085,1,1464,761,703
22085,2,1557,761,796
22085,3,1677,867,810
22085,4,1489,788,701
22085,5,1188,577,611
22085,6,1477,743,734
22085,7,1364,688,676
22085,8,1374,649,725
22085,9,1307,635,672
22085,10,1342,634,708
22085,11,1551,803,748
22085,12,1615,800,815
22085,13,1647,801,846
22085,14,1584,772,812
22085,15,1317,643,674
22085,16,943,459,484
22085,17,583,295,288
22085,18,553,186,367
22087,0,46721,22896,23825
22087,1,3308,1651,1657
22087,2,3698,1895,1803
22087,3,3541,1877,1664
22087,4,2881,1473,1408
22087,5,2568,1286,1282
22087,6,3838,1823,2015
22087,7,3875,1811,2064
22087,8,3476,1681,1795
22087,9,2854,1345,1509
22087,10,2631,1286,1345
22087,11,2837,1422,1415
22087,12,3092,1523,1569
22087,13,2782,1366,1416
22087,14,2006,984,1022
22087,15,1351,637,714
22087,16,873,412,461
22087,17,543,229,314
22087,18,567,195,372
22089,0,52879,25940,26939
22089,1,3347,1721,1626
22089,2,3522,1779,1743
22089,3,3847,1975,1872
22089,4,3458,1782,1676
22089,5,3176,1581,1595
22089,6,3417,1725,1692
22089,7,3379,1645,1734
22089,8,3574,1733,1841
22089,9,3279,1539,1740
22089,10,3357,1637,1720
22089,11,3806,1817,1989
22089,12,4077,1973,2104
22089,13,3466,1743,1723
22089,14,2674,1286,1388
22089,15,1783,846,937
22089,16,1191,543,648
22089,17,796,312,484
22089,18,730,303,427
22091,0,10262,4947,5315
22091,1,560,290,270
22091,2,617,288,329
22091,3,619,315,304
22091,4,568,294,274
22091,5,590,305,285
22091,6,780,393,387
22091,7,661,310,351
22091,8,607,316,291
22091,9,475,219,256
22091,10,635,290,345
22091,11,649,315,334
22091,12,774,381,393
22091,13,681,323,358
22091,14,689,340,349
22091,15,507,214,293
22091,16,345,139,206
22091,17,294,128,166
22091,18,211,87,124
22093,0,21037,10161,10876
22093,1,1223,633,590
22093,2,1320,653,667
22093,3,1373,712,661
22093,4,1281,663,618
22093,5,1318,662,656
22093,6,1454,726,728
22093,7,1335,660,675
22093,8,1338,630,708
22093,9,1063,526,537
22093,10,1153,529,624
22093,11,1505,706,799
22093,12,1602,796,806
22093,13,1462,701,761
22093,14,1208,575,633
22093,15,900,390,510
22093,16,647,277,370
22093,17,494,184,310
22093,18,361,138,223
22095,0,43184,21066,22118
22095,1,2767,1420,1347
22095,2,2815,1454,1361
22095,3,3187,1600,1587
22095,4,2935,1470,1465
22095,5,2723,1401,1322
22095,6,2988,1525,1463
22095,7,2765,1368,1397
22095,8,2771,1275,1496
22095,9,2500,1184,1316
22095,10,2595,1187,1408
22095,11,2989,1398,1591
22095,12,3201,1519,1682
22095,13,2804,1405,1399
22095,14,2222,1057,1165
22095,15,1643,794,849
22095,16,1083,493,590
22095,17,624,281,343
22095,18,572,235,337
22097,0,82764,39950,42814
22097,1,6305,3243,3062
22097,2,6145,3118,3027
22097,3,6172,3175,2997
22097,4,5601,2951,2650
22097,5,4795,2363,2432
22097,6,5493,2653,2840
22097,7,4978,2448,2530
22097,8,4976,2323,2653
22097,9,4327,2066,2261
22097,10,4606,2220,2386
22097,11,5018,2375,2643
22097,12,5710,2677,3033
22097,13,5310,2557,2753
22097,14,4462,2082,2380
22097,15,3330,1497,1833
22097,16,2393,1054,1339
22097,17,1644,664,980
22097,18,1499,484,1015
22099,0,53621,26359,27262
22099,1,3610,1762,1848
22099,2,3524,1827,1697
22099,3,3696,1863,1833
22099,4,3315,1738,1577
22099,5,3130,1584,1546
22099,6,3947,2002,1945
22099,7,3557,1811,1746
22099,8,3465,1698,1767
22099,9,3061,1522,1539
22099,10,3176,1539,1637
22099,11,3604,1707,1897
22099,12,3914,1898,2016
22099,13,3565,1711,1854
22099,14,2753,1317,1436
22099,15,2112,1001,1111
22099,16,1485,661,824
22099,17,898,403,495
22099,18,809,315,494
22101,0,49774,24545,25229
22101,1,3404,1769,1635
22101,2,3258,1692,1566
22101,3,3269,1641,1628
22101,4,3029,1525,1504
22101,5,2874,1438,1436
22101,6,3507,1798,1709
22101,7,2935,1485,1450
22101,8,2887,1376,1511
22101,9,2658,1336,1322
22101,10,3029,1513,1516
22101,11,3412,1632,1780
22101,12,3835,1889,1946
22101,13,3435,1708,1727
22101,14,2597,1280,1317
22101,15,2119,976,1143
22101,16,1537,697,840
22101,17,1026,446,580
22101,18,963,344,619
22103,0,258111,125280,132831
22103,1,15851,8024,7827
22103,2,16159,8221,7938
22103,3,18700,9550,9150
22103,4,16915,8656,8259
22103,5,13886,7080,6806
22103,6,14392,7074,7318
22103,7,15274,7342,7932
22103,8,16961,8137,8824
22103,9,15745,7660,8085
22103,10,16779,8024,8755
22103,11,17373,8413,8960
22103,12,18677,8987,9690
22103,13,17705,8336,9369
22103,14,14984,7185,7799
22103,15,11940,5533,6407
22103,16,7712,3513,4199
22103,17,4598,1968,2630
22103,18,4460,1577,2883
22105,0,133777,64790,68987
22105,1,9646,4774,4872
22105,2,9099,4662,4437
22105,3,9006,4597,4409
22105,4,9024,4470,4554
22105,5,9192,4538,4654
22105,6,10659,5114,5545
22105,7,9221,4603,4618
22105,8,8830,4381,4449
22105,9,7674,3750,3924
22105,10,7569,3656,3913
22105,11,7921,3740,4181
22105,12,8416,4052,4364
22105,13,8290,3869,4421
22105,14,6814,3134,3680
22105,15,5231,2511,2720
22105,16,3284,1472,1812
22105,17,2046,816,1230
22105,18,1855,651,1204
22107,0,4462,2158,2304
22107,1,261,134,127
22107,2,297,146,151
22107,3,288,158,130
22107,4,269,144,125
22107,5,228,110,118
22107,6,200,110,90
22107,7,205,83,122
22107,8,215,109,106
22107,9,213,99,114
22107,10,213,109,104
22107,11,266,127,139
22107,12,367,172,195
22107,13,351,174,177
22107,14,369,166,203
22107,15,282,133,149
22107,16,196,93,103
22107,17,112,53,59
22107,18,130,38,92
22109,0,111021,54649,56372
22109,1,7695,3931,3764
22109,2,7714,3963,3751
22109,3,7965,4096,3869
22109,4,7168,3633,3535
22109,5,6548,3352,3196
22109,6,8087,4018,4069
22109,7,7508,3731,3777
22109,8,7646,3707,3939
22109,9,6391,3198,3193
22109,10,6508,3163,3345
22109,11,7315,3618,3697
22109,12,7760,3783,3977
22109,13,6732,3325,3407
22109,14,5404,2534,2870
22109,15,4120,1924,2196
22109,16,3009,1298,1711
22109,17,1784,732,1052
22109,18,1667,643,1024
22111,0,22330,11056,11274
22111,1,1314,678,636
22111,2,1301,666,635
22111,3,1406,712,694
22111,4,1338,701,637
22111,5,1196,599,597
22111,6,1356,690,666
22111,7,1239,613,626
22111,8,1289,621,668
22111,9,1158,615,543
22111,10,1296,629,667
22111,11,1433,719,714
22111,12,1673,803,870
22111,13,1741,842,899
22111,14,1455,719,736
22111,15,1198,607,591
22111,16,849,396,453
22111,17,555,233,322
22111,18,533,213,320
22113,0,59830,28974,30856
22113,1,3929,2013,1916
22113,2,4194,2111,2083
22113,3,4446,2260,2186
22113,4,4081,2093,1988
22113,5,3258,1604,1654
22113,6,3983,1941,2042
22113,7,3714,1760,1954
22113,8,3988,1901,2087
22113,9,3551,1749,1802
22113,10,3533,1689,1844
22113,11,3844,1886,1958
22113,12,4278,2037,2241
22113,13,3919,1905,2014
22113,14,2982,1423,1559
22113,15,2190,1011,1179
22113,16,1616,694,922
22113,17,1175,495,680
22113,18,1149,402,747
22115,0,48860,26045,22815
22115,1,3975,2001,1974
22115,2,3434,1776,1658
22115,3,3038,1543,1495
22115,4,3068,1715,1353
22115,5,5607,3690,1917
22115,6,4765,2759,2006
22115,7,3706,1985,1721
22115,8,3402,1819,1583
22115,9,2628,1412,1216
22115,10,2478,1284,1194
22115,11,2336,1159,1177
22115,12,2333,1162,1171
22115,13,2131,1069,1062
22115,14,1879,868,1011
22115,15,1649,750,899
22115,16,1127,504,623
22115,17,730,304,426
22115,18,574,245,329
22117,0,46582,23027,23555
22117,1,3115,1577,1538
22117,2,2977,1512,1465
22117,3,3178,1671,1507
22117,4,3029,1583,1446
22117,5,2662,1376,1286
22117,6,2964,1476,1488
22117,7,2772,1424,1348
22117,8,2902,1469,1433
22117,9,2701,1339,1362
22117,10,2711,1360,1351
22117,11,2748,1421,1327
22117,12,3240,1554,1686
22117,13,3228,1536,1692
22117,14,2718,1272,1446
22117,15,2254,1071,1183
22117,16,1524,677,847
22117,17,975,368,607
22117,18,884,341,543
22119,0,38798,18861,19937
22119,1,2411,1216,1195
22119,2,2394,1254,1140
22119,3,2477,1248,1229
22119,4,2323,1249,1074
22119,5,2254,1154,1100
22119,6,2462,1249,1213
22119,7,2287,1137,1150
22119,8,2296,1148,1148
22119,9,2021,958,1063
22119,10,2332,1140,1192
22119,11,2481,1240,1241
22119,12,2790,1331,1459
22119,13,2604,1263,1341
22119,14,2308,1080,1228
22119,15,1927,885,1042
22119,16,1476,614,862
22119,17,1018,387,631
22119,18,937,308,629
22121,0,26427,13047,13380
22121,1,1874,977,897
22121,2,1747,885,862
22121,3,1838,920,918
22121,4,1533,779,754
22121,5,1556,803,753
22121,6,1986,1010,976
22121,7,2117,1082,1035
22121,8,1981,1018,963
22121,9,1418,687,731
22121,10,1518,748,770
22121,11,1746,810,936
22121,12,1821,904,917
22121,13,1685,791,894
22121,14,1268,619,649
22121,15,881,444,437
22121,16,622,251,371
22121,17,447,186,261
22121,18,389,133,256
22123,0,10982,5588,5394
22123,1,623,323,300
22123,2,658,350,308
22123,3,803,432,371
22123,4,711,407,304
22123,5,655,368,287
22123,6,675,359,316
22123,7,621,323,298
22123,8,689,370,319
22123,9,681,355,326
22123,10,615,307,308
22123,11,665,333,332
22123,12,791,385,406
22123,13,705,357,348
22123,14,616,300,316
22123,15,525,241,284
22123,16,434,189,245
22123,17,291,114,177
22123,18,224,75,149
22125,0,15460,10106,5354
22125,1,631,311,320
22125,2,698,323,375
22125,3,752,403,349
22125,4,681,353,328
22125,5,630,377,253
22125,6,890,623,267
22125,7,1273,979,294
22125,8,1407,1097,310
22125,9,1336,1051,285
22125,10,1433,1101,332
22125,11,1287,925,362
22125,12,1164,800,364
22125,13,955,564,391
22125,14,777,450,327
22125,15,674,346,328
22125,16,390,197,193
22125,17,215,94,121
22125,18,267,112,155
22127,0,14134,7575,6559
22127,1,855,436,419
22127,2,779,397,382
22127,3,813,405,408
22127,4,803,414,389
22127,5,806,445,361
22127,6,1041,652,389
22127,7,925,597,328
22127,8,866,499,367
22127,9,876,515,361
22127,10,915,531,384
22127,11,977,555,422
22127,12,942,511,431
22127,13,910,459,451
22127,14,816,388,428
22127,15,691,318,373
22127,16,480,213,267
22127,17,318,144,174
22127,18,321,96,225
23001,0,107679,52706,54973
23001,1,6274,3192,3082
23001,2,6749,3418,3331
23001,3,6536,3325,3211
23001,4,6495,3316,3179
23001,5,6272,3162,3110
23001,6,6609,3339,3270
23001,7,6766,3249,3517
23001,8,6724,3244,3480
23001,9,5997,2970,3027
23001,10,6953,3444,3509
23001,11,7687,3774,3913
23001,12,7972,3998,3974
23001,13,7554,3660,3894
23001,14,6213,3006,3207
23001,15,4937,2341,2596
23001,16,3223,1441,1782
23001,17,2286,967,1319
23001,18,2432,860,1572
23003,0,67111,33186,33925
23003,1,3234,1666,1568
23003,2,3245,1653,1592
23003,3,3468,1790,1678
23003,4,3793,2025,1768
23003,5,3524,1838,1686
23003,6,3335,1700,1635
23003,7,3200,1619,1581
23003,8,3414,1686,1728
23003,9,3569,1804,1765
23003,10,4131,2023,2108
23003,11,4818,2394,2424
23003,12,5450,2740,2710
23003,13,5734,2842,2892
23003,14,5116,2536,2580
23003,15,4074,2009,2065
23003,16,2846,1276,1570
23003,17,2051,887,1164
23003,18,2109,698,1411
23005,0,293557,142464,151093
23005,1,14283,7438,6845
23005,2,14681,7370,7311
23005,3,15922,8132,7790
23005,4,17307,8892,8415
23005,5,17840,8924,8916
23005,6,20100,10041,10059
23005,7,20066,10085,9981
23005,8,18825,9439,9386
23005,9,17268,8525,8743
23005,10,19507,9525,9982
23005,11,20484,9853,10631
23005,12,22100,10524,11576
23005,13,21013,9979,11034
23005,14,17971,8342,9629
23005,15,13927,6585,7342
23005,16,9150,4048,5102
23005,17,6150,2498,3652
23005,18,6963,2264,4699
23007,0,29897,14676,15221
23007,1,1247,651,596
23007,2,1456,747,709
23007,3,1608,827,781
23007,4,1921,909,1012
23007,5,1877,889,988
23007,6,1626,810,816
23007,7,1592,801,791
23007,8,1474,724,750
23007,9,1539,731,808
23007,10,1728,874,854
23007,11,2104,991,1113
23007,12,2507,1271,1236
23007,13,2513,1218,1295
23007,14,2230,1079,1151
23007,15,1766,888,878
23007,16,1232,613,619
23007,17,774,378,396
23007,18,703,275,428
23009,0,54811,26549,28262
23009,1,2391,1218,1173
23009,2,2518,1271,1247
23009,3,2784,1418,1366
23009,4,2727,1432,1295
23009,5,2546,1304,1242
23009,6,3022,1545,1477
23009,7,3046,1441,1605
23009,8,2856,1422,1434
23009,9,2846,1386,1460
23009,10,3418,1652,1766
23009,11,3724,1805,1919
23009,12,4554,2149,2405
23009,13,4890,2355,2535
23009,14,4533,2126,2407
23009,15,3652,1775,1877
23009,16,2344,1104,1240
23009,17,1417,628,789
23009,18,1543,518,1025
23011,0,122083,59519,62564
23011,1,6052,3144,2908
23011,2,6474,3287,3187
23011,3,6761,3440,3321
23011,4,7217,3572,3645
23011,5,7145,3605,3540
23011,6,7137,3621,3516
23011,7,7002,3486,3516
23011,8,7172,3501,3671
23011,9,6644,3279,3365
23011,10,7864,3839,4025
23011,11,8806,4287,4519
23011,12,9983,4753,5230
23011,13,9476,4622,4854
23011,14,8213,3934,4279
23011,15,6194,2983,3211
23011,16,4117,1888,2229
23011,17,2835,1187,1648
23011,18,2991,1091,1900
23013,0,39771,19617,20154
23013,1,1768,915,853
23013,2,1916,1004,912
23013,3,2116,1100,1016
23013,4,1920,1007,913
23013,5,1918,987,931
23013,6,1997,1084,913
23013,7,2175,1175,1000
23013,8,2146,1085,1061
23013,9,2184,1132,1052
23013,10,2421,1210,1211
23013,11,2604,1307,1297
23013,12,3124,1479,1645
23013,13,3425,1596,1829
23013,14,3285,1507,1778
23013,15,2664,1281,1383
23013,16,1714,785,929
23013,17,1163,510,653
23013,18,1231,453,778
23015,0,34342,16852,17490
23015,1,1436,736,700
23015,2,1544,810,734
23015,3,1697,875,822
23015,4,1644,922,722
23015,5,1618,831,787
23015,6,1686,884,802
23015,7,1666,845,821
23015,8,1657,787,870
23015,9,1696,829,867
23015,10,2111,1049,1062
23015,11,2241,1102,1139
23015,12,2849,1384,1465
23015,13,2979,1411,1568
23015,14,2995,1393,1602
23015,15,2615,1265,1350
23015,16,1733,827,906
23015,17,1083,497,586
23015,18,1092,405,687
23017,0,57618,28505,29113
23017,1,2613,1326,1287
23017,2,2783,1425,1358
23017,3,3161,1617,1544
23017,4,3225,1726,1499
23017,5,2653,1368,1285
23017,6,3030,1541,1489
23017,7,2997,1470,1527
23017,8,3300,1604,1696
23017,9,3224,1620,1604
23017,10,3678,1748,1930
23017,11,4247,2083,2164
23017,12,5189,2603,2586
23017,13,5035,2443,2592
23017,14,4324,2172,2152
23017,15,3159,1581,1578
23017,16,2200,1051,1149
23017,17,1413,613,800
23017,18,1387,514,873
23019,0,151096,74754,76342
23019,1,7135,3661,3474
23019,2,7284,3781,3503
23019,3,8025,4174,3851
23019,4,10031,5214,4817
23019,5,10354,5476,4878
23019,6,10499,5397,5102
23019,7,9448,4868,4580
23019,8,8893,4368,4525
23019,9,8276,4044,4232
23019,10,9474,4656,4818
23019,11,10506,5116,5390
23019,12,11850,5824,6026
23019,13,11117,5384,5733
23019,14,9478,4572,4906
23019,15,6986,3301,3685
23019,16,4771,2194,2577
23019,17,3383,1403,1980
23019,18,3586,1321,2265
23021,0,16800,8378,8422
23021,1,741,382,359
23021,2,712,339,373
23021,3,819,406,413
23021,4,863,460,403
23021,5,694,350,344
23021,6,721,365,356
23021,7,732,364,368
23021,8,814,392,422
23021,9,866,408,458
23021,10,1010,511,499
23021,11,1201,586,615
23021,12,1513,752,761
23021,13,1625,794,831
23021,14,1474,750,724
23021,15,1263,670,593
23021,16,776,421,355
23021,17,448,190,258
23021,18,528,238,290
23023,0,35634,17314,18320
23023,1,1780,894,886
23023,2,1839,955,884
23023,3,1991,1012,979
23023,4,1830,952,878
23023,5,1589,787,802
23023,6,1966,974,992
23023,7,2123,1043,1080
23023,8,2085,1034,1051
23023,9,1960,937,1023
23023,10,2340,1144,1196
23023,11,2458,1202,1256
23023,12,2954,1414,1540
23023,13,2838,1347,1491
23023,14,2526,1217,1309
23023,15,2182,1013,1169
23023,16,1434,680,754
23023,17,924,429,495
23023,18,815,280,535
23025,0,50592,25163,25429
23025,1,2361,1247,1114
23025,2,2483,1269,1214
23025,3,2870,1491,1379
23025,4,2911,1436,1475
23025,5,2517,1319,1198
23025,6,2794,1464,1330
23025,7,2700,1348,1352
23025,8,2770,1318,1452
23025,9,2920,1450,1470
23025,10,3444,1706,1738
23025,11,3881,1911,1970
23025,12,4243,2105,2138
23025,13,4168,2071,2097
23025,14,3559,1769,1790
23025,15,2822,1432,1390
23025,16,1944,941,1003
23025,17,1131,483,648
23025,18,1074,403,671
23027,0,39694,19517,20177
23027,1,1767,933,834
23027,2,2038,1041,997
23027,3,2241,1135,1106
23027,4,2146,1127,1019
23027,5,1947,993,954
23027,6,2084,1057,1027
23027,7,2202,1094,1108
23027,8,2336,1126,1210
23027,9,2305,1182,1123
23027,10,2436,1204,1232
23027,11,2706,1315,1391
23027,12,3129,1469,1660
23027,13,3432,1632,1800
23027,14,3158,1520,1638
23027,15,2481,1219,1262
23027,16,1476,708,768
23027,17,921,424,497
23027,18,889,338,551
23029,0,31490,15567,15923
23029,1,1499,809,690
23029,2,1585,811,774
23029,3,1793,892,901
23029,4,1758,906,852
23029,5,1607,830,777
23029,6,1533,793,740
23029,7,1492,749,743
23029,8,1624,802,822
23029,9,1635,792,843
23029,10,1871,952,919
23029,11,2052,1004,1048
23029,12,2595,1262,1333
23029,13,2759,1351,1408
23029,14,2496,1254,1242
23029,15,2067,1039,1028
23029,16,1434,666,768
23029,17,885,376,509
23029,18,805,279,526
23031,0,206229,100606,105623
23031,1,9701,4977,4724
23031,2,10289,5397,4892
23031,3,11443,5899,5544
23031,4,11603,5887,5716
23031,5,10923,5613,5310
23031,6,12502,6254,6248
23031,7,12492,6336,6156
23031,8,12073,5920,6153
23031,9,11291,5546,5745
23031,10,13324,6518,6806
23031,11,14944,7387,7557
23031,12,17140,8247,8893
23031,13,16271,7708,8563
23031,14,14156,6694,7462
23031,15,10851,5133,5718
23031,16,7191,3258,3933
23031,17,4764,2016,2748
23031,18,5271,1816,3455
24001,0,70975,36998,33977
24001,1,3208,1660,1548
24001,2,3410,1746,1664
24001,3,3465,1822,1643
24001,4,4869,2490,2379
24001,5,6028,3232,2796
24001,6,4775,2833,1942
24001,7,4404,2703,1701
24001,8,4208,2465,1743
24001,9,3907,2229,1678
24001,10,4395,2365,2030
24001,11,4510,2390,2120
24001,12,4770,2358,2412
24001,13,4626,2351,2275
24001,14,4092,1959,2133
24001,15,3687,1672,2015
24001,16,2758,1252,1506
24001,17,1932,798,1134
24001,18,1931,673,1258
24003,0,576031,285333,290698
24003,1,35416,18094,17322
24003,2,36164,18386,17778
24003,3,35691,18291,17400
24003,4,34142,17924,16218
24003,5,36788,20486,16302
24003,6,39898,20515,19383
24003,7,41989,20905,21084
24003,8,40843,20479,20364
24003,9,35623,17737,17886
24003,10,37749,18465,19284
24003,11,40573,19635,20938
24003,12,41285,19859,21426
24003,13,35320,16978,18342
24003,14,27612,12845,14767
24003,15,22718,10402,12316
24003,16,15491,7017,8474
24003,17,9116,3862,5254
24003,18,9613,3453,6160
24005,0,828431,392710,435721
24005,1,48780,24833,23947
24005,2,49363,25216,24147
24005,3,50734,25680,25054
24005,4,52490,26404,26086
24005,5,50138,24893,25245
24005,6,57159,27954,29205
24005,7,56872,27272,29600
24005,8,53524,25350,28174
24005,9,47684,22502,25182
24005,10,51056,23992,27064
24005,11,54483,25742,28741
24005,12,58482,27533,30949
24005,13,55356,25595,29761
24005,14,45050,20339,24711
24005,15,34359,15258,19101
24005,16,23611,9935,13676
24005,17,16723,6592,10131
24005,18,22567,7620,14947
24009,0,92003,45613,46390
24009,1,4944,2534,2410
24009,2,5733,3000,2733
24009,3,6438,3280,3158
24009,4,6367,3226,3141
24009,5,5451,2892,2559
24009,6,5199,2706,2493
24009,7,5413,2701,2712
24009,8,5919,2923,2996
24009,9,5098,2470,2628
24009,10,6256,2983,3273
24009,11,7562,3761,3801
24009,12,7760,3814,3946
24009,13,6176,3016,3160
24009,14,4498,2223,2275
24009,15,3724,1783,1941
24009,16,2481,1186,1295
24009,17,1406,603,803
24009,18,1578,512,1066
24011,0,33304,16326,16978
24011,1,2013,1034,979
24011,2,2183,1119,1064
24011,3,2335,1158,1177
24011,4,2077,1037,1040
24011,5,1799,907,892
24011,6,2176,1090,1086
24011,7,2097,1064,1033
24011,8,1967,965,1002
24011,9,1947,929,1018
24011,10,2187,1117,1070
24011,11,2294,1120,1174
24011,12,2520,1220,1300
24011,13,2299,1126,1173
24011,14,1725,803,922
24011,15,1463,709,754
24011,16,990,451,539
24011,17,618,282,336
24011,18,614,195,419
24013,0,168429,83295,85134
24013,1,9185,4793,4392
24013,2,9597,4917,4680
24013,3,10630,5402,5228
24013,4,11327,5850,5477
24013,5,9872,5009,4863
24013,6,9545,4996,4549
24013,7,10047,5189,4858
24013,8,9993,4966,5027
24013,9,9193,4574,4619
24013,10,11630,5731,5899
24013,11,13696,6652,7044
24013,12,14019,6977,7042
24013,13,11317,5613,5704
24013,14,8978,4335,4643
24013,15,7419,3455,3964
24013,16,5224,2298,2926
24013,17,3168,1293,1875
24013,18,3589,1245,2344
24015,0,102826,51039,51787
24015,1,5825,2943,2882
24015,2,6284,3271,3013
24015,3,6848,3510,3338
24015,4,6639,3481,3158
24015,5,5837,2983,2854
24015,6,6825,3414,3411
24015,7,6277,3121,3156
24015,8,6121,3034,3087
24015,9,5883,2869,3014
24015,10,6960,3405,3555
24015,11,7886,3899,3987
24015,12,8112,4052,4060
24015,13,7143,3550,3593
24015,14,5663,2699,2964
24015,15,4383,2106,2277
24015,16,2807,1356,1451
24015,17,1739,782,957
24015,18,1594,564,1030
24017,0,161503,77776,83727
24017,1,9612,4899,4713
24017,2,10594,5457,5137
24017,3,11449,5808,5641
24017,4,10977,5610,5367
24017,5,10043,5163,4880
24017,6,10591,5303,5288
24017,7,10404,4984,5420
24017,8,10488,4907,5581
24017,9,10211,4672,5539
24017,10,12341,5689,6652
24017,11,13122,6206,6916
24017,12,12153,5878,6275
24017,13,9320,4390,4930
24017,14,6996,3188,3808
24017,15,5352,2412,2940
24017,16,3625,1592,2033
24017,17,2210,928,1282
24017,18,2015,690,1325
24019,0,31998,15211,16787
24019,1,1748,931,817
24019,2,1832,929,903
24019,3,1983,996,987
24019,4,1732,933,799
24019,5,1595,792,803
24019,6,2083,980,1103
24019,7,1817,831,986
24019,8,1637,741,896
24019,9,1644,741,903
24019,10,1862,854,1008
24019,11,2175,1045,1130
24019,12,2520,1191,1329
24019,13,2459,1148,1311
24019,14,2132,983,1149
24019,15,1833,876,957
24019,16,1287,588,699
24019,17,800,336,464
24019,18,859,316,543
24021,0,255648,126126,129522
24021,1,15082,7716,7366
24021,2,16101,8220,7881
24021,3,17347,8899,8448
24021,4,17165,8781,8384
24021,5,15410,7917,7493
24021,6,15597,7972,7625
24021,7,16988,8533,8455
24021,8,17270,8564,8706
24021,9,15923,7860,8063
24021,10,18109,8936,9173
24021,11,19079,9447,9632
24021,12,19001,9350,9651
24021,13,15604,7580,8024
24021,14,12210,5806,6404
24021,15,9574,4519,5055
24021,16,6432,2831,3601
24021,17,4036,1727,2309
24021,18,4720,1468,3252
24023,0,29163,14389,14774
24023,1,1452,716,736
24023,2,1332,672,660
24023,3,1587,828,759
24023,4,1637,920,717
24023,5,1526,777,749
24023,6,1805,935,870
24023,7,1463,725,738
24023,8,1620,801,819
24023,9,1582,809,773
24023,10,1911,866,1045
24023,11,2039,1044,995
24023,12,2346,1142,1204
24023,13,2339,1131,1208
24023,14,2014,990,1024
24023,15,1759,856,903
24023,16,1226,598,628
24023,17,760,341,419
24023,18,765,238,527
24025,0,253956,124388,129568
24025,1,14330,7350,6980
24025,2,15230,7759,7471
24025,3,16440,8485,7955
24025,4,16215,8618,7597
24025,5,14960,7643,7317
24025,6,15495,7892,7603
24025,7,16172,8063,8109
24025,8,16368,8018,8350
24025,9,15034,7320,7714
24025,10,17047,8194,8853
24025,11,19030,9257,9773
24025,12,19620,9548,10072
24025,13,16887,8127,8760
24025,14,13567,6408,7159
24025,15,10930,5021,5909
24025,16,7504,3313,4191
24025,17,4573,1898,2675
24025,18,4554,1474,3080
24027,0,323196,158137,165059
24027,1,19181,9900,9281
24027,2,21742,11043,10699
24027,3,23399,12040,11359
24027,4,21805,11211,10594
24027,5,18442,9551,8891
24027,6,19125,9752,9373
24027,7,20137,9655,10482
24027,8,23597,11231,12366
24027,9,22238,10680,11558
24027,10,23169,11083,12086
24027,11,23527,11401,12126
24027,12,23086,11243,11843
24027,13,19119,9298,9821
24027,14,15091,7142,7949
24027,15,12188,5580,6608
24027,16,7943,3523,4420
24027,17,4812,2072,2740
24027,18,4595,1732,2863
24029,0,19383,9242,10141
24029,1,789,388,401
24029,2,828,401,427
24029,3,907,455,452
24029,4,1373,668,705
24029,5,1388,650,738
24029,6,1063,553,510
24029,7,1012,516,496
24029,8,899,452,447
24029,9,801,396,405
24029,10,925,466,459
24029,11,1211,584,627
24029,12,1495,700,795
24029,13,1515,681,834
24029,14,1423,653,770
24029,15,1380,647,733
24029,16,1026,489,537
24029,17,630,284,346
24029,18,718,259,459
24031,0,1052567,508919,543648
24031,1,65806,33516,32290
24031,2,67435,34723,32712
24031,3,69549,35634,33915
24031,4,64202,32797,31405
24031,5,59609,30169,29440
24031,6,63759,31978,31781
24031,7,69968,34208,35760
24031,8,74831,36436,38395
24031,9,69955,33681,36274
24031,10,73111,35044,38067
24031,11,72723,34654,38069
24031,12,72809,34567,38242
24031,13,65294,30906,34388
24031,14,52500,24183,28317
24031,15,40161,18156,22005
24031,16,27871,11997,15874
24031,17,18681,7799,10882
24031,18,24303,8471,15832
24033,0,909308,437746,471562
24033,1,59457,30333,29124
24033,2,56927,28785,28142
24033,3,54416,27679,26737
24033,4,58112,29647,28465
24033,5,60937,30768,30169
24033,6,68526,34789,33737
24033,7,64614,32075,32539
24033,8,64263,31910,32353
24033,9,57736,28363,29373
24033,10,61749,29509,32240
24033,11,63919,29734,34185
24033,12,63955,29645,34310
24033,13,54097,24518,29579
24033,14,44268,19070,25198
24033,15,31714,13519,18195
24033,16,20482,8596,11886
24033,17,12307,4923,7384
24033,18,11829,3883,7946
24035,0,50251,24945,25306
24035,1,2545,1301,1244
24035,2,2956,1547,1409
24035,3,3260,1637,1623
24035,4,3125,1592,1533
24035,5,2601,1387,1214
24035,6,2650,1332,1318
24035,7,2632,1341,1291
24035,8,2786,1336,1450
24035,9,2672,1302,1370
24035,10,3431,1686,1745
24035,11,4227,2104,2123
24035,12,4211,2120,2091
24035,13,3693,1813,1880
24035,14,2914,1439,1475
24035,15,2705,1254,1451
24035,16,1889,905,984
24035,17,966,442,524
24035,18,988,407,581
24037,0,112664,56159,56505
24037,1,7162,3663,3499
24037,2,7554,3827,3727
24037,3,7857,3953,3904
24037,4,7743,3868,3875
24037,5,7297,3717,3580
24037,6,7964,4109,3855
24037,7,7923,3986,3937
24037,8,7381,3701,3680
24037,9,6627,3309,3318
24037,10,7361,3599,3762
24037,11,8378,4133,4245
24037,12,8231,4193,4038
24037,13,6456,3242,3214
24037,14,4894,2305,2589
24037,15,3844,1843,2001
24037,16,2675,1266,1409
24037,17,1692,766,926
24037,18,1625,679,946
24039,0,25675,13878,11797
24039,1,1248,653,595
24039,2,1265,643,622
24039,3,1155,588,567
24039,4,1999,987,1012
24039,5,3019,1699,1320
24039,6,1879,1173,706
24039,7,1544,981,563
24039,8,1478,898,580
24039,9,1420,865,555
24039,10,1429,844,585
24039,11,1515,818,697
24039,12,1737,899,838
24039,13,1635,808,827
24039,14,1475,737,738
24039,15,1050,524,526
24039,16,761,362,399
24039,17,541,232,309
24039,18,525,167,358
24041,0,36968,17461,19507
24041,1,1714,871,843
24041,2,1858,938,920
24041,3,1964,990,974
24041,4,1817,949,868
24041,5,1577,778,799
24041,6,1886,946,940
24041,7,1768,849,919
24041,8,1826,907,919
24041,9,1618,759,859
24041,10,2054,984,1070
24041,11,2397,1088,1309
24041,12,2761,1308,1453
24041,13,2924,1299,1625
24041,14,2866,1253,1613
24041,15,2761,1270,1491
24041,16,2242,1025,1217
24041,17,1399,649,750
24041,18,1536,598,938
24043,0,150926,76833,74093
24043,1,8584,4368,4216
24043,2,9032,4615,4417
24043,3,9478,4862,4616
24043,4,9216,4811,4405
24043,5,8871,4996,3875
24043,6,10184,5601,4583
24043,7,9611,5117,4494
24043,8,9374,4975,4399
24043,9,8895,4796,4099
24043,10,10602,5611,4991
24043,11,10775,5454,5321
24043,12,10660,5343,5317
24043,13,9638,4771,4867
24043,14,8116,3883,4233
24043,15,6402,2980,3422
24043,16,4662,2046,2616
24043,17,3210,1298,1912
24043,18,3616,1306,2310
24045,0,103195,48895,54300
24045,1,6255,3109,3146
24045,2,6176,3187,2989
24045,3,6362,3206,3156
24045,4,9221,4405,4816
24045,5,10033,4688,5345
24045,6,6812,3248,3564
24045,7,5614,2761,2853
24045,8,5920,2829,3091
24045,9,5364,2552,2812
24045,10,5785,2786,2999
24045,11,6155,2905,3250
24045,12,6602,3051,3551
24045,13,6498,3028,3470
24045,14,5285,2485,2800
24045,15,4333,1941,2392
24045,16,2979,1319,1660
24045,17,1813,702,1111
24045,18,1988,693,1295
24047,0,51823,25127,26696
24047,1,2176,1115,1061
24047,2,2469,1248,1221
24047,3,2623,1346,1277
24047,4,2545,1298,1247
24047,5,2544,1297,1247
24047,6,2769,1402,1367
24047,7,2598,1279,1319
24047,8,2419,1216,1203
24047,9,2400,1161,1239
24047,10,2974,1473,1501
24047,11,3529,1676,1853
24047,12,4170,2009,2161
24047,13,4186,1979,2207
24047,14,4229,1999,2230
24047,15,3879,1822,2057
24047,16,2756,1304,1452
24047,17,1938,908,1030
24047,18,1619,595,1024
24510,0,602495,282375,320120
24510,1,37992,19458,18534
24510,2,34379,17277,17102
24510,3,32589,16523,16066
24510,4,34709,16896,17813
24510,5,40785,19499,21286
24510,6,60669,29044,31625
24510,7,54814,26271,28543
24510,8,42670,20092,22578
24510,9,32944,15642,17302
24510,10,33248,15713,17535
24510,11,36781,17411,19370
24510,12,40008,18275,21733
24510,13,36520,16227,20293
24510,14,29680,12928,16752
24510,15,20556,8646,11910
24510,16,14128,5662,8466
24510,17,9361,3463,5898
24510,18,10662,3348,7314
25001,0,213413,102092,111321
25001,1,7852,4030,3822
25001,2,8426,4293,4133
25001,3,9599,4837,4762
25001,4,10302,5519,4783
25001,5,10880,5986,4894
25001,6,9918,5152,4766
25001,7,9170,4585,4585
25001,8,9639,4930,4709
25001,9,8951,4346,4605
25001,10,11443,5426,6017
25001,11,14367,6741,7626
25001,12,18134,8524,9610
25001,13,19433,8857,10576
25001,14,19676,9028,10648
25001,15,17400,8062,9338
25001,16,11906,5306,6600
25001,17,7677,3335,4342
25001,18,8640,3135,5505
25003,0,126348,61187,65161
25003,1,5292,2727,2565
25003,2,5603,2892,2711
25003,3,6273,3131,3142
25003,4,7752,3858,3894
25003,5,8424,4239,4185
25003,6,6846,3524,3322
25003,7,6728,3407,3321
25003,8,6852,3389,3463
25003,9,6245,3117,3128
25003,10,7483,3611,3872
25003,11,8936,4360,4576
25003,12,10347,5008,5339
25003,13,10169,4777,5392
25003,14,9178,4361,4817
25003,15,7415,3538,3877
25003,16,5090,2260,2830
25003,17,3432,1514,1918
25003,18,4283,1474,2809
25005,0,564022,273143,290879
25005,1,29376,14892,14484
25005,2,31768,16172,15596
25005,3,33980,17283,16697
25005,4,35564,18060,17504
25005,5,36761,18602,18159
25005,6,37127,18620,18507
25005,7,36001,17711,18290
25005,8,34901,17110,17791
25005,9,33504,16335,17169
25005,10,38461,18582,19879
25005,11,41833,20528,21305
25005,12,41951,20195,21756
25005,13,37331,17967,19364
25005,14,30227,14153,16074
25005,15,24407,11133,13274
25005,16,16112,6989,9123
25005,17,11021,4486,6535
25005,18,13697,4325,9372
25007,0,17352,8557,8795
25007,1,816,403,413
25007,2,848,437,411
25007,3,860,454,406
25007,4,807,415,392
25007,5,835,429,406
25007,6,875,462,413
25007,7,989,501,488
25007,8,982,495,487
25007,9,965,500,465
25007,10,1072,542,530
25007,11,1234,606,628
25007,12,1422,703,719
25007,13,1428,684,744
25007,14,1490,674,816
25007,15,1210,585,625
25007,16,720,342,378
25007,17,371,167,204
25007,18,428,158,270
25009,0,790638,381264,409374
25009,1,44361,22713,21648
25009,2,45664,23454,22210
25009,3,47846,24412,23434
25009,4,52006,26420,25586
25009,5,51386,25982,25404
25009,6,49493,25029,24464
25009,7,48996,24174,24822
25009,8,48873,23638,25235
25009,9,45450,21942,23508
25009,10,51660,24550,27110
25009,11,57113,27171,29942
25009,12,59372,28418,30954
25009,13,53622,25400,28222
25009,14,43810,20395,23415
25009,15,33837,15362,18475
25009,16,22444,9731,12713
25009,17,15496,6210,9286
25009,18,19209,6263,12946
25011,0,70963,34435,36528
25011,1,3108,1575,1533
25011,2,3389,1714,1675
25011,3,3601,1845,1756
25011,4,3568,1865,1703
25011,5,3662,1827,1835
25011,6,4170,2103,2067
25011,7,4321,2209,2112
25011,8,4341,2181,2160
25011,9,3942,1917,2025
25011,10,4451,2143,2308
25011,11,4770,2289,2481
25011,12,5832,2780,3052
25011,13,6184,2932,3252
25011,14,5759,2701,3058
25011,15,4169,2007,2162
25011,16,2405,1134,1271
25011,17,1473,607,866
25011,18,1818,606,1212
25013,0,470406,227388,243018
25013,1,25624,13294,12330
25013,2,27638,14186,13452
25013,3,29386,15162,14224
25013,4,32908,16817,16091
25013,5,34438,17465,16973
25013,6,32674,16728,15946
25013,7,30374,14962,15412
25013,8,28169,13426,14743
25013,9,25887,12074,13813
25013,10,28867,13594,15273
25013,11,31122,14866,16256
25013,12,33231,15923,17308
25013,13,31039,14948,16091
25013,14,25298,11777,13521
25013,15,19691,9006,10685
25013,16,13355,5776,7579
25013,17,9084,3651,5433
25013,18,11621,3733,7888
25015,0,161355,75345,86010
25015,1,5450,2856,2594
25015,2,6302,3199,3103
25015,3,7066,3598,3468
25015,4,17824,7695,10129
25015,5,24495,11085,13410
25015,6,8924,4439,4485
25015,7,8151,4075,4076
25015,8,8163,3889,4274
25015,9,7486,3555,3931
25015,10,8600,4112,4488
25015,11,9730,4655,5075
25015,12,10777,5043,5734
25015,13,10579,4881,5698
25015,14,9616,4437,5179
25015,15,7263,3417,3846
25015,16,4457,2008,2449
25015,17,2879,1181,1698
25015,18,3593,1220,2373
25017,0,1614714,790488,824226
25017,1,85768,43807,41961
25017,2,87446,44610,42836
25017,3,89258,45488,43770
25017,4,103339,52642,50697
25017,5,113633,57287,56346
25017,6,126294,64467,61827
25017,7,124898,62922,61976
25017,8,111856,55999,55857
25017,9,100171,49296,50875
25017,10,105915,51842,54073
25017,11,110678,53978,56700
25017,12,110979,54372,56607
25017,13,98091,47032,51059
25017,14,78734,36681,42053
25017,15,60843,27637,33206
25017,16,41868,18047,23821
25017,17,29444,12095,17349
25017,18,35499,12286,23213
25019,0,11327,5769,5558
25019,1,728,370,358
25019,2,663,345,318
25019,3,670,298,372
25019,4,510,261,249
25019,5,596,290,306
25019,6,737,365,372
25019,7,869,450,419
25019,8,871,469,402
25019,9,830,489,341
25019,10,877,477,400
25019,11,800,419,381
25019,12,785,396,389
25019,13,711,334,377
25019,14,604,296,308
25019,15,407,205,202
25019,16,262,120,142
25019,17,188,98,90
25019,18,219,87,132
25021,0,705388,339234,366154
25021,1,37729,19183,18546
25021,2,39563,20224,19339
25021,3,42875,21640,21235
25021,4,45549,23019,22530
25021,5,43826,21322,22504
25021,6,44486,21995,22491
25021,7,46310,22675,23635
25021,8,45590,22335,23255
25021,9,43215,21120,22095
25021,10,47639,23026,24613
25021,11,51369,24808,26561
25021,12,52259,25297,26962
25021,13,46096,21947,24149
25021,14,37201,17321,19880
25021,15,28815,12931,15884
25021,16,20108,8520,11588
25021,17,14532,5832,8700
25021,18,18226,6039,12187
25023,0,518132,251872,266260
25023,1,27491,14031,13460
25023,2,29244,15020,14224
25023,3,32733,16905,15828
25023,4,34202,17322,16880
25023,5,31435,15778,15657
25023,6,28323,14569,13754
25023,7,28729,14087,14642
25023,8,29778,14672,15106
25023,9,29484,14499,14985
25023,10,35920,17318,18602
25023,11,39812,19255,20557
25023,12,40436,19658,20778
25023,13,36681,17405,19276
25023,14,30659,14351,16308
25023,15,25046,11439,13607
25023,16,16586,7489,9097
25023,17,10166,4265,5901
25023,18,11407,3809,7598
25025,0,807252,390083,417169
25025,1,41899,21220,20679
25025,2,36103,18315,17788
25025,3,34443,17413,17030
25025,4,54683,26236,28447
25025,5,77219,36943,40276
25025,6,103854,51199,52655
25025,7,85281,42589,42692
25025,8,58775,29560,29215
25025,9,45400,22546,22854
25025,10,44489,21794,22695
25025,11,44519,21720,22799
25025,12,44078,21292,22786
25025,13,39858,18580,21278
25025,14,31964,14659,17305
25025,15,23585,10163,13422
25025,16,16217,6867,9350
25025,17,11537,4567,6970
25025,18,13348,4420,8928
25027,0,830839,409671,421168
25027,1,44667,23028,21639
25027,2,47353,24260,23093
25027,3,50552,25897,24655
25027,4,56392,28637,27755
25027,5,56477,28553,27924
25027,6,54139,27924,26215
25027,7,54236,27154,27082
25027,8,51291,25663,25628
25027,9,49041,24062,24979
25027,10,56916,28044,28872
25027,11,61455,30350,31105
25027,12,62871,31070,31801
25027,13,55471,27269,28202
25027,14,43034,20769,22265
25027,15,32491,15283,17208
25027,16,21807,9683,12124
25027,17,14782,6072,8710
25027,18,17864,5953,11911
26001,0,10362,5224,5138
26001,1,314,157,157
26001,2,356,166,190
26001,3,378,186,192
26001,4,392,220,172
26001,5,378,204,174
26001,6,390,222,168
26001,7,326,156,170
26001,8,404,199,205
26001,9,386,197,189
26001,10,515,252,263
26001,11,710,362,348
26001,12,925,444,481
26001,13,1175,597,578
26001,14,1068,542,526
26001,15,957,490,467
26001,16,857,453,404
26001,17,470,231,239
26001,18,361,146,215
26003,0,9097,5033,4064
26003,1,333,171,162
26003,2,354,173,181
26003,3,394,196,198
26003,4,449,232,217
26003,5,483,347,136
26003,6,505,347,158
26003,7,513,346,167
26003,8,537,344,193
26003,9,487,291,196
26003,10,492,292,200
26003,11,608,319,289
26003,12,767,389,378
26003,13,840,424,416
26003,14,803,419,384
26003,15,595,319,276
26003,16,422,211,211
26003,17,273,127,146
26003,18,242,86,156
26005,0,117327,58615,58712
26005,1,7283,3732,3551
26005,2,7896,3974,3922
26005,3,8315,4311,4004
26005,4,7577,3893,3684
26005,5,6490,3348,3142
26005,6,7055,3606,3449
26005,7,6923,3448,3475
26005,8,7152,3595,3557
26005,9,6763,3395,3368
26005,10,7452,3743,3709
26005,11,7979,4026,3953
26005,12,8837,4436,4401
26005,13,8191,4082,4109
26005,14,6866,3342,3524
26005,15,4947,2431,2516
26005,16,3505,1624,1881
26005,17,2092,941,1151
26005,18,2004,688,1316
26007,0,28360,13976,14384
26007,1,1348,650,698
26007,2,1409,746,663
26007,3,1513,753,760
26007,4,1564,824,740
26007,5,1379,713,666
26007,6,1586,829,757
26007,7,1403,743,660
26007,8,1604,826,778
26007,9,1470,720,750
26007,10,1628,793,835
26007,11,1923,951,972
26007,12,2400,1178,1222
26007,13,2486,1222,1264
26007,14,2044,992,1052
26007,15,1617,794,823
26007,16,1236,570,666
26007,17,853,367,486
26007,18,897,305,592
26009,0,23365,11617,11748
26009,1,1076,526,550
26009,2,1041,571,470
26009,3,1305,652,653
26009,4,1232,619,613
26009,5,1079,559,520
26009,6,1104,586,518
26009,7,1065,520,545
26009,8,1063,534,529
26009,9,1038,553,485
26009,10,1251,623,628
26009,11,1589,764,825
26009,12,1965,962,1003
26009,13,2215,1083,1132
26009,14,2019,1018,1001
26009,15,1664,807,857
26009,16,1214,614,600
26009,17,770,366,404
26009,18,675,260,415
26011,0,15041,7584,7457
26011,1,721,369,352
26011,2,704,368,336
26011,3,808,388,420
26011,4,757,398,359
26011,5,696,371,325
26011,6,791,419,372
26011,7,692,326,366
26011,8,791,408,383
26011,9,720,360,360
26011,10,848,444,404
26011,11,970,475,495
26011,12,1366,675,691
26011,13,1430,749,681
26011,14,1280,647,633
26011,15,948,477,471
26011,16,699,345,354
26011,17,439,212,227
26011,18,381,153,228
26013,0,8320,4586,3734
26013,1,328,149,179
26013,2,405,198,207
26013,3,451,228,223
26013,4,457,250,207
26013,5,492,317,175
26013,6,514,360,154
26013,7,477,317,160
26013,8,503,331,172
26013,9,462,276,186
26013,10,542,280,262
26013,11,579,303,276
26013,12,626,351,275
26013,13,644,338,306
26013,14,620,307,313
26013,15,444,228,216
26013,16,360,180,180
26013,17,203,97,106
26013,18,213,76,137
26015,0,61157,30784,30373
26015,1,3380,1732,1648
26015,2,3692,1865,1827
26015,3,4010,2081,1929
26015,4,3877,2013,1864
26015,5,3357,1774,1583
26015,6,3490,1755,1735
26015,7,3440,1760,1680
26015,8,3582,1819,1763
26015,9,3420,1714,1706
26015,10,3831,1903,1928
26015,11,4269,2193,2076
26015,12,4954,2513,2441
26015,13,4601,2343,2258
26015,14,3768,1889,1879
26015,15,2984,1449,1535
26015,16,2073,1005,1068
26015,17,1262,569,693
26015,18,1167,407,760
26017,0,103923,51068,52855
26017,1,5245,2632,2613
26017,2,5603,2912,2691
26017,3,6303,3257,3046
26017,4,6023,3141,2882
26017,5,5846,2981,2865
26017,6,6847,3507,3340
26017,7,5900,3024,2876
26017,8,6082,3037,3045
26017,9,5774,2931,2843
26017,10,6302,3136,3166
26017,11,6923,3516,3407
26017,12,8004,3833,4171
26017,13,7876,3762,4114
26017,14,6811,3282,3529
26017,15,5249,2467,2782
26017,16,3826,1723,2103
26017,17,2518,1085,1433
26017,18,2791,842,1949
26019,0,17753,8814,8939
26019,1,835,451,384
26019,2,827,426,401
26019,3,952,474,478
26019,4,937,497,440
26019,5,767,395,372
26019,6,919,469,450
26019,7,907,459,448
26019,8,902,453,449
26019,9,845,415,430
26019,10,989,487,502
26019,11,1146,558,588
26019,12,1463,701,762
26019,13,1625,803,822
26019,14,1422,712,710
26019,15,1254,611,643
26019,16,860,431,429
26019,17,576,265,311
26019,18,527,207,320
26021,0,154141,75450,78691
26021,1,8807,4496,4311
26021,2,9309,4749,4560
26021,3,9657,4877,4780
26021,4,9466,4851,4615
26021,5,8852,4493,4359
26021,6,9459,4895,4564
26021,7,8690,4300,4390
26021,8,8997,4381,4616
26021,9,8440,4289,4151
26021,10,9496,4711,4785
26021,11,9956,4891,5065
26021,12,11443,5591,5852
26021,13,11167,5404,5763
26021,14,9731,4564,5167
26021,15,7551,3508,4043
26021,16,5473,2484,2989
26021,17,3659,1547,2112
26021,18,3988,1419,2569
26023,0,43622,22485,21137
26023,1,2628,1318,1310
26023,2,2753,1407,1346
26023,3,2953,1474,1479
26023,4,2721,1435,1286
26023,5,2397,1274,1123
26023,6,2641,1442,1199
26023,7,2547,1377,1170
26023,8,2675,1465,1210
26023,9,2471,1382,1089
26023,10,2778,1526,1252
26023,11,2785,1510,1275
26023,12,3234,1653,1581
26023,13,3107,1578,1529
26023,14,2564,1279,1285
26023,15,2068,984,1084
26023,16,1485,680,805
26023,17,992,423,569
26023,18,823,278,545
26025,0,134487,65817,68670
26025,1,8362,4333,4029
26025,2,8336,4287,4049
26025,3,8723,4436,4287
26025,4,8943,4633,4310
26025,5,8517,4287,4230
26025,6,8764,4351,4413
26025,7,7757,3821,3936
26025,8,8236,4018,4218
26025,9,7458,3703,3755
26025,10,8387,4090,4297
26025,11,8427,4164,4263
26025,12,9555,4716,4839
26025,13,9035,4336,4699
26025,14,7874,3769,4105
26025,15,5822,2729,3093
26025,16,4252,1820,2432
26025,17,2909,1249,1660
26025,18,3130,1075,2055
26027,0,51653,25919,25734
26027,1,2508,1283,1225
26027,2,2902,1526,1376
26027,3,3240,1702,1538
26027,4,3200,1597,1603
26027,5,2825,1484,1341
26027,6,2724,1431,1293
26027,7,2592,1334,1258
26027,8,2908,1453,1455
26027,9,2723,1348,1375
26027,10,3372,1705,1667
26027,11,3695,1829,1866
26027,12,4050,2077,1973
26027,13,4052,2002,2050
26027,14,3719,1820,1899
26027,15,2962,1457,1505
26027,16,2062,979,1083
26027,17,1119,526,593
26027,18,1000,366,634
26029,0,26244,12988,13256
26029,1,1115,545,570
26029,2,1338,695,643
26029,3,1519,755,764
26029,4,1508,768,740
26029,5,1340,679,661
26029,6,1308,682,626
26029,7,1304,684,620
26029,8,1401,707,694
26029,9,1245,623,622
26029,10,1437,705,732
26029,11,1790,913,877
26029,12,2221,1089,1132
26029,13,2319,1112,1207
26029,14,2078,1008,1070
26029,15,1704,810,894
26029,16,1205,601,604
26029,17,703,342,361
26029,18,709,270,439
26031,0,25413,12673,12740
26031,1,1006,518,488
26031,2,1037,550,487
26031,3,1279,661,618
26031,4,1314,711,603
26031,5,1231,645,586
26031,6,1238,649,589
26031,7,1150,586,564
26031,8,1214,608,606
26031,9,1244,598,646
26031,10,1545,785,760
26031,11,1721,870,851
26031,12,2102,1005,1097
26031,13,2405,1125,1280
26031,14,2279,1163,1116
26031,15,1795,885,910
26031,16,1305,643,662
26031,17,814,391,423
26031,18,734,280,454
26033,0,37517,20711,16806
26033,1,1795,882,913
26033,2,1900,968,932
26033,3,1977,1020,957
26033,4,2226,1193,1033
26033,5,3410,1895,1515
26033,6,2536,1563,973
26033,7,2437,1604,833
26033,8,2441,1552,889
26033,9,2265,1399,866
26033,10,2275,1388,887
26033,11,2349,1327,1022
26033,12,2627,1379,1248
26033,13,2537,1277,1260
26033,14,2161,1108,1053
26033,15,1677,850,827
26033,16,1307,602,705
26033,17,821,398,423
26033,18,776,306,470
26035,0,30757,15375,15382
26035,1,1653,843,810
26035,2,1639,832,807
26035,3,1758,908,850
26035,4,1628,864,764
26035,5,1503,795,708
26035,6,1701,844,857
26035,7,1519,748,771
26035,8,1529,782,747
26035,9,1595,808,787
26035,10,1721,871,850
26035,11,2029,1007,1022
26035,12,2492,1218,1274
26035,13,2649,1308,1341
26035,14,2464,1195,1269
26035,15,1937,947,990
26035,16,1391,707,684
26035,17,844,426,418
26035,18,705,272,433
26037,0,79332,39234,40098
26037,1,4452,2288,2164
26037,2,4754,2374,2380
26037,3,5286,2651,2635
26037,4,4989,2611,2378
26037,5,4913,2524,2389
26037,6,4963,2522,2441
26037,7,4627,2300,2327
26037,8,5031,2512,2519
26037,9,4720,2348,2372
26037,10,5151,2461,2690
26037,11,5724,2817,2907
26037,12,5810,2924,2886
26037,13,5470,2662,2808
26037,14,4559,2198,2361
26037,15,3396,1636,1760
26037,16,2434,1169,1265
26037,17,1528,689,839
26037,18,1525,548,977
26039,0,13901,7062,6839
26039,1,643,325,318
26039,2,638,334,304
26039,3,728,386,342
26039,4,722,349,373
26039,5,610,325,285
26039,6,686,341,345
26039,7,625,318,307
26039,8,705,352,353
26039,9,575,274,301
26039,10,834,433,401
26039,11,994,502,492
26039,12,1309,653,656
26039,13,1262,662,600
26039,14,1152,627,525
26039,15,904,439,465
26039,16,696,361,335
26039,17,437,211,226
26039,18,381,170,211
26041,0,35857,17808,18049
26041,1,1782,920,862
26041,2,1967,1006,961
26041,3,1998,1027,971
26041,4,2067,1052,1015
26041,5,1697,871,826
26041,6,1816,926,890
26041,7,1685,860,825
26041,8,1960,990,970
26041,9,1838,952,886
26041,10,2074,1060,1014
26041,11,2332,1155,1177
26041,12,2873,1455,1418
26041,13,3103,1520,1583
26041,14,2877,1397,1480
26041,15,2039,1030,1009
26041,16,1454,682,772
26041,17,1085,497,588
26041,18,1210,408,802
26043,0,25383,12723,12660
26043,1,1389,712,677
26043,2,1361,692,669
26043,3,1449,760,689
26043,4,1424,710,714
26043,5,1303,739,564
26043,6,1310,683,627
26043,7,1372,703,669
26043,8,1450,719,731
26043,9,1252,647,605
26043,10,1424,704,720
26043,11,1765,915,850
26043,12,2082,987,1095
26043,13,2196,1102,1094
26043,14,1690,883,807
26043,15,1367,659,708
26043,16,970,459,511
26043,17,686,304,382
26043,18,893,345,548
26045,0,109826,53971,55855
26045,1,5886,3069,2817
26045,2,6236,3178,3058
26045,3,6334,3242,3092
26045,4,6953,3589,3364
26045,5,6911,3546,3365
26045,6,7300,3749,3551
26045,7,6985,3542,3443
26045,8,6726,3314,3412
26045,9,6099,3030,3069
26045,10,6623,3266,3357
26045,11,7340,3453,3887
26045,12,8163,3948,4215
26045,13,7866,3782,4084
26045,14,6837,3297,3540
26045,15,5437,2557,2880
26045,16,3565,1617,1948
26045,17,2276,943,1333
26045,18,2289,849,1440
26047,0,33308,16414,16894
26047,1,1587,817,770
26047,2,1683,856,827
26047,3,1885,994,891
26047,4,1963,1011,952
26047,5,1831,929,902
26047,6,1927,1004,923
26047,7,1855,911,944
26047,8,1803,890,913
26047,9,1807,866,941
26047,10,1954,1019,935
26047,11,2140,1041,1099
26047,12,2598,1263,1335
26047,13,2770,1309,1461
26047,14,2631,1263,1368
26047,15,1823,893,930
26047,16,1341,676,665
26047,17,806,366,440
26047,18,904,306,598
26049,0,406892,196242,210650
26049,1,23984,12198,11786
26049,2,24812,12708,12104
26049,3,26338,13557,12781
26049,4,26159,13513,12646
26049,5,25162,12613,12549
26049,6,27507,13479,14028
26049,7,22503,10965,11538
26049,8,23961,11396,12565
26049,9,23208,11136,12072
26049,10,26490,12731,13759
26049,11,27305,13213,14092
26049,12,29595,14010,15585
26049,13,28732,13706,15026
26049,14,22924,10628,12296
26049,15,18199,8294,9905
26049,16,12511,5515,6996
26049,17,8628,3478,5150
26049,18,8874,3102,5772
26051,0,25337,12814,12523
26051,1,1353,668,685
26051,2,1242,701,541
26051,3,1291,678,613
26051,4,1359,692,667
26051,5,1098,578,520
26051,6,1265,666,599
26051,7,1130,597,533
26051,8,1179,616,563
26051,9,1171,584,587
26051,10,1463,722,741
26051,11,1721,877,844
26051,12,2070,1054,1016
26051,13,2226,1087,1139
26051,14,2186,1054,1132
26051,15,1755,917,838
26051,16,1338,657,681
26051,17,827,402,425
26051,18,663,264,399
26053,0,15096,8126,6970
26053,1,596,309,287
26053,2,652,333,319
26053,3,695,359,336
26053,4,712,385,327
26053,5,834,522,312
26053,6,858,510,348
26053,7,801,488,313
26053,8,838,501,337
26053,9,780,469,311
26053,10,886,491,395
26053,11,1002,548,454
26053,12,1245,619,626
26053,13,1291,693,598
26053,14,1232,666,566
26053,15,968,499,469
26053,16,666,327,339
26053,17,450,207,243
26053,18,590,200,390
26055,0,92573,45296,47277
26055,1,4855,2485,2370
26055,2,5044,2627,2417
26055,3,5480,2784,2696
26055,4,5321,2723,2598
26055,5,4973,2540,2433
26055,6,5780,2985,2795
26055,7,5772,2856,2916
26055,8,5850,2954,2896
26055,9,5096,2495,2601
26055,10,5691,2860,2831
26055,11,5889,2867,3022
26055,12,7102,3384,3718
26055,13,7293,3479,3814
26055,14,6354,3097,3257
26055,15,4708,2212,2496
26055,16,3051,1339,1712
26055,17,2020,850,1170
26055,18,2294,759,1535
26057,0,40599,21804,18795
26057,1,1940,1056,884
26057,2,2216,1122,1094
26057,3,2294,1164,1130
26057,4,2896,1472,1424
26057,5,3124,1845,1279
26057,6,2822,1732,1090
26057,7,2502,1511,991
26057,8,2650,1550,1100
26057,9,2454,1476,978
26057,10,2590,1496,1094
26057,11,2691,1463,1228
26057,12,2813,1465,1348
26057,13,2501,1269,1232
26057,14,2176,1043,1133
26057,15,1712,834,878
26057,16,1271,558,713
26057,17,855,372,483
26057,18,1092,376,716
26059,0,45749,22763,22986
26059,1,2727,1392,1335
26059,2,2567,1295,1272
26059,3,2855,1464,1391
26059,4,3227,1637,1590
26059,5,2912,1473,1439
26059,6,2509,1279,1230
26059,7,2283,1163,1120
26059,8,2469,1198,1271
26059,9,2473,1236,1237
26059,10,2791,1445,1346
26059,11,2932,1496,1436
26059,12,3428,1733,1695
26059,13,3601,1762,1839
26059,14,2963,1487,1476
26059,15,2252,1040,1212
26059,16,1719,867,852
26059,17,1041,466,575
26059,18,1000,330,670
26061,0,36219,19588,16631
26061,1,1845,933,912
26061,2,1982,1032,950
26061,3,2172,1132,1040
26061,4,3677,2202,1475
26061,5,5464,3627,1837
26061,6,2011,1116,895
26061,7,1638,901,737
26061,8,1755,890,865
26061,9,1653,847,806
26061,10,1662,871,791
26061,11,1819,897,922
26061,12,2073,1048,1025
26061,13,2130,1084,1046
26061,14,2041,1046,995
26061,15,1564,789,775
26061,16,1156,537,619
26061,17,727,327,400
26061,18,850,309,541
26063,0,31166,15439,15727
26063,1,1568,784,784
26063,2,1635,826,809
26063,3,1696,863,833
26063,4,1715,868,847
26063,5,1544,823,721
26063,6,1517,780,737
26063,7,1477,761,716
26063,8,1611,842,769
26063,9,1396,724,672
26063,10,1819,896,923
26063,11,2088,1046,1042
26063,12,2540,1254,1286
26063,13,2747,1351,1396
26063,14,2428,1225,1203
26063,15,1893,921,972
26063,16,1486,699,787
26063,17,999,417,582
26063,18,1007,359,648
26065,0,292735,142571,150164
26065,1,16584,8398,8186
26065,2,15900,8030,7870
26065,3,16001,8182,7819
26065,4,25801,12597,13204
26065,5,39865,19857,20008
26065,6,23569,12018,11551
26065,7,18308,9364,8944
26065,8,17686,8794,8892
26065,9,15105,7412,7693
26065,10,15659,7605,8054
26065,11,15490,7520,7970
26065,12,16728,7944,8784
26065,13,16580,7653,8927
26065,14,13974,6429,7545
26065,15,10037,4612,5425
26065,16,6665,2930,3735
26065,17,4031,1639,2392
26065,18,4752,1587,3165
26067,0,64210,34441,29769
26067,1,3693,1887,1806
26067,2,3882,2002,1880
26067,3,4231,2150,2081
26067,4,3967,2168,1799
26067,5,4418,2687,1731
26067,6,4618,2757,1861
26067,7,4153,2390,1763
26067,8,4269,2421,1848
26067,9,4107,2298,1809
26067,10,4348,2440,1908
26067,11,4361,2348,2013
26067,12,4571,2385,2186
26067,13,4115,2073,2042
26067,14,3310,1664,1646
26067,15,2541,1232,1309
26067,16,1662,763,899
26067,17,1032,426,606
26067,18,932,350,582
26069,0,25081,12437,12644
26069,1,1114,580,534
26069,2,1096,546,550
26069,3,1167,567,600
26069,4,1154,587,567
26069,5,1066,568,498
26069,6,1241,640,601
26069,7,1118,572,546
26069,8,1128,580,548
26069,9,1075,518,557
26069,10,1337,665,672
26069,11,1617,823,794
26069,12,2110,1005,1105
26069,13,2437,1220,1217
26069,14,2307,1154,1153
26069,15,1888,926,962
26069,16,1456,717,739
26069,17,961,437,524
26069,18,809,332,477
26071,0,11117,5548,5569
26071,1,483,240,243
26071,2,510,254,256
26071,3,516,253,263
26071,4,521,276,245
26071,5,441,216,225
26071,6,442,236,206
26071,7,431,209,222
26071,8,520,263,257
26071,9,513,273,240
26071,10,544,282,262
26071,11,680,334,346
26071,12,985,486,499
26071,13,1129,583,546
26071,14,1076,578,498
26071,15,805,427,378
26071,16,572,285,287
26071,17,389,167,222
26071,18,560,186,374
26073,0,70562,34331,36231
26073,1,3257,1666,1591
26073,2,3289,1665,1624
26073,3,3501,1791,1710
26073,4,7819,3500,4319
26073,5,13455,6358,7097
26073,6,5119,2733,2386
26073,7,3724,1936,1788
26073,8,3738,1942,1796
26073,9,3196,1602,1594
26073,10,3326,1664,1662
26073,11,3555,1772,1783
26073,12,3870,1885,1985
26073,13,3804,1796,2008
26073,14,3175,1556,1619
26073,15,2107,999,1108
26073,16,1559,702,857
26073,17,1036,446,590
26073,18,1032,318,714
26075,0,158823,81111,77712
26075,1,8967,4581,4386
26075,2,9252,4810,4442
26075,3,9742,5025,4717
26075,4,9972,5165,4807
26075,5,9933,5388,4545
26075,6,10885,5811,5074
26075,7,9296,4945,4351
26075,8,9374,5023,4351
26075,9,9068,5003,4065
26075,10,10346,5419,4927
26075,11,10697,5568,5129
26075,12,11862,5965,5897
26075,13,11147,5436,5711
26075,14,9424,4663,4761
26075,15,7166,3418,3748
26075,16,4906,2243,2663
26075,17,3285,1406,1879
26075,18,3501,1242,2259
26077,0,264870,129661,135209
26077,1,15891,8122,7769
26077,2,15877,8065,7812
26077,3,15966,8164,7802
26077,4,18664,9481,9183
26077,5,31801,15637,16164
26077,6,19736,10105,9631
26077,7,16407,8382,8025
26077,8,16315,8144,8171
26077,9,14387,7108,7279
26077,10,14853,7294,7559
26077,11,14404,7086,7318
26077,12,15643,7571,8072
26077,13,15296,7259,8037
26077,14,13294,6152,7142
26077,15,9816,4538,5278
26077,16,6874,2977,3897
26077,17,4383,1800,2583
26077,18,5263,1776,3487
26079,0,17824,9146,8678
26079,1,924,469,455
26079,2,1045,556,489
26079,3,1100,547,553
26079,4,1037,575,462
26079,5,887,485,402
26079,6,1023,518,505
26079,7,1029,526,503
26079,8,1042,532,510
26079,9,999,508,491
26079,10,1065,552,513
26079,11,1227,641,586
26079,12,1414,698,716
26079,13,1405,709,696
26079,14,1232,654,578
26079,15,1025,518,507
26079,16,705,347,358
26079,17,392,199,193
26079,18,273,112,161
26081,0,653786,322336,331450
26081,1,43941,22405,21536
26081,2,43409,22454,20955
26081,3,44231,22682,21549
26081,4,43138,21843,21295
26081,5,44977,22534,22443
26081,6,54840,27637,27203
26081,7,48678,24267,24411
26081,8,44389,22230,22159
26081,9,37701,18651,19050
26081,10,38752,19267,19485
26081,11,39495,19603,19892
26081,12,42244,20689,21555
26081,13,38695,18613,20082
26081,14,30807,14688,16119
26081,15,21532,9877,11655
26081,16,14839,6530,8309
26081,17,10158,4142,6016
26081,18,11960,4224,7736
26083,0,2113,1085,1028
26083,1,89,53,36
26083,2,68,37,31
26083,3,94,41,53
26083,4,96,45,51
26083,5,65,39,26
26083,6,83,43,40
26083,7,62,29,33
26083,8,85,48,37
26083,9,89,46,43
26083,10,104,50,54
26083,11,104,50,54
26083,12,183,88,95
26083,13,214,112,102
26083,14,244,111,133
26083,15,221,133,88
26083,16,158,92,66
26083,17,90,46,44
26083,18,64,22,42
26085,0,11881,6041,5840
26085,1,524,277,247
26085,2,523,276,247
26085,3,565,275,290
26085,4,485,239,246
26085,5,480,261,219
26085,6,496,254,242
26085,7,481,247,234
26085,8,536,246,290
26085,9,543,292,251
26085,10,710,383,327
26085,11,771,383,388
26085,12,1094,522,572
26085,13,1272,624,648
26085,14,1207,631,576
26085,15,882,468,414
26085,16,608,314,294
26085,17,420,219,201
26085,18,284,130,154
26087,0,88028,44635,43393
26087,1,4245,2158,2087
26087,2,4813,2499,2314
26087,3,5450,2818,2632
26087,4,5663,2993,2670
26087,5,5075,2659,2416
26087,6,5000,2732,2268
26087,7,4490,2326,2164
26087,8,4941,2511,2430
26087,9,4907,2494,2413
26087,10,5938,2979,2959
26087,11,7065,3575,3490
26087,12,7452,3783,3669
26087,13,7026,3577,3449
26087,14,5574,2774,2800
26087,15,4226,2033,2193
26087,16,2915,1416,1499
26087,17,1738,782,956
26087,18,1510,526,984
26089,0,21764,10748,11016
26089,1,865,446,419
26089,2,956,499,457
26089,3,984,497,487
26089,4,1063,574,489
26089,5,994,488,506
26089,6,937,481,456
26089,7,943,467,476
26089,8,1022,513,509
26089,9,960,489,471
26089,10,1054,555,499
26089,11,1236,583,653
26089,12,1818,838,980
26089,13,2201,1052,1149
26089,14,2232,1089,1143
26089,15,1674,848,826
26089,16,1211,600,611
26089,17,783,387,396
26089,18,831,342,489
26091,0,98266,49663,48603
26091,1,5364,2681,2683
26091,2,5453,2821,2632
26091,3,6043,3140,2903
26091,4,6559,3467,3092
26091,5,6164,3309,2855
26091,6,5939,3178,2761
26091,7,5481,2947,2534
26091,8,5877,3112,2765
26091,9,5641,2952,2689
26091,10,6444,3357,3087
26091,11,6530,3303,3227
26091,12,7057,3508,3549
26091,13,7069,3479,3590
26091,14,6236,3013,3223
26091,15,4866,2307,2559
26091,16,3266,1471,1795
26091,17,2135,857,1278
26091,18,2142,761,1381
26093,0,191224,95837,95387
26093,1,9709,4987,4722
26093,2,10517,5420,5097
26093,3,12161,6229,5932
26093,4,12741,6629,6112
26093,5,11152,5836,5316
26093,6,10352,5480,4872
26093,7,10337,5229,5108
26093,8,10999,5551,5448
26093,9,10813,5442,5371
26093,10,13473,6670,6803
26093,11,15464,7641,7823
26093,12,16187,8161,8026
26093,13,14399,7123,7276
26093,14,11506,5576,5930
26093,15,8835,4270,4565
26093,16,5953,2906,3047
26093,17,3248,1443,1805
26093,18,3378,1244,2134
26095,0,6283,3699,2584
26095,1,252,131,121
26095,2,286,146,140
26095,3,305,171,134
26095,4,304,180,124
26095,5,377,251,126
26095,6,433,297,136
26095,7,401,283,118
26095,8,420,286,134
26095,9,406,274,132
26095,10,427,277,150
26095,11,404,246,158
26095,12,469,266,203
26095,13,507,263,244
26095,14,378,200,178
26095,15,297,166,131
26095,16,264,108,156
26095,17,188,90,98
26095,18,165,64,101
26097,0,10787,5508,5279
26097,1,436,192,244
26097,2,412,227,185
26097,3,498,265,233
26097,4,547,301,246
26097,5,521,296,225
26097,6,542,288,254
26097,7,476,265,211
26097,8,470,240,230
26097,9,518,254,264
26097,10,669,334,335
26097,11,723,392,331
26097,12,941,472,469
26097,13,1009,489,520
26097,14,1008,509,499
26097,15,728,367,361
26097,16,607,324,283
26097,17,360,179,181
26097,18,322,114,208
26099,0,874759,425844,448915
26099,1,47964,24482,23482
26099,2,49186,24997,24189
26099,3,53009,27337,25672
26099,4,52152,26830,25322
26099,5,53249,26930,26319
26099,6,63670,32246,31424
26099,7,53937,27073,26864
26099,8,52781,25811,26970
26099,9,51848,25430,26418
26099,10,59725,29155,30570
26099,11,63006,30588,32418
26099,12,65546,31957,33589
26099,13,60050,28743,31307
26099,14,47836,22518,25318
26099,15,36946,16789,20157
26099,16,26512,11412,15100
26099,17,17564,6932,10632
26099,18,19778,6614,13164
26101,0,24528,12682,11846
26101,1,1068,502,566
26101,2,1054,514,540
26101,3,1277,645,632
26101,4,1322,677,645
26101,5,1337,834,503
26101,6,1373,844,529
26101,7,1196,695,501
26101,8,1182,657,525
26101,9,1199,666,533
26101,10,1366,711,655
26101,11,1639,856,783
26101,12,1955,940,1015
26101,13,2242,1099,1143
26101,14,2073,1045,1028
26101,15,1617,813,804
26101,16,1159,549,610
26101,17,747,354,393
26101,18,722,281,441
26103,0,66516,33344,33172
26103,1,3196,1582,1614
26103,2,3403,1736,1667
26103,3,3425,1756,1669
26103,4,4688,2251,2437
26103,5,7598,3834,3764
26103,6,3997,2086,1911
26103,7,3599,1877,1722
26103,8,3938,2037,1901
26103,9,3371,1730,1641
26103,10,3540,1844,1696
26103,11,3743,1905,1838
26103,12,4480,2194,2286
26103,13,4819,2384,2435
26103,14,4363,2220,2143
26103,15,3159,1590,1569
26103,16,2059,1009,1050
26103,17,1485,662,823
26103,18,1653,647,1006
26105,0,29100,14447,14653
26105,1,1499,773,726
26105,2,1613,835,778
26105,3,1749,903,846
26105,4,1599,839,760
26105,5,1402,774,628
26105,6,1635,833,802
26105,7,1480,763,717
26105,8,1601,790,811
26105,9,1453,709,744
26105,10,1599,783,816
26105,11,1821,901,920
26105,12,2282,1100,1182
26105,13,2513,1242,1271
26105,14,2297,1147,1150
26105,15,1669,812,857
26105,16,1274,600,674
26105,17,822,361,461
26105,18,792,282,510
26107,0,43545,21849,21696
26107,1,2085,1090,995
26107,2,2154,1083,1071
26107,3,2259,1148,1111
26107,4,4246,2117,2129
26107,5,5408,2952,2456
26107,6,2630,1401,1229
26107,7,2130,1065,1065
26107,8,2081,1067,1014
26107,9,1990,987,1003
26107,10,2179,1085,1094
26107,11,2471,1222,1249
26107,12,3006,1502,1504
26107,13,2931,1414,1517
26107,14,2651,1301,1350
26107,15,2055,1003,1052
26107,16,1582,750,832
26107,17,909,390,519
26107,18,778,272,506
26109,0,22983,11696,11287
26109,1,1044,563,481
26109,2,1084,547,537
26109,3,1234,648,586
26109,4,1287,675,612
26109,5,1064,557,507
26109,6,1154,615,539
26109,7,1082,575,507
26109,8,1212,654,558
26109,9,1209,630,579
26109,10,1318,678,640
26109,11,1663,856,807
26109,12,1922,956,966
26109,13,2058,1047,1011
26109,14,1798,901,897
26109,15,1400,697,703
26109,16,1005,479,526
26109,17,677,322,355
26109,18,772,296,476
26111,0,83209,41035,42174
26111,1,4486,2277,2209
26111,2,4725,2488,2237
26111,3,5123,2564,2559
26111,4,5400,2836,2564
26111,5,4850,2464,2386
26111,6,5231,2685,2546
26111,7,5119,2651,2468
26111,8,5059,2527,2532
26111,9,4752,2354,2398
26111,10,5074,2493,2581
26111,11,6042,2997,3045
26111,12,6331,3150,3181
26111,13,5741,2801,2940
26111,14,4803,2267,2536
26111,15,3543,1627,1916
26111,16,2739,1211,1528
26111,17,2009,853,1156
26111,18,2182,790,1392
26113,0,15113,7682,7431
26113,1,950,497,453
26113,2,961,477,484
26113,3,968,500,468
26113,4,891,481,410
26113,5,787,433,354
26113,6,904,470,434
26113,7,819,418,401
26113,8,830,409,421
26113,9,705,350,355
26113,10,868,450,418
26113,11,995,479,516
26113,12,1156,607,549
26113,13,1180,613,567
26113,14,991,500,491
26113,15,821,416,405
26113,16,569,286,283
26113,17,389,171,218
26113,18,329,125,204
26115,0,150439,74251,76188
26115,1,7985,4125,3860
26115,2,8693,4457,4236
26115,3,9356,4690,4666
26115,4,9393,4808,4585
26115,5,8585,4396,4189
26115,6,9313,4757,4556
26115,7,8315,4157,4158
26115,8,8703,4342,4361
26115,9,8765,4305,4460
26115,10,9887,4954,4933
26115,11,10876,5370,5506
26115,12,11971,5948,6023
26115,13,11335,5610,5725
26115,14,9265,4587,4678
26115,15,6718,3194,3524
26115,16,4875,2175,2700
26115,17,3114,1304,1810
26115,18,3290,1072,2218
26117,0,63968,33093,30875
26117,1,3667,1833,1834
26117,2,3960,2031,1929
26117,3,4107,2118,1989
26117,4,3873,2057,1816
26117,5,3721,2086,1635
26117,6,4156,2231,1925
26117,7,3830,2093,1737
26117,8,3946,2100,1846
26117,9,3718,2051,1667
26117,10,4279,2293,1986
26117,11,4345,2290,2055
26117,12,4649,2451,2198
26117,13,4522,2255,2267
26117,14,3733,1824,1909
26117,15,2845,1384,1461
26117,16,2009,949,1060
26117,17,1382,603,779
26117,18,1226,444,782
26119,0,9265,4722,4543
26119,1,335,166,169
26119,2,357,187,170
26119,3,424,229,195
26119,4,425,238,187
26119,5,335,168,167
26119,6,349,184,165
26119,7,358,182,176
26119,8,382,184,198
26119,9,377,202,175
26119,10,478,258,220
26119,11,614,294,320
26119,12,790,374,416
26119,13,1049,531,518
26119,14,1018,539,479
26119,15,745,400,345
26119,16,561,275,286
26119,17,360,191,169
26119,18,308,120,188
26121,0,173588,86240,87348
26121,1,10560,5371,5189
26121,2,11142,5618,5524
26121,3,11372,5790,5582
26121,4,10862,5587,5275
26121,5,10430,5438,4992
26121,6,11952,6246,5706
26121,7,10736,5513,5223
26121,8,10898,5440,5458
26121,9,9988,5091,4897
26121,10,10385,5345,5040
26121,11,10988,5521,5467
26121,12,12575,6123,6452
26121,13,12176,5955,6221
26121,14,10093,4830,5263
26121,15,7568,3522,4046
26121,16,4997,2266,2731
26121,17,3352,1366,1986
26121,18,3514,1218,2296
26123,0,48892,24542,24350
26123,1,2854,1388,1466
26123,2,2889,1503,1386
26123,3,3303,1680,1623
26123,4,2990,1552,1438
26123,5,2572,1356,1216
26123,6,3000,1554,1446
26123,7,2675,1341,1334
26123,8,2697,1327,1370
26123,9,2567,1316,1251
26123,10,2850,1426,1424
26123,11,3344,1640,1704
26123,12,4038,2048,1990
26123,13,3756,1881,1875
26123,14,3155,1601,1554
26123,15,2352,1188,1164
26123,16,1750,820,930
26123,17,1128,560,568
26123,18,972,361,611
26125,0,1259201,617094,642107
26125,1,68615,35299,33316
26125,2,70392,35916,34476
26125,3,76077,38798,37279
26125,4,76678,39359,37319
26125,5,74356,38282,36074
26125,6,87139,45541,41598
26125,7,80386,40955,39431
26125,8,80321,40092,40229
26125,9,76825,37818,39007
26125,10,87655,42619,45036
26125,11,89224,43366,45858
26125,12,93481,45305,48176
26125,13,86525,41119,45406
26125,14,70464,32849,37615
26125,15,54178,24740,29438
26125,16,36484,16348,20136
26125,17,22851,9358,13493
26125,18,27550,9330,18220
26127,0,26625,13491,13134
26127,1,1492,746,746
26127,2,1729,839,890
26127,3,1809,979,830
26127,4,1654,888,766
26127,5,1480,793,687
26127,6,1442,780,662
26127,7,1386,716,670
26127,8,1443,717,726
26127,9,1368,674,694
26127,10,1463,741,722
26127,11,1734,897,837
26127,12,2097,1081,1016
26127,13,2049,995,1054
26127,14,1811,899,912
26127,15,1405,682,723
26127,16,1055,537,518
26127,17,658,304,354
26127,18,550,223,327
26129,0,20952,10439,10513
26129,1,940,482,458
26129,2,1069,540,529
26129,3,1140,584,556
26129,4,1115,554,561
26129,5,939,509,430
26129,6,1070,530,540
26129,7,952,469,483
26129,8,1043,542,501
26129,9,964,483,481
26129,10,1137,564,573
26129,11,1314,660,654
26129,12,1812,872,940
26129,13,2043,1033,1010
26129,14,1743,873,870
26129,15,1350,667,683
26129,16,1122,540,582
26129,17,629,327,302
26129,18,570,210,360
26131,0,5795,2943,2852
26131,1,154,78,76
26131,2,177,99,78
26131,3,257,131,126
26131,4,236,116,120
26131,5,190,91,99
26131,6,145,84,61
26131,7,169,91,78
26131,8,210,105,105
26131,9,221,113,108
26131,10,319,161,158
26131,11,414,198,216
26131,12,572,284,288
26131,13,634,318,316
26131,14,678,371,307
26131,15,533,280,253
26131,16,405,208,197
26131,17,290,148,142
26131,18,191,67,124
26133,0,23341,11772,11569
26133,1,1251,638,613
26133,2,1387,736,651
26133,3,1527,806,721
26133,4,1529,815,714
26133,5,1151,583,568
26133,6,1357,708,649
26133,7,1233,620,613
26133,8,1305,647,658
26133,9,1197,597,600
26133,10,1342,689,653
26133,11,1544,813,731
26133,12,1775,897,878
26133,13,1796,864,932
26133,14,1585,780,805
26133,15,1302,661,641
26133,16,925,448,477
26133,17,651,295,356
26133,18,484,175,309
26135,0,8276,4242,4034
26135,1,474,232,242
26135,2,418,230,188
26135,3,442,249,193
26135,4,412,237,175
26135,5,358,175,183
26135,6,373,182,191
26135,7,354,184,170
26135,8,369,181,188
26135,9,324,159,165
26135,10,387,198,189
26135,11,471,243,228
26135,12,785,404,381
26135,13,857,411,446
26135,14,740,389,351
26135,15,576,313,263
26135,16,452,226,226
26135,17,271,146,125
26135,18,213,83,130
26137,0,24665,12228,12437
26137,1,1313,683,630
26137,2,1475,767,708
26137,3,1486,748,738
26137,4,1482,749,733
26137,5,1350,652,698
26137,6,1490,768,722
26137,7,1308,654,654
26137,8,1317,644,673
26137,9,1210,594,616
26137,10,1491,720,771
26137,11,1796,928,868
26137,12,1851,900,951
26137,13,1883,975,908
26137,14,1748,849,899
26137,15,1332,655,677
26137,16,910,422,488
26137,17,627,294,333
26137,18,596,226,370
26139,0,290494,143564,146930
26139,1,18047,9369,8678
26139,2,19549,10014,9535
26139,3,20223,10290,9933
26139,4,24112,11682,12430
26139,5,26577,13373,13204
26139,6,18338,9264,9074
26139,7,17094,8652,8442
26139,8,18050,8982,9068
26139,9,16272,8178,8094
26139,10,16438,8231,8207
26139,11,17317,8590,8727
26139,12,18297,9008,9289
26139,13,16688,8185,8503
26139,14,14162,6767,7395
26139,15,10812,5130,5682
26139,16,7803,3592,4211
26139,17,5140,2257,2883
26139,18,5575,2000,3575
26141,0,12738,6334,6404
26141,1,521,256,265
26141,2,523,262,261
26141,3,582,286,296
26141,4,619,314,305
26141,5,534,261,273
26141,6,498,241,257
26141,7,468,244,224
26141,8,568,277,291
26141,9,571,286,285
26141,10,662,338,324
26141,11,760,369,391
26141,12,1115,548,567
26141,13,1316,657,659
26141,14,1314,682,632
26141,15,958,486,472
26141,16,747,383,364
26141,17,460,219,241
26141,18,522,225,297
26143,0,23884,11957,11927
26143,1,854,437,417
26143,2,954,503,451
26143,3,1071,542,529
26143,4,998,538,460
26143,5,881,451,430
26143,6,970,493,477
26143,7,950,449,501
26143,8,948,492,456
26143,9,934,455,479
26143,10,1241,611,630
26143,11,1509,737,772
26143,12,2103,1040,1063
26143,13,2698,1310,1388
26143,14,2501,1257,1244
26143,15,2125,1124,1001
26143,16,1501,760,741
26143,17,957,460,497
26143,18,689,298,391
26145,0,190800,92674,98126
26145,1,10920,5547,5373
26145,2,10937,5667,5270
26145,3,11519,5884,5635
26145,4,12825,6466,6359
26145,5,12498,6387,6111
26145,6,13128,6656,6472
26145,7,10696,5364,5332
26145,8,10604,5249,5355
26145,9,10157,5034,5123
26145,10,11402,5479,5923
26145,11,12373,6112,6261
26145,12,13626,6529,7097
26145,13,13332,6232,7100
26145,14,11813,5501,6312
26145,15,9046,4168,4878
26145,16,6509,2878,3631
26145,17,4437,1813,2624
26145,18,4978,1708,3270
26147,0,159337,79205,80132
26147,1,8025,4156,3869
26147,2,8738,4463,4275
26147,3,9957,5152,4805
26147,4,9876,5141,4735
26147,5,9006,4717,4289
26147,6,9335,4821,4514
26147,7,8321,4211,4110
26147,8,8834,4349,4485
26147,9,8887,4386,4501
26147,10,10839,5351,5488
26147,11,12234,6145,6089
26147,12,13101,6546,6555
26147,13,12162,6005,6157
26147,14,10102,4930,5172
26147,15,7635,3654,3981
26147,16,5447,2501,2946
26147,17,3349,1429,1920
26147,18,3489,1248,2241
26149,0,61043,30446,30597
26149,1,3946,2070,1876
26149,2,4080,2087,1993
26149,3,4334,2210,2124
26149,4,3922,1997,1925
26149,5,3468,1800,1668
26149,6,3785,1967,1818
26149,7,3533,1758,1775
26149,8,3538,1792,1746
26149,9,3400,1682,1718
26149,10,3545,1853,1692
26149,11,3871,1967,1904
26149,12,4393,2178,2215
26149,13,4245,2101,2144
26149,14,3663,1752,1911
26149,15,2733,1295,1438
26149,16,1947,912,1035
26149,17,1310,560,750
26149,18,1330,465,865
26151,0,41182,20546,20636
26151,1,2215,1148,1067
26151,2,2378,1196,1182
26151,3,2606,1329,1277
26151,4,2486,1261,1225
26151,5,2191,1159,1032
26151,6,2175,1101,1074
26151,7,2042,1055,987
26151,8,2200,1127,1073
26151,9,2163,1073,1090
26151,10,2447,1216,1231
26151,11,2802,1374,1428
26151,12,3282,1673,1609
26151,13,3376,1674,1702
26151,14,2904,1445,1459
26151,15,2152,1033,1119
26151,16,1662,776,886
26151,17,1149,512,637
26151,18,952,394,558
26153,0,8068,3980,4088
26153,1,323,159,164
26153,2,389,186,203
26153,3,410,221,189
26153,4,395,212,183
26153,5,373,192,181
26153,6,335,170,165
26153,7,304,154,150
26153,8,358,180,178
26153,9,395,193,202
26153,10,504,250,254
26153,11,518,263,255
26153,12,784,362,422
26153,13,818,399,419
26153,14,716,377,339
26153,15,533,265,268
26153,16,386,198,188
26153,17,268,106,162
26153,18,259,93,166
26155,0,68192,33706,34486
26155,1,3692,1880,1812
26155,2,3692,1909,1783
26155,3,4234,2180,2054
26155,4,4494,2276,2218
26155,5,4009,2026,1983
26155,6,4249,2185,2064
26155,7,3675,1892,1783
26155,8,3922,1939,1983
26155,9,3798,1915,1883
26155,10,4443,2242,2201
26155,11,4975,2492,2483
26155,12,5388,2653,2735
26155,13,5098,2456,2642
26155,14,4167,1967,2200
26155,15,3250,1557,1693
26155,16,2241,1019,1222
26155,17,1483,634,849
26155,18,1382,484,898
26157,0,52516,26385,26131
26157,1,2699,1370,1329
26157,2,2760,1444,1316
26157,3,3178,1672,1506
26157,4,3158,1709,1449
26157,5,2841,1450,1391
26157,6,3069,1601,1468
26157,7,2775,1426,1349
26157,8,2975,1504,1471
26157,9,2845,1472,1373
26157,10,3363,1677,1686
26157,11,3712,1848,1864
26157,12,4299,2182,2117
26157,13,4207,2108,2099
26157,14,3372,1634,1738
26157,15,2741,1331,1410
26157,16,2032,934,1098
26157,17,1354,614,740
26157,18,1136,409,727
26159,0,75448,37451,37997
26159,1,4479,2291,2188
26159,2,4789,2458,2331
26159,3,5156,2568,2588
26159,4,4813,2535,2278
26159,5,4188,2153,2035
26159,6,4172,2144,2028
26159,7,4143,2103,2040
26159,8,4554,2251,2303
26159,9,4226,2114,2112
26159,10,4731,2318,2413
26159,11,5002,2471,2531
26159,12,5786,2860,2926
26159,13,5742,2788,2954
26159,14,4868,2375,2493
26159,15,3453,1675,1778
26159,16,2416,1151,1265
26159,17,1433,630,803
26159,18,1497,566,931
26161,0,370963,184083,186880
26161,1,18094,9241,8853
26161,2,18672,9524,9148
26161,3,19811,10122,9689
26161,4,33361,16715,16646
26161,5,48595,24850,23745
26161,6,30111,15900,14211
26161,7,23560,12136,11424
26161,8,22478,11355,11123
26161,9,19922,9997,9925
26161,10,21455,10555,10900
26161,11,21436,10438,10998
26161,12,21547,10498,11049
26161,13,20544,9673,10871
26161,14,17861,8414,9447
26161,15,13305,6212,7093
26161,16,8842,4015,4827
26161,17,5356,2309,3047
26161,18,6013,2129,3884
26163,0,1753893,844609,909284
26163,1,114702,58724,55978
26163,2,113601,58145,55456
26163,3,115104,58549,56555
26163,4,111510,56638,54872
26163,5,111450,55513,55937
26163,6,138845,68450,70395
26163,7,110919,54222,56697
26163,8,104571,50162,54409
26163,9,100762,47448,53314
26163,10,114115,55019,59096
26163,11,114369,55699,58670
26163,12,119575,57696,61879
26163,13,113816,53752,60064
26163,14,90988,41377,49611
26163,15,67414,29942,37472
26163,16,45507,19368,26139
26163,17,30200,11757,18443
26163,18,36445,12148,24297
26165,0,33466,16766,16700
26165,1,2032,1084,948
26165,2,2140,1077,1063
26165,3,2302,1133,1169
26165,4,1958,997,961
26165,5,1765,925,840
26165,6,1966,1016,950
26165,7,1941,972,969
26165,8,1952,989,963
26165,9,1760,879,881
26165,10,2023,1022,1001
26165,11,2213,1134,1079
26165,12,2548,1266,1282
26165,13,2478,1198,1280
26165,14,2075,1033,1042
26165,15,1637,840,797
26165,16,1208,586,622
26165,17,692,314,378
26165,18,776,301,475
27001,0,15902,8034,7868
27001,1,594,302,292
27001,2,737,411,326
27001,3,858,432,426
27001,4,704,364,340
27001,5,595,288,307
27001,6,612,303,309
27001,7,609,301,308
27001,8,707,363,344
27001,9,612,314,298
27001,10,767,388,379
27001,11,953,474,479
27001,12,1361,683,678
27001,13,1542,785,757
27001,14,1580,807,773
27001,15,1398,711,687
27001,16,1096,558,538
27001,17,642,328,314
27001,18,535,222,313
27003,0,353813,176976,176837
27003,1,22201,11299,10902
27003,2,23033,11831,11202
27003,3,24376,12390,11986
27003,4,22278,11475,10803
27003,5,19918,10257,9661
27003,6,22328,11468,10860
27003,7,24415,12400,12015
27003,8,24985,12690,12295
27003,9,22039,11263,10776
27003,10,23771,11987,11784
27003,11,25178,12530,12648
27003,12,27350,13739,13611
27003,13,22229,11030,11199
27003,14,17387,8328,9059
27003,15,13025,6099,6926
27003,16,8757,4028,4729
27003,17,5443,2245,3198
27003,18,5100,1917,3183
27005,0,34371,17140,17231
27005,1,2133,1090,1043
27005,2,2330,1121,1209
27005,3,2481,1271,1210
27005,4,2165,1129,1036
27005,5,1786,861,925
27005,6,1758,872,886
27005,7,1804,888,916
27005,8,2030,1043,987
27005,9,1858,957,901
27005,10,1745,888,857
27005,11,2048,1048,1000
27005,12,2485,1266,1219
27005,13,2696,1342,1354
27005,14,2378,1185,1193
27005,15,1790,900,890
27005,16,1224,595,629
27005,17,848,376,472
27005,18,812,308,504
27007,0,46847,23406,23441
27007,1,3318,1745,1573
27007,2,3507,1773,1734
27007,3,3198,1674,1524
27007,4,3574,1843,1731
27007,5,4447,2289,2158
27007,6,3055,1568,1487
27007,7,2797,1447,1350
27007,8,2791,1384,1407
27007,9,2259,1154,1105
27007,10,2226,1081,1145
27007,11,2405,1153,1252
27007,12,2901,1406,1495
27007,13,2821,1374,1447
27007,14,2499,1224,1275
27007,15,1811,896,915
27007,16,1288,582,706
27007,17,912,412,500
27007,18,1038,401,637
27009,0,40545,20233,20312
27009,1,2938,1560,1378
27009,2,2834,1425,1409
27009,3,2885,1445,1440
27009,4,2430,1211,1219
27009,5,2451,1198,1253
27009,6,2915,1454,1461
27009,7,3070,1548,1522
27009,8,3122,1623,1499
27009,9,2418,1240,1178
27009,10,2421,1234,1187
27009,11,2536,1302,1234
27009,12,2661,1340,1321
27009,13,2155,1110,1045
27009,14,1806,888,918
27009,15,1306,614,692
27009,16,897,420,477
27009,17,695,297,398
27009,18,1005,324,681
27011,0,4989,2475,2514
27011,1,277,156,121
27011,2,302,158,144
27011,3,296,143,153
27011,4,253,127,126
27011,5,236,125,111
27011,6,245,119,126
27011,7,237,132,105
27011,8,269,141,128
27011,9,182,86,96
27011,10,239,123,116
27011,11,288,133,155
27011,12,443,240,203
27011,13,398,205,193
27011,14,361,179,182
27011,15,254,124,130
27011,16,251,106,145
27011,17,190,81,109
27011,18,268,97,171
27013,0,67427,33935,33492
27013,1,3689,1945,1744
27013,2,3724,1970,1754
27013,3,3689,1899,1790
27013,4,5766,2780,2986
27013,5,10842,5438,5404
27013,6,4986,2772,2214
27013,7,4262,2230,2032
27013,8,4078,2149,1929
27013,9,3338,1720,1618
27013,10,3088,1551,1537
27013,11,3312,1701,1611
27013,12,3636,1768,1868
27013,13,3649,1799,1850
27013,14,3059,1524,1535
27013,15,2103,1009,1094
27013,16,1586,740,846
27013,17,1159,463,696
27013,18,1461,477,984
27015,0,25111,12509,12602
27015,1,1407,749,658
27015,2,1527,815,712
27015,3,1620,849,771
27015,4,1676,868,808
27015,5,1710,887,823
27015,6,1292,651,641
27015,7,1375,696,679
27015,8,1502,783,719
27015,9,1213,613,600
27015,10,1275,632,643
27015,11,1487,743,744
27015,12,1921,934,987
27015,13,1863,906,957
27015,14,1474,768,706
27015,15,1151,552,599
27015,16,908,412,496
27015,17,713,314,399
27015,18,997,337,660
27017,0,35837,18690,17147
27017,1,1870,944,926
27017,2,2281,1162,1119
27017,3,2456,1261,1195
27017,4,2178,1171,1007
27017,5,1924,1107,817
27017,6,2131,1200,931
27017,7,2253,1259,994
27017,8,2375,1308,1067
27017,9,2180,1170,1010
27017,10,2370,1297,1073
27017,11,2440,1311,1129
27017,12,2671,1375,1296
27017,13,2572,1296,1276
27017,14,1987,1004,983
27017,15,1443,719,724
27017,16,1096,509,587
27017,17,804,353,451
27017,18,806,244,562
27019,0,103551,51395,52156
27019,1,6799,3480,3319
27019,2,7684,3940,3744
27019,3,8235,4191,4044
27019,4,7624,3903,3721
27019,5,5731,2835,2896
27019,6,4683,2276,2407
27019,7,6298,3094,3204
27019,8,7756,3905,3851
27019,9,7128,3511,3617
27019,10,7482,3760,3722
27019,11,7877,3899,3978
27019,12,7738,3872,3866
27019,13,6073,3107,2966
27019,14,4403,2131,2272
27019,15,3058,1460,1598
27019,16,2041,927,1114
27019,17,1379,590,789
27019,18,1562,514,1048
27021,0,29519,15078,14441
27021,1,1618,862,756
27021,2,1724,929,795
27021,3,1846,963,883
27021,4,1568,806,762
27021,5,1257,629,628
27021,6,1318,646,672
27021,7,1422,724,698
27021,8,1452,748,704
27021,9,1382,728,654
27021,10,1511,748,763
27021,11,1761,899,862
27021,12,2445,1227,1218
27021,13,2556,1285,1271
27021,14,2559,1320,1239
27021,15,1987,1018,969
27021,16,1556,823,733
27021,17,817,431,386
27021,18,740,292,448
27023,0,11924,5986,5938
27023,1,816,404,412
27023,2,788,411,377
27023,3,791,403,388
27023,4,637,316,321
27023,5,698,423,275
27023,6,689,354,335
27023,7,676,372,304
27023,8,733,383,350
27023,9,567,287,280
27023,10,577,289,288
27023,11,727,353,374
27023,12,837,418,419
27023,13,862,422,440
27023,14,756,380,376
27023,15,556,259,297
27023,16,466,218,248
27023,17,318,145,173
27023,18,430,149,281
27025,0,55922,28861,27061
27025,1,3253,1680,1573
27025,2,3433,1759,1674
27025,3,3731,1908,1823
27025,4,3535,1836,1699
27025,5,3027,1663,1364
27025,6,3339,1840,1499
27025,7,3460,1833,1627
27025,8,3772,2043,1729
27025,9,3247,1695,1552
27025,10,3955,2063,1892
27025,11,4320,2232,2088
27025,12,4521,2322,2199
27025,13,3717,1843,1874
27025,14,2920,1481,1439
27025,15,2259,1121,1138
27025,16,1547,779,768
27025,17,926,418,508
27025,18,960,345,615
27027,0,63955,31670,32285
27027,1,4755,2519,2236
27027,2,4474,2265,2209
27027,3,4224,2171,2053
27027,4,5145,2406,2739
27027,5,6569,3026,3543
27027,6,4235,2225,2010
27027,7,4563,2371,2192
27027,8,4446,2214,2232
27027,9,3653,1885,1768
27027,10,3407,1740,1667
27027,11,3138,1582,1556
27027,12,3638,1818,1820
27027,13,3295,1639,1656
27027,14,2587,1287,1300
27027,15,1925,905,1020
27027,16,1404,645,759
27027,17,1161,514,647
27027,18,1336,458,878
27029,0,8810,4504,4306
27029,1,545,293,252
27029,2,632,337,295
27029,3,649,315,334
27029,4,537,295,242
27029,5,420,214,206
27029,6,462,252,210
27029,7,450,220,230
27029,8,512,279,233
27029,9,499,255,244
27029,10,479,238,241
27029,11,504,267,237
27029,12,691,337,354
27029,13,648,326,322
27029,14,532,263,269
27029,15,412,218,194
27029,16,340,169,171
27029,17,261,123,138
27029,18,237,103,134
27031,0,5393,2698,2695
27031,1,256,132,124
27031,2,229,121,108
27031,3,236,123,113
27031,4,209,115,94
27031,5,224,115,109
27031,6,254,128,126
27031,7,289,136,153
27031,8,274,139,135
27031,9,273,151,122
27031,10,286,141,145
27031,11,334,153,181
27031,12,451,219,232
27031,13,538,266,272
27031,14,565,289,276
27031,15,422,218,204
27031,16,256,131,125
27031,17,134,68,66
27031,18,163,53,110
27033,0,11277,5636,5641
27033,1,773,398,375
27033,2,735,397,338
27033,3,770,389,381
27033,4,698,373,325
27033,5,632,333,299
27033,6,520,266,254
27033,7,555,299,256
27033,8,610,308,302
27033,9,576,286,290
27033,10,593,284,309
27033,11,667,329,338
27033,12,786,395,391
27033,13,790,412,378
27033,14,703,340,363
27033,15,586,283,303
27033,16,455,207,248
27033,17,374,173,201
27033,18,454,164,290
27035,0,64889,32283,32606
27035,1,3655,1819,1836
27035,2,3873,1959,1914
27035,3,4076,2096,1980
27035,4,3664,1933,1731
27035,5,3146,1592,1554
27035,6,3648,1900,1748
27035,7,3559,1825,1734
27035,8,3959,2017,1942
27035,9,3278,1642,1636
27035,10,3460,1755,1705
27035,11,4055,2031,2024
27035,12,4975,2417,2558
27035,13,4992,2421,2571
27035,14,4562,2261,2301
27035,15,3647,1817,1830
27035,16,2908,1369,1539
27035,17,1674,784,890
27035,18,1758,645,1113
27037,0,425423,209855,215568
27037,1,27600,14291,13309
27037,2,28830,14832,13998
27037,3,29598,15177,14421
27037,4,26876,13882,12994
27037,5,24339,12319,12020
27037,6,26354,13477,12877
27037,7,29334,14598,14736
27037,8,30432,15185,15247
27037,9,26530,13227,13303
27037,10,27942,13783,14159
27037,11,29129,14195,14934
27037,12,31608,15385,16223
27037,13,26569,12886,13683
27037,14,20922,9737,11185
27037,15,15287,7009,8278
27037,16,10335,4538,5797
27037,17,6518,2735,3783
27037,18,7220,2599,4621
27039,0,20822,10395,10427
27039,1,1300,665,635
27039,2,1450,733,717
27039,3,1647,833,814
27039,4,1441,739,702
27039,5,1192,582,610
27039,6,1155,600,555
27039,7,1290,626,664
27039,8,1413,720,693
27039,9,1357,687,670
27039,10,1384,717,667
27039,11,1381,686,695
27039,12,1444,726,718
27039,13,1304,658,646
27039,14,1006,520,486
27039,15,733,327,406
27039,16,549,258,291
27039,17,362,170,192
27039,18,414,148,266
27041,0,37964,18993,18971
27041,1,2226,1119,1107
27041,2,2232,1130,1102
27041,3,2412,1245,1167
27041,4,2025,1047,978
27041,5,1944,1016,928
27041,6,2124,1144,980
27041,7,2173,1125,1048
27041,8,2300,1197,1103
27041,9,1945,1008,937
27041,10,2059,1026,1033
27041,11,2224,1124,1100
27041,12,2756,1351,1405
27041,13,2893,1394,1499
27041,14,2644,1365,1279
27041,15,2079,985,1094
27041,16,1564,736,828
27041,17,1116,517,599
27041,18,1248,464,784
27043,0,13758,6875,6883
27043,1,788,405,383
27043,2,814,425,389
27043,3,891,459,432
27043,4,828,430,398
27043,5,677,334,343
27043,6,663,365,298
27043,7,705,354,351
27043,8,803,406,397
27043,9,749,395,354
27043,10,695,362,333
27043,11,839,418,421
27043,12,1007,507,500
27043,13,1159,599,560
27043,14,871,435,436
27043,15,742,373,369
27043,16,546,245,301
27043,17,454,191,263
27043,18,527,172,355
27045,0,21058,10563,10495
27045,1,1398,747,651
27045,2,1446,778,668
27045,3,1541,780,761
27045,4,1226,624,602
27045,5,1002,522,480
27045,6,1015,497,518
27045,7,1115,554,561
27045,8,1307,685,622
27045,9,1103,556,547
27045,10,1146,607,539
27045,11,1283,670,613
27045,12,1512,746,766
27045,13,1555,778,777
27045,14,1313,678,635
27045,15,1004,478,526
27045,16,739,356,383
27045,17,578,249,329
27045,18,775,258,517
27047,0,30444,15158,15286
27047,1,1725,900,825
27047,2,1845,967,878
27047,3,1945,998,947
27047,4,1751,906,845
27047,5,1492,751,741
27047,6,1671,814,857
27047,7,1674,854,820
27047,8,1809,938,871
27047,9,1595,831,764
27047,10,1602,833,769
27047,11,1902,944,958
27047,12,2440,1245,1195
27047,13,2251,1147,1104
27047,14,1867,924,943
27047,15,1629,773,856
27047,16,1196,527,669
27047,17,985,430,555
27047,18,1065,376,689
27049,0,46403,23012,23391
27049,1,2620,1273,1347
27049,2,2845,1443,1402
27049,3,3036,1538,1498
27049,4,2715,1499,1216
27049,5,2429,1225,1204
27049,6,2512,1315,1197
27049,7,2675,1334,1341
27049,8,2898,1457,1441
27049,9,2577,1260,1317
27049,10,2678,1368,1310
27049,11,3059,1526,1533
27049,12,3796,1896,1900
27049,13,3439,1702,1737
27049,14,2851,1420,1431
27049,15,2250,1095,1155
27049,16,1524,696,828
27049,17,1130,488,642
27049,18,1369,477,892
27051,0,6021,3023,2998
27051,1,376,180,196
27051,2,376,199,177
27051,3,401,203,198
27051,4,306,164,142
27051,5,273,136,137
27051,6,296,153,143
27051,7,333,167,166
27051,8,377,194,183
27051,9,338,173,165
27051,10,293,160,133
27051,11,322,163,159
27051,12,457,214,243
27051,13,472,232,240
27051,14,393,201,192
27051,15,323,168,155
27051,16,272,137,135
27051,17,173,84,89
27051,18,240,95,145
27053,0,1259428,623200,636228
27053,1,81461,41523,39938
27053,2,76330,38729,37601
27053,3,75697,38228,37469
27053,4,72067,36575,35492
27053,5,78107,38893,39214
27053,6,108501,55518,52983
27053,7,105881,54363,51518
27053,8,95502,48186,47316
27053,9,76388,38677,37711
27053,10,76202,38395,37807
27053,11,77252,38472,38780
27053,12,83268,41037,42231
27053,13,75984,36847,39137
27053,14,61056,28703,32353
27053,15,42703,19652,23051
27053,16,28779,12687,16092
27053,17,19614,8078,11536
27053,18,24636,8637,15999
27055,0,18578,9328,9250
27055,1,1041,543,498
27055,2,1039,534,505
27055,3,1236,665,571
27055,4,1057,556,501
27055,5,870,451,419
27055,6,887,457,430
27055,7,982,498,484
27055,8,1143,589,554
27055,9,961,497,464
27055,10,1066,537,529
27055,11,1185,557,628
27055,12,1604,789,815
27055,13,1515,771,744
27055,14,1258,657,601
27055,15,972,483,489
27055,16,648,317,331
27055,17,484,196,288
27055,18,630,231,399
27057,0,21332,10829,10503
27057,1,1143,599,544
27057,2,1305,695,610
27057,3,1348,680,668
27057,4,1114,572,542
27057,5,860,473,387
27057,6,941,477,464
27057,7,967,496,471
27057,8,1207,624,583
27057,9,1052,512,540
27057,10,1120,571,549
27057,11,1344,661,683
27057,12,1815,899,916
27057,13,1773,895,878
27057,14,1799,911,888
27057,15,1394,742,652
27057,16,966,474,492
27057,17,635,304,331
27057,18,549,244,305
27059,0,39966,20210,19756
27059,1,2357,1210,1147
27059,2,2627,1374,1253
27059,3,2827,1467,1360
27059,4,2402,1246,1156
27059,5,2129,1098,1031
27059,6,2427,1256,1171
27059,7,2667,1335,1332
27059,8,2712,1391,1321
27059,9,2251,1156,1095
27059,10,2480,1259,1221
27059,11,2852,1494,1358
27059,12,3174,1636,1538
27059,13,2637,1345,1292
27059,14,2079,1034,1045
27059,15,1609,740,869
27059,16,1182,567,615
27059,17,787,332,455
27059,18,767,270,497
27061,0,45108,22797,22311
27061,1,2365,1255,1110
27061,2,2494,1304,1190
27061,3,2812,1470,1342
27061,4,2635,1404,1231
27061,5,2075,1090,985
27061,6,2188,1183,1005
27061,7,2204,1080,1124
27061,8,2556,1295,1261
27061,9,2431,1264,1167
27061,10,2540,1281,1259
27061,11,2796,1366,1430
27061,12,3533,1758,1775
27061,13,3886,1919,1967
27061,14,3596,1816,1780
27061,15,2557,1291,1266
27061,16,1926,933,993
27061,17,1181,559,622
27061,18,1333,529,804
27063,0,9911,5073,4838
27063,1,546,277,269
27063,2,568,289,279
27063,3,642,334,308
27063,4,582,318,264
27063,5,467,249,218
27063,6,513,274,239
27063,7,525,280,245
27063,8,600,315,285
27063,9,554,298,256
27063,10,545,270,275
27063,11,562,297,265
27063,12,822,444,378
27063,13,768,387,381
27063,14,637,321,316
27063,15,470,239,231
27063,16,382,184,198
27063,17,317,132,185
27063,18,411,165,246
27065,0,16207,8159,8048
27065,1,873,420,453
27065,2,905,449,456
27065,3,1065,532,533
27065,4,970,511,459
27065,5,832,440,392
27065,6,770,413,357
27065,7,838,422,416
27065,8,923,474,449
27065,9,908,447,461
27065,10,1024,512,512
27065,11,1058,557,501
27065,12,1359,675,684
27065,13,1358,703,655
27065,14,1129,589,540
27065,15,835,392,443
27065,16,616,310,306
27065,17,402,186,216
27065,18,342,127,215
27067,0,42855,21576,21279
27067,1,2930,1534,1396
27067,2,2853,1467,1386
27067,3,2991,1571,1420
27067,4,2644,1385,1259
27067,5,2509,1302,1207
27067,6,2651,1412,1239
27067,7,2499,1301,1198
27067,8,2622,1389,1233
27067,9,2154,1102,1052
27067,10,2334,1134,1200
27067,11,2426,1217,1209
27067,12,3046,1493,1553
27067,13,3135,1552,1583
27067,14,2547,1282,1265
27067,15,1843,875,968
27067,16,1399,689,710
27067,17,1013,444,569
27067,18,1259,427,832
27069,0,4248,2138,2110
27069,1,233,128,105
27069,2,267,139,128
27069,3,259,124,135
27069,4,244,124,120
27069,5,213,115,98
27069,6,196,94,102
27069,7,194,107,87
27069,8,199,116,83
27069,9,198,89,109
27069,10,230,117,113
27069,11,263,141,122
27069,12,353,182,171
27069,13,363,182,181
27069,14,306,150,156
27069,15,234,129,105
27069,16,191,93,98
27069,17,138,60,78
27069,18,167,48,119
27071,0,12440,6225,6215
27071,1,550,275,275
27071,2,598,305,293
27071,3,671,335,336
27071,4,745,369,376
27071,5,522,278,244
27071,6,613,309,304
27071,7,579,311,268
27071,8,624,312,312
27071,9,617,310,307
27071,10,697,339,358
27071,11,855,446,409
27071,12,1005,503,502
27071,13,1185,613,572
27071,14,1060,540,520
27071,15,747,359,388
27071,16,548,258,290
27071,17,435,220,215
27071,18,389,143,246
27073,0,6658,3347,3311
27073,1,320,167,153
27073,2,373,212,161
27073,3,400,207,193
27073,4,371,187,184
27073,5,316,152,164
27073,6,257,134,123
27073,7,283,151,132
27073,8,374,182,192
27073,9,295,150,145
27073,10,336,171,165
27073,11,379,203,176
27073,12,554,277,277
27073,13,566,300,266
27073,14,508,257,251
27073,15,376,196,180
27073,16,314,144,170
27073,17,246,118,128
27073,18,390,139,251
27075,0,10658,5488,5170
27075,1,523,291,232
27075,2,568,311,257
27075,3,566,288,278
27075,4,542,298,244
27075,5,446,228,218
27075,6,490,255,235
27075,7,550,285,265
27075,8,579,319,260
27075,9,537,272,265
27075,10,563,284,279
27075,11,622,295,327
27075,12,918,459,459
27075,13,979,513,466
27075,14,913,494,419
27075,15,604,310,294
27075,16,478,236,242
27075,17,381,182,199
27075,18,399,168,231
27077,0,3758,1966,1792
27077,1,186,100,86
27077,2,186,103,83
27077,3,225,111,114
27077,4,168,89,79
27077,5,172,83,89
27077,6,151,88,63
27077,7,176,93,83
27077,8,202,106,96
27077,9,184,89,95
27077,10,200,103,97
27077,11,265,143,122
27077,12,333,182,151
27077,13,399,223,176
27077,14,328,167,161
27077,15,206,109,97
27077,16,167,86,81
27077,17,107,57,50
27077,18,103,34,69
27079,0,28494,14369,14125
27079,1,1734,898,836
27079,2,1835,938,897
27079,3,2044,1027,1017
27079,4,1776,932,844
27079,5,1506,748,758
27079,6,1520,758,762
27079,7,1622,823,799
27079,8,1869,967,902
27079,9,1642,824,818
27079,10,1862,939,923
27079,11,1982,1051,931
27079,12,2165,1115,1050
27079,13,1950,998,952
27079,14,1640,846,794
27079,15,1229,597,632
27079,16,937,450,487
27079,17,606,274,332
27079,18,575,184,391
27081,0,5673,2861,2812
27081,1,342,171,171
27081,2,373,198,175
27081,3,406,210,196
27081,4,308,167,141
27081,5,235,120,115
27081,6,257,142,115
27081,7,287,152,135
27081,8,310,151,159
27081,9,293,153,140
27081,10,303,160,143
27081,11,321,162,159
27081,12,405,214,191
27081,13,425,231,194
27081,14,365,175,190
27081,15,260,123,137
27081,16,260,116,144
27081,17,221,97,124
27081,18,302,119,183
27083,0,25629,12789,12840
27083,1,1907,1019,888
27083,2,1893,985,908
27083,3,1779,929,850
27083,4,1867,920,947
27083,5,1614,835,779
27083,6,1668,844,824
27083,7,1653,826,827
27083,8,1701,837,864
27083,9,1426,753,673
27083,10,1365,700,665
27083,11,1397,695,702
27083,12,1658,825,833
27083,13,1641,812,829
27083,14,1202,601,601
27083,15,917,429,488
27083,16,704,325,379
27083,17,495,213,282
27083,18,742,241,501
27085,0,35873,17925,17948
27085,1,2105,1072,1033
27085,2,2224,1127,1097
27085,3,2387,1246,1141
27085,4,2275,1157,1118
27085,5,2019,1070,949
27085,6,2134,1121,1013
27085,7,2177,1121,1056
27085,8,2172,1133,1039
27085,9,1988,1000,988
27085,10,2316,1186,1130
27085,11,2383,1215,1168
27085,12,2683,1315,1368
27085,13,2294,1133,1161
27085,14,1947,940,1007
27085,15,1620,779,841
27085,16,1262,550,712
27085,17,891,414,477
27085,18,996,346,650
27087,0,5519,2781,2738
27087,1,479,246,233
27087,2,569,284,285
27087,3,446,249,197
27087,4,386,208,178
27087,5,277,140,137
27087,6,294,135,159
27087,7,246,121,125
27087,8,312,139,173
27087,9,255,138,117
27087,10,286,146,140
27087,11,291,150,141
27087,12,376,191,185
27087,13,351,193,158
27087,14,279,141,138
27087,15,236,117,119
27087,16,175,74,101
27087,17,129,58,71
27087,18,132,51,81
27089,0,9390,4738,4652
27089,1,614,313,301
27089,2,577,284,293
27089,3,603,289,314
27089,4,541,265,276
27089,5,498,260,238
27089,6,486,272,214
27089,7,525,262,263
27089,8,524,286,238
27089,9,463,232,231
27089,10,531,283,248
27089,11,586,304,282
27089,12,707,359,348
27089,13,719,394,325
27089,14,590,310,280
27089,15,431,208,223
27089,16,363,173,190
27089,17,272,111,161
27089,18,360,133,227
27091,0,19785,9804,9981
27091,1,1133,583,550
27091,2,1169,596,573
27091,3,1288,651,637
27091,4,1098,553,545
27091,5,1009,517,492
27091,6,960,497,463
27091,7,1098,549,549
27091,8,1102,594,508
27091,9,950,467,483
27091,10,1057,529,528
27091,11,1132,563,569
27091,12,1526,754,772
27091,13,1613,837,776
27091,14,1353,699,654
27091,15,1024,504,520
27091,16,773,341,432
27091,17,603,272,331
27091,18,897,298,599
27093,0,23141,11783,11358
27093,1,1418,716,702
27093,2,1528,804,724
27093,3,1635,853,782
27093,4,1506,767,739
27093,5,1219,660,559
27093,6,1112,592,520
27093,7,1252,631,621
27093,8,1341,687,654
27093,9,1248,621,627
27093,10,1294,667,627
27093,11,1445,753,692
27093,12,1768,912,856
27093,13,1741,905,836
27093,14,1510,785,725
27093,15,1036,501,535
27093,16,815,394,421
27093,17,580,269,311
27093,18,693,266,427
27095,0,26139,13139,13000
27095,1,1690,868,822
27095,2,1762,874,888
27095,3,1781,930,851
27095,4,1615,887,728
27095,5,1323,670,653
27095,6,1452,729,723
27095,7,1554,790,764
27095,8,1640,837,803
27095,9,1438,761,677
27095,10,1555,761,794
27095,11,1737,894,843
27095,12,2042,1048,994
27095,13,1763,881,882
27095,14,1494,752,742
27095,15,1128,548,580
27095,16,944,424,520
27095,17,589,273,316
27095,18,632,212,420
27097,0,33169,16745,16424
27097,1,1999,1008,991
27097,2,2139,1115,1024
27097,3,2343,1184,1159
27097,4,1964,1081,883
27097,5,1666,847,819
27097,6,1686,876,810
27097,7,1885,980,905
27097,8,2093,1067,1026
27097,9,1759,892,867
27097,10,1865,934,931
27097,11,2197,1194,1003
27097,12,2554,1256,1298
27097,13,2532,1282,1250
27097,14,2031,1060,971
27097,15,1499,752,747
27097,16,1201,538,663
27097,17,799,336,463
27097,18,957,343,614
27099,0,40011,20124,19887
27099,1,2661,1371,1290
27099,2,2779,1395,1384
27099,3,2902,1496,1406
27099,4,2676,1472,1204
27099,5,2168,1152,1016
27099,6,2457,1277,1180
27099,7,2481,1256,1225
27099,8,2571,1327,1244
27099,9,2184,1095,1089
27099,10,2272,1169,1103
27099,11,2358,1218,1140
27099,12,2696,1365,1331
27099,13,2466,1247,1219
27099,14,2127,1095,1032
27099,15,1591,774,817
27099,16,1237,541,696
27099,17,922,375,547
27099,18,1463,499,964
27101,0,8276,4140,4136
27101,1,479,243,236
27101,2,478,257,221
27101,3,530,264,266
27101,4,487,249,238
27101,5,396,177,219
27101,6,354,187,167
27101,7,398,213,185
27101,8,456,226,230
27101,9,409,202,207
27101,10,422,220,202
27101,11,489,253,236
27101,12,608,309,299
27101,13,659,313,346
27101,14,633,344,289
27101,15,475,246,229
27101,16,377,177,200
27101,17,280,132,148
27101,18,346,128,218
27103,0,34220,17295,16925
27103,1,1994,1018,976
27103,2,2124,1094,1030
27103,3,2199,1106,1093
27103,4,2721,1280,1441
27103,5,2857,1451,1406
27103,6,2090,1131,959
27103,7,2228,1177,1051
27103,8,2377,1247,1130
27103,9,1951,983,968
27103,10,1908,1018,890
27103,11,1945,1072,873
27103,12,2179,1097,1082
27103,13,2089,1018,1071
27103,14,1803,897,906
27103,15,1400,731,669
27103,16,936,403,533
27103,17,654,295,359
27103,18,765,277,488
27105,0,21924,11300,10624
27105,1,1797,894,903
27105,2,1738,868,870
27105,3,1576,824,752
27105,4,1447,752,695
27105,5,1365,686,679
27105,6,1332,759,573
27105,7,1370,745,625
27105,8,1388,762,626
27105,9,1119,562,557
27105,10,1224,681,543
27105,11,1309,697,612
27105,12,1311,689,622
27105,13,1363,722,641
27105,14,1020,531,489
27105,15,781,381,400
27105,16,644,317,327
27105,17,460,206,254
27105,18,680,224,456
27107,0,6475,3262,3213
27107,1,382,189,193
27107,2,430,233,197
27107,3,456,221,235
27107,4,415,231,184
27107,5,326,174,152
27107,6,331,171,160
27107,7,304,156,148
27107,8,363,175,188
27107,9,380,192,188
27107,10,354,182,172
27107,11,390,192,198
27107,12,517,259,258
27107,13,461,232,229
27107,14,389,221,168
27107,15,315,157,158
27107,16,232,105,127
27107,17,207,97,110
27107,18,223,75,148
27109,0,156277,76246,80031
27109,1,10750,5440,5310
27109,2,10560,5418,5142
27109,3,10900,5556,5344
27109,4,9169,4586,4583
27109,5,8845,4322,4523
27109,6,11157,5407,5750
27109,7,11589,5769,5820
27109,8,11249,5633,5616
27109,9,9365,4706,4659
27109,10,8851,4445,4406
27109,11,9214,4519,4695
27109,12,10773,5200,5573
27109,13,9583,4524,5059
27109,14,7495,3545,3950
27109,15,5724,2606,3118
27109,16,4327,1916,2411
27109,17,3115,1343,1772
27109,18,3611,1311,2300
27111,0,58812,29588,29224
27111,1,3544,1840,1704
27111,2,3589,1843,1746
27111,3,3666,1852,1814
27111,4,3259,1732,1527
27111,5,2879,1534,1345
27111,6,2854,1476,1378
27111,7,2914,1481,1433
27111,8,3295,1709,1586
27111,9,2715,1406,1309
27111,10,2926,1451,1475
27111,11,3570,1770,1800
27111,12,4725,2388,2337
27111,13,4884,2442,2442
27111,14,4428,2242,2186
27111,15,3305,1720,1585
27111,16,2447,1205,1242
27111,17,1762,776,986
27111,18,2050,721,1329
27113,0,14178,7032,7146
27113,1,887,430,457
27113,2,925,478,447
27113,3,913,447,466
27113,4,796,397,399
27113,5,836,460,376
27113,6,949,497,452
27113,7,900,487,413
27113,8,908,463,445
27113,9,824,424,400
27113,10,859,442,417
27113,11,808,414,394
27113,12,1011,490,521
27113,13,970,480,490
27113,14,755,373,382
27113,15,609,277,332
27113,16,475,216,259
27113,17,323,118,205
27113,18,430,139,291
27115,0,29483,15830,13653
27115,1,1421,758,663
27115,2,1512,793,719
27115,3,1789,936,853
27115,4,1629,865,764
27115,5,1409,850,559
27115,6,1584,942,642
27115,7,1725,1021,704
27115,8,1870,1083,787
27115,9,1721,985,736
27115,10,1752,960,792
27115,11,2083,1125,958
27115,12,2471,1294,1177
27115,13,2419,1287,1132
27115,14,2025,1019,1006
27115,15,1458,740,718
27115,16,1132,512,620
27115,17,787,382,405
27115,18,696,278,418
27117,0,9047,4406,4641
27117,1,658,331,327
27117,2,656,333,323
27117,3,651,339,312
27117,4,554,286,268
27117,5,458,227,231
27117,6,443,215,228
27117,7,461,232,229
27117,8,510,260,250
27117,9,442,228,214
27117,10,489,232,257
27117,11,552,283,269
27117,12,652,329,323
27117,13,625,331,294
27117,14,471,233,238
27117,15,408,179,229
27117,16,319,142,177
27117,17,299,112,187
27117,18,399,114,285
27119,0,31529,15828,15701
27119,1,2206,1152,1054
27119,2,2073,1047,1026
27119,3,2114,1111,1003
27119,4,2079,1012,1067
27119,5,1945,1019,926
27119,6,1808,976,832
27119,7,1992,1024,968
27119,8,1962,1023,939
27119,9,1571,825,746
27119,10,1704,873,831
27119,11,1882,944,938
27119,12,2286,1136,1150
27119,13,2241,1127,1114
27119,14,1723,882,841
27119,15,1308,672,636
27119,16,976,432,544
27119,17,709,311,398
27119,18,950,262,688
27121,0,11097,5665,5432
27121,1,614,319,295
27121,2,662,357,305
27121,3,672,362,310
27121,4,547,291,256
27121,5,486,261,225
27121,6,573,304,269
27121,7,661,340,321
27121,8,643,349,294
27121,9,548,282,266
27121,10,570,301,269
27121,11,632,320,312
27121,12,862,439,423
27121,13,917,453,464
27121,14,844,447,397
27121,15,651,327,324
27121,16,446,217,229
27121,17,343,140,203
27121,18,426,156,270
27123,0,550210,268571,281639
27123,1,38093,19516,18577
27123,2,35959,18539,17420
27123,3,34539,17463,17076
27123,4,34793,17569,17224
27123,5,38887,19089,19798
27123,6,47882,23821,24061
27123,7,44144,21900,22244
27123,8,38091,19053,19038
27123,9,30248,15213,15035
27123,10,30229,15017,15212
27123,11,31016,15302,15714
27123,12,34605,16745,17860
27123,13,32396,15205,17191
27123,14,27279,12633,14646
27123,15,18899,8589,10310
27123,16,12973,5590,7383
27123,17,9043,3611,5432
27123,18,11134,3716,7418
27125,0,3999,2042,1957
27125,1,233,135,98
27125,2,277,144,133
27125,3,288,142,146
27125,4,246,120,126
27125,5,160,82,78
27125,6,181,101,80
27125,7,197,107,90
27125,8,258,122,136
27125,9,228,116,112
27125,10,217,110,107
27125,11,245,127,118
27125,12,302,158,144
27125,13,330,175,155
27125,14,255,139,116
27125,15,192,94,98
27125,16,148,68,80
27125,17,115,56,59
27125,18,127,46,81
27127,0,15249,7611,7638
27127,1,996,504,492
27127,2,1030,506,524
27127,3,1105,553,552
27127,4,977,533,444
27127,5,799,406,393
27127,6,784,390,394
27127,7,805,420,385
27127,8,889,471,418
27127,9,758,387,371
27127,10,784,394,390
27127,11,940,502,438
27127,12,1112,554,558
27127,13,1045,544,501
27127,14,908,458,450
27127,15,715,326,389
27127,16,598,286,312
27127,17,420,200,220
27127,18,584,177,407
27129,0,14612,7427,7185
27129,1,915,494,421
27129,2,950,466,484
27129,3,968,473,495
27129,4,862,440,422
27129,5,780,411,369
27129,6,715,385,330
27129,7,780,402,378
27129,8,840,450,390
27129,9,743,386,357
27129,10,798,405,393
27129,11,923,455,468
27129,12,1155,603,552
27129,13,1143,614,529
27129,14,886,480,406
27129,15,647,329,318
27129,16,558,271,287
27129,17,405,177,228
27129,18,544,186,358
27131,0,66523,33901,32622
27131,1,3857,1948,1909
27131,2,3975,1975,2000
27131,3,4154,2063,2091
27131,4,5716,2806,2910
27131,5,6505,3343,3162
27131,6,3555,1968,1587
27131,7,4058,2256,1802
27131,8,4071,2231,1840
27131,9,3661,1962,1699
27131,10,4049,2136,1913
27131,11,4091,2171,1920
27131,12,4516,2318,2198
27131,13,4065,2005,2060
27131,14,3327,1625,1702
27131,15,2479,1210,1269
27131,16,1809,848,961
27131,17,1299,574,725
27131,18,1336,462,874
27133,0,9414,4636,4778
27133,1,574,258,316
27133,2,651,310,341
27133,3,751,394,357
27133,4,648,345,303
27133,5,468,253,215
27133,6,485,254,231
27133,7,485,245,240
27133,8,528,261,267
27133,9,575,278,297
27133,10,537,266,271
27133,11,520,256,264
27133,12,665,331,334
27133,13,660,336,324
27133,14,528,258,270
27133,15,426,207,219
27133,16,324,158,166
27133,17,256,118,138
27133,18,333,108,225
27135,0,15150,7795,7355
27135,1,907,471,436
27135,2,1006,498,508
27135,3,1067,534,533
27135,4,1012,540,472
27135,5,829,434,395
27135,6,787,433,354
27135,7,740,383,357
27135,8,827,455,372
27135,9,846,440,406
27135,10,961,486,475
27135,11,1119,597,522
27135,12,1274,679,595
27135,13,1124,597,527
27135,14,865,435,430
27135,15,600,294,306
27135,16,484,251,233
27135,17,319,150,169
27135,18,383,118,265
27137,0,199754,100283,99471
27137,1,10151,5136,5015
27137,2,10424,5376,5048
27137,3,10921,5662,5259
27137,4,13545,6840,6705
27137,5,17936,9125,8811
27137,6,11867,6303,5564
27137,7,11286,5925,5361
27137,8,12144,6389,5755
27137,9,10366,5360,5006
27137,10,10710,5559,5151
27137,11,11718,5856,5862
27137,12,14497,7211,7286
27137,13,15441,7638,7803
27137,14,13245,6672,6573
27137,15,9212,4582,4630
27137,16,6437,2958,3479
27137,17,4516,1893,2623
27137,18,5338,1798,3540
27139,0,147381,73440,73941
27139,1,10084,5096,4988
27139,2,11261,5712,5549
27139,3,12042,6114,5928
27139,4,10648,5485,5163
27139,5,8061,4063,3998
27139,6,7924,3881,4043
27139,7,9754,4894,4860
27139,8,11108,5475,5633
27139,9,10541,5259,5282
27139,10,11110,5554,5556
27139,11,10866,5531,5335
27139,12,10341,5199,5142
27139,13,7606,3848,3758
27139,14,5687,2720,2967
27139,15,4088,1901,2187
27139,16,2763,1279,1484
27139,17,1729,770,959
27139,18,1768,659,1109
27141,0,96036,49201,46835
27141,1,6532,3339,3193
27141,2,6937,3603,3334
27141,3,7370,3711,3659
27141,4,6932,3597,3335
27141,5,5534,3010,2524
27141,6,5956,3161,2795
27141,7,6899,3582,3317
27141,8,6980,3639,3341
27141,9,6465,3348,3117
27141,10,7011,3586,3425
27141,11,6826,3540,3286
27141,12,6577,3453,3124
27141,13,5133,2608,2525
27141,14,4022,1990,2032
27141,15,2779,1336,1443
27141,16,1811,838,973
27141,17,1121,490,631
27141,18,1151,370,781
27143,0,15028,7560,7468
27143,1,844,404,440
27143,2,988,529,459
27143,3,1091,533,558
27143,4,957,483,474
27143,5,799,415,384
27143,6,806,428,378
27143,7,825,421,404
27143,8,942,489,453
27143,9,834,445,389
27143,10,892,456,436
27143,11,1000,503,497
27143,12,1255,647,608
27143,13,1039,555,484
27143,14,825,438,387
27143,15,627,294,333
27143,16,490,213,277
27143,17,380,165,215
27143,18,434,142,292
27145,0,159256,80406,78850
27145,1,10134,5213,4921
27145,2,10093,5099,4994
27145,3,10255,5157,5098
27145,4,12844,6415,6429
27145,5,16934,8818,8116
27145,6,10134,5424,4710
27145,7,9342,4983,4359
27145,8,9747,4977,4770
27145,9,8214,4240,3974
27145,10,8458,4235,4223
27145,11,9533,4842,4691
27145,12,10288,5134,5154
27145,13,9201,4646,4555
27145,14,7616,3752,3864
27145,15,5793,2753,3040
27145,16,4240,1992,2248
27145,17,3102,1438,1664
27145,18,3328,1288,2040
27147,0,36803,18326,18477
27147,1,2293,1129,1164
27147,2,2584,1268,1316
27147,3,2740,1359,1381
27147,4,2379,1233,1146
27147,5,1972,1051,921
27147,6,2051,1099,952
27147,7,2302,1201,1101
27147,8,2345,1217,1128
27147,9,2041,960,1081
27147,10,2215,1147,1068
27147,11,2395,1207,1188
27147,12,2658,1320,1338
27147,13,2337,1190,1147
27147,14,2006,1010,996
27147,15,1472,695,777
27147,16,1142,523,619
27147,17,852,344,508
27147,18,1019,373,646
27149,0,9753,4850,4903
27149,1,541,276,265
27149,2,570,298,272
27149,3,615,317,298
27149,4,1049,500,549
27149,5,1260,624,636
27149,6,551,290,261
27149,7,527,292,235
27149,8,545,289,256
27149,9,464,241,223
27149,10,428,210,218
27149,11,424,210,214
27149,12,539,280,259
27149,13,554,267,287
27149,14,505,249,256
27149,15,321,157,164
27149,16,277,135,142
27149,17,226,95,131
27149,18,357,120,237
27151,0,9345,4725,4620
27151,1,570,291,279
27151,2,609,320,289
27151,3,622,321,301
27151,4,538,270,268
27151,5,428,232,196
27151,6,495,258,237
27151,7,517,277,240
27151,8,575,300,275
27151,9,475,248,227
27151,10,506,267,239
27151,11,594,309,285
27151,12,681,354,327
27151,13,691,371,320
27151,14,562,287,275
27151,15,472,232,240
27151,16,340,151,189
27151,17,298,120,178
27151,18,372,117,255
27153,0,24582,12672,11910
27153,1,1663,878,785
27153,2,1656,824,832
27153,3,1580,876,704
27153,4,1440,772,668
27153,5,1306,670,636
27153,6,1192,635,557
27153,7,1193,608,585
27153,8,1362,711,651
27153,9,1201,643,558
27153,10,1312,701,611
27153,11,1530,745,785
27153,12,1918,960,958
27153,13,1935,1038,897
27153,14,1634,884,750
27153,15,1311,645,666
27153,16,1011,495,516
27153,17,628,290,338
27153,18,710,297,413
27155,0,3308,1659,1649
27155,1,188,99,89
27155,2,190,103,87
27155,3,197,100,97
27155,4,182,90,92
27155,5,188,101,87
27155,6,147,73,74
27155,7,139,77,62
27155,8,179,92,87
27155,9,171,92,79
27155,10,149,78,71
27155,11,221,108,113
27155,12,256,131,125
27155,13,269,137,132
27155,14,197,109,88
27155,15,172,81,91
27155,16,153,74,79
27155,17,124,53,71
27155,18,186,61,125
27157,0,21645,10845,10800
27157,1,1226,642,584
27157,2,1309,694,615
27157,3,1379,694,685
27157,4,1181,599,582
27157,5,1062,519,543
27157,6,1085,524,561
27157,7,1179,604,575
27157,8,1243,643,600
27157,9,1097,556,541
27157,10,1277,652,625
27157,11,1507,739,768
27157,12,1712,858,854
27157,13,1665,852,813
27157,14,1440,746,694
27157,15,1216,581,635
27157,16,859,416,443
27157,17,565,275,290
27157,18,643,251,392
27159,0,13773,6815,6958
27159,1,960,522,438
27159,2,977,493,484
27159,3,1038,497,541
27159,4,844,435,409
27159,5,698,348,350
27159,6,754,394,360
27159,7,666,324,342
27159,8,788,402,386
27159,9,720,354,366
27159,10,738,390,348
27159,11,797,420,377
27159,12,961,479,482
27159,13,935,472,463
27159,14,827,403,424
27159,15,638,301,337
27159,16,537,262,275
27159,17,399,177,222
27159,18,496,142,354
27161,0,18691,9008,9683
27161,1,1054,544,510
27161,2,1177,625,552
27161,3,1333,672,661
27161,4,1207,594,613
27161,5,1039,493,546
27161,6,1104,517,587
27161,7,1166,518,648
27161,8,1267,564,703
27161,9,1133,523,610
27161,10,1142,566,576
27161,11,1143,555,588
27161,12,1259,639,620
27161,13,1267,612,655
27161,14,1128,561,567
27161,15,803,430,373
27161,16,561,248,313
27161,17,389,156,233
27161,18,519,191,328
27163,0,259201,128076,131125
27163,1,15586,7844,7742
27163,2,17668,8991,8677
27163,3,18901,9530,9371
27163,4,17387,8954,8433
27163,5,14724,7601,7123
27163,6,13918,7214,6704
27163,7,15586,7700,7886
27163,8,18065,9019,9046
27163,9,16425,8213,8212
27163,10,17411,8616,8795
27163,11,18575,9010,9565
27163,12,19381,9558,9823
27163,13,16668,8038,8630
27163,14,13335,6433,6902
27163,15,9989,4782,5207
27163,16,6700,3038,3662
27163,17,4302,1868,2434
27163,18,4580,1667,2913
27165,0,10980,5426,5554
27165,1,767,385,382
27165,2,750,361,389
27165,3,712,342,370
27165,4,712,364,348
27165,5,686,350,336
27165,6,573,311,262
27165,7,567,286,281
27165,8,643,337,306
27165,9,592,292,300
27165,10,545,272,273
27165,11,646,328,318
27165,12,781,358,423
27165,13,815,400,415
27165,14,601,342,259
27165,15,442,204,238
27165,16,412,197,215
27165,17,311,127,184
27165,18,425,170,255
27167,0,6254,3228,3026
27167,1,382,198,184
27167,2,377,193,184
27167,3,401,214,187
27167,4,396,240,156
27167,5,328,172,156
27167,6,287,160,127
27167,7,338,154,184
27167,8,388,207,181
27167,9,339,177,162
27167,10,372,191,181
27167,11,408,210,198
27167,12,550,296,254
27167,13,488,248,240
27167,14,344,182,162
27167,15,270,131,139
27167,16,224,96,128
27167,17,185,84,101
27167,18,177,75,102
27169,0,50825,25133,25692
27169,1,2452,1196,1256
27169,2,2414,1254,1160
27169,3,2677,1320,1357
27169,4,4625,2117,2508
27169,5,7245,3627,3618
27169,6,3089,1675,1414
27169,7,2610,1315,1295
27169,8,2746,1405,1341
27169,9,2426,1254,1172
27169,10,2545,1325,1220
27169,11,2776,1377,1399
27169,12,3277,1617,1660
27169,13,3312,1642,1670
27169,14,2844,1432,1412
27169,15,2097,1046,1051
27169,16,1430,664,766
27169,17,1071,492,579
27169,18,1189,375,814
27171,0,136349,68848,67501
27171,1,9406,4855,4551
27171,2,10579,5392,5187
27171,3,11504,5885,5619
27171,4,9630,5019,4611
27171,5,7081,3572,3509
27171,6,7354,3748,3606
27171,7,8664,4334,4330
27171,8,9953,5026,4927
27171,9,9412,4794,4618
27171,10,9452,4876,4576
27171,11,9431,4826,4605
27171,12,9327,4788,4539
27171,13,7341,3754,3587
27171,14,5733,2769,2964
27171,15,4500,2091,2409
27171,16,3139,1516,1623
27171,17,1909,877,1032
27171,18,1934,726,1208
27173,0,9795,4948,4847
27173,1,611,300,311
27173,2,630,310,320
27173,3,695,363,332
27173,4,594,331,263
27173,5,541,289,252
27173,6,512,262,250
27173,7,562,300,262
27173,8,555,290,265
27173,9,483,250,233
27173,10,521,261,260
27173,11,594,303,291
27173,12,745,363,382
27173,13,771,402,369
27173,14,558,301,257
27173,15,403,197,206
27173,16,355,173,182
27173,17,268,130,138
27173,18,397,123,274
28001,0,31192,16249,14943
28001,1,1821,918,903
28001,2,1619,795,824
28001,3,1763,893,870
28001,4,1660,856,804
28001,5,1745,937,808
28001,6,2136,1219,917
28001,7,2001,1204,797
28001,8,2137,1390,747
28001,9,1998,1180,818
28001,10,1745,990,755
28001,11,1914,1036,878
28001,12,2414,1231,1183
28001,13,2365,1117,1248
28001,14,2010,926,1084
28001,15,1389,630,759
28001,16,1024,436,588
28001,17,712,268,444
28001,18,739,223,516
28003,0,36925,18024,18901
28003,1,2113,1069,1044
28003,2,2260,1148,1112
28003,3,2498,1257,1241
28003,4,2358,1244,1114
28003,5,2177,1169,1008
28003,6,2426,1200,1226
28003,7,2149,1109,1040
28003,8,2266,1095,1171
28003,9,2206,1099,1107
28003,10,2472,1216,1256
28003,11,2374,1212,1162
28003,12,2522,1217,1305
28003,13,2291,1068,1223
28003,14,2045,922,1123
28003,15,1917,820,1097
28003,16,1322,583,739
28003,17,834,368,466
28003,18,695,228,467
28005,0,12326,5967,6359
28005,1,671,346,325
28005,2,695,360,335
28005,3,725,351,374
28005,4,685,344,341
28005,5,608,333,275
28005,6,661,338,323
28005,7,602,288,314
28005,8,617,305,312
28005,9,607,291,316
28005,10,677,329,348
28005,11,771,365,406
28005,12,1037,497,540
28005,13,1074,507,567
28005,14,922,462,460
28005,15,710,325,385
28005,16,564,249,315
28005,17,355,165,190
28005,18,345,112,233
28007,0,18365,8698,9667
28007,1,1164,561,603
28007,2,1298,649,649
28007,3,1411,683,728
28007,4,1178,578,600
28007,5,1051,550,501
28007,6,1099,522,577
28007,7,976,446,530
28007,8,1025,498,527
28007,9,1010,481,529
28007,10,1114,523,591
28007,11,1136,518,618
28007,12,1154,545,609
28007,13,1228,585,643
28007,14,1047,504,543
28007,15,888,406,482
28007,16,655,312,343
28007,17,474,201,273
28007,18,457,136,321
28009,0,8271,4100,4171
28009,1,490,239,251
28009,2,442,215,227
28009,3,525,283,242
28009,4,517,263,254
28009,5,455,243,212
28009,6,532,288,244
28009,7,472,229,243
28009,8,463,219,244
28009,9,481,239,242
28009,10,528,245,283
28009,11,605,318,287
28009,12,643,341,302
28009,13,571,269,302
28009,14,455,236,219
28009,15,409,186,223
28009,16,321,147,174
28009,17,186,81,105
28009,18,176,59,117
28011,0,31333,14557,16776
28011,1,2074,1072,1002
28011,2,2232,1150,1082
28011,3,2109,1056,1053
28011,4,2265,1045,1220
28011,5,2345,1155,1190
28011,6,2340,1158,1182
28011,7,2036,972,1064
28011,8,1917,898,1019
28011,9,1586,716,870
28011,10,1781,792,989
28011,11,1821,834,987
28011,12,1991,876,1115
28011,13,1885,825,1060
28011,14,1758,767,991
28011,15,1339,573,766
28011,16,876,373,503
28011,17,476,178,298
28011,18,502,117,385
28013,0,14436,6942,7494
28013,1,813,409,404
28013,2,906,467,439
28013,3,1035,558,477
28013,4,923,467,456
28013,5,826,422,404
28013,6,827,388,439
28013,7,755,389,366
28013,8,839,407,432
28013,9,802,394,408
28013,10,984,467,517
28013,11,988,462,526
28013,12,1003,451,552
28013,13,1003,468,535
28013,14,884,452,432
28013,15,621,280,341
28013,16,524,217,307
28013,17,344,138,206
28013,18,359,106,253
28015,0,9911,5012,4899
28015,1,428,214,214
28015,2,475,243,232
28015,3,593,296,297
28015,4,532,268,264
28015,5,520,287,233
28015,6,548,297,251
28015,7,501,291,210
28015,8,591,310,281
28015,9,525,257,268
28015,10,618,307,311
28015,11,649,324,325
28015,12,808,408,400
28015,13,775,387,388
28015,14,725,368,357
28015,15,637,313,324
28015,16,470,219,251
28015,17,272,129,143
28015,18,244,94,150
28017,0,17171,8439,8732
28017,1,1134,582,552
28017,2,1201,609,592
28017,3,1206,607,599
28017,4,1095,594,501
28017,5,1116,610,506
28017,6,1217,601,616
28017,7,1017,507,510
28017,8,1020,539,481
28017,9,949,483,466
28017,10,984,504,480
28017,11,1086,492,594
28017,12,1114,521,593
28017,13,1074,509,565
28017,14,936,455,481
28017,15,730,333,397
28017,16,529,225,304
28017,17,414,165,249
28017,18,349,103,246
28019,0,8278,4044,4234
28019,1,469,249,220
28019,2,486,245,241
28019,3,555,298,257
28019,4,471,250,221
28019,5,427,212,215
28019,6,489,246,243
28019,7,470,230,240
28019,8,447,224,223
28019,9,452,215,237
28019,10,506,240,266
28019,11,545,278,267
28019,12,618,302,316
28019,13,558,286,272
28019,14,530,235,295
28019,15,456,232,224
28019,16,342,131,211
28019,17,254,99,155
28019,18,203,72,131
28021,0,9002,4265,4737
28021,1,539,280,259
28021,2,497,250,247
28021,3,529,268,261
28021,4,935,445,490
28021,5,1247,606,641
28021,6,520,231,289
28021,7,448,225,223
28021,8,464,214,250
28021,9,458,239,219
28021,10,404,180,224
28021,11,430,202,228
28021,12,509,244,265
28021,13,550,260,290
28021,14,546,282,264
28021,15,325,139,186
28021,16,235,89,146
28021,17,177,58,119
28021,18,189,53,136
28023,0,15604,7297,8307
28023,1,888,427,461
28023,2,877,432,445
28023,3,1063,527,536
28023,4,950,457,493
28023,5,902,474,428
28023,6,939,446,493
28023,7,879,401,478
28023,8,866,380,486
28023,9,820,387,433
28023,10,946,440,506
28023,11,1009,475,534
28023,12,1138,524,614
28023,13,1137,546,591
28023,14,979,436,543
28023,15,852,391,461
28023,16,603,274,329
28023,17,414,168,246
28023,18,342,112,230
28025,0,19386,9080,10306
28025,1,1091,553,538
28025,2,1176,567,609
28025,3,1340,664,676
28025,4,1220,627,593
28025,5,1178,575,603
28025,6,1398,659,739
28025,7,1160,571,589
28025,8,1156,542,614
28025,9,1066,489,577
28025,10,1133,531,602
28025,11,1141,536,605
28025,12,1331,585,746
28025,13,1416,652,764
28025,14,1134,514,620
28025,15,956,431,525
28025,16,607,270,337
28025,17,453,185,268
28025,18,430,129,301
28027,0,22628,10487,12141
28027,1,1783,887,896
28027,2,1741,875,866
28027,3,1624,835,789
28027,4,1671,836,835
28027,5,1618,785,833
28027,6,1524,704,820
28027,7,1259,570,689
28027,8,1312,544,768
28027,9,1160,516,644
28027,10,1174,516,658
28027,11,1351,624,727
28027,12,1468,645,823
28027,13,1451,658,793
28027,14,1185,564,621
28027,15,872,413,459
28027,16,605,216,389
28027,17,430,158,272
28027,18,400,141,259
28029,0,28543,13737,14806
28029,1,1709,846,863
28029,2,1829,932,897
28029,3,1911,966,945
28029,4,2177,1122,1055
28029,5,1892,968,924
28029,6,1789,880,909
28029,7,1632,798,834
28029,8,1701,819,882
28029,9,1542,744,798
28029,10,1573,721,852
28029,11,1760,807,953
28029,12,2047,981,1066
28029,13,1946,945,1001
28029,14,1679,773,906
28029,15,1310,609,701
28029,16,879,409,470
28029,17,558,222,336
28029,18,609,195,414
28031,0,18853,9184,9669
28031,1,1230,613,617
28031,2,1309,671,638
28031,3,1327,708,619
28031,4,1218,627,591
28031,5,1108,537,571
28031,6,1311,695,616
28031,7,1128,526,602
28031,8,1211,599,612
28031,9,1016,491,525
28031,10,1168,566,602
28031,11,1170,538,632
28031,12,1278,617,661
28031,13,1194,593,601
28031,14,1012,480,532
28031,15,791,351,440
28031,16,618,271,347
28031,17,398,176,222
28031,18,366,125,241
28033,0,182001,87795,94206
28033,1,11175,5647,5528
28033,2,12647,6419,6228
28033,3,14122,7192,6930
28033,4,13468,6996,6472
28033,5,11198,5719,5479
28033,6,12260,6076,6184
28033,7,11463,5345,6118
28033,8,12902,5950,6952
28033,9,12503,5769,6734
28033,10,13381,6364,7017
28033,11,12020,5785,6235
28033,12,11422,5490,5932
28033,13,9972,4763,5209
28033,14,8017,3714,4303
28033,15,6472,2950,3522
28033,16,4320,1858,2462
28033,17,2537,1050,1487
28033,18,2122,708,1414
28035,0,75036,35611,39425
28035,1,4901,2485,2416
28035,2,4913,2529,2384
28035,3,4849,2458,2391
28035,4,5266,2485,2781
28035,5,8163,3667,4496
28035,6,6308,3070,3238
28035,7,4993,2454,2539
28035,8,4830,2351,2479
28035,9,4095,1998,2097
28035,10,4027,1958,2069
28035,11,4122,1916,2206
28035,12,4485,2107,2378
28035,13,3896,1823,2073
28035,14,3274,1505,1769
28035,15,2583,1159,1424
28035,16,1839,769,1070
28035,17,1233,483,750
28035,18,1259,394,865
28037,0,7788,3828,3960
28037,1,419,219,200
28037,2,475,263,212
28037,3,587,291,296
28037,4,513,262,251
28037,5,396,205,191
28037,6,422,212,210
28037,7,402,211,191
28037,8,432,198,234
28037,9,442,198,244
28037,10,485,235,250
28037,11,468,227,241
28037,12,578,275,303
28037,13,616,322,294
28037,14,476,248,228
28037,15,391,174,217
28037,16,300,138,162
28037,17,214,96,118
28037,18,172,54,118
28039,0,24250,12260,11990
28039,1,1864,956,908
28039,2,1805,892,913
28039,3,1730,833,897
28039,4,1569,795,774
28039,5,1466,790,676
28039,6,1963,1079,884
28039,7,1423,732,691
28039,8,1480,792,688
28039,9,1401,716,685
28039,10,1557,802,755
28039,11,1529,769,760
28039,12,1573,807,766
28039,13,1377,673,704
28039,14,1155,531,624
28039,15,1035,493,542
28039,16,692,321,371
28039,17,400,185,215
28039,18,231,94,137
28041,0,13586,7859,5727
28041,1,637,317,320
28041,2,683,348,335
28041,3,850,423,427
28041,4,749,407,342
28041,5,948,627,321
28041,6,1188,814,374
28041,7,1051,737,314
28041,8,991,635,356
28041,9,943,606,337
28041,10,1047,664,383
28041,11,853,505,348
28041,12,847,449,398
28041,13,779,401,378
28041,14,624,309,315
28041,15,572,279,293
28041,16,389,172,217
28041,17,240,99,141
28041,18,195,67,128
28043,0,21055,10015,11040
28043,1,1351,693,658
28043,2,1367,682,685
28043,3,1484,761,723
28043,4,1270,660,610
28043,5,1306,650,656
28043,6,1451,704,747
28043,7,1120,500,620
28043,8,1211,580,631
28043,9,1221,572,649
28043,10,1327,618,709
28043,11,1389,667,722
28043,12,1443,681,762
28043,13,1371,653,718
28043,14,1216,558,658
28043,15,986,441,545
28043,16,691,279,412
28043,17,452,191,261
28043,18,399,125,274
28045,0,47334,23137,24197
28045,1,2433,1315,1118
28045,2,2542,1314,1228
28045,3,2876,1433,1443
28045,4,2834,1495,1339
28045,5,2456,1211,1245
28045,6,2932,1481,1451
28045,7,2679,1310,1369
28045,8,2754,1303,1451
28045,9,2582,1234,1348
28045,10,3124,1520,1604
28045,11,3244,1603,1641
28045,12,3834,1819,2015
28045,13,3661,1785,1876
28045,14,3090,1432,1658
28045,15,2586,1241,1345
28045,16,1743,795,948
28045,17,1093,511,582
28045,18,871,335,536
28047,0,206650,101231,105419
28047,1,13508,6881,6627
28047,2,13775,7038,6737
28047,3,14169,7271,6898
28047,4,13714,7407,6307
28047,5,13992,7475,6517
28047,6,15219,7557,7662
28047,7,14111,6706,7405
28047,8,13465,6515,6950
28047,9,11953,5787,6166
28047,10,12370,5781,6589
28047,11,12665,6032,6633
28047,12,14265,6924,7341
28047,13,12540,5961,6579
28047,14,10560,4899,5661
28047,15,8205,3831,4374
28047,16,5541,2540,3001
28047,17,3485,1488,1997
28047,18,3113,1138,1975
28049,0,237085,110637,126448
28049,1,15155,7764,7391
28049,2,15710,8058,7652
28049,3,16560,8465,8095
28049,4,17807,8662,9145
28049,5,18501,8767,9734
28049,6,18746,8960,9786
28049,7,15751,7214,8537
28049,8,15176,7086,8090
28049,9,13131,5943,7188
28049,10,13575,6170,7405
28049,11,13804,6328,7476
28049,12,15315,6956,8359
28049,13,14513,6495,8018
28049,14,11662,5178,6484
28049,15,8350,3718,4632
28049,16,5578,2221,3357
28049,17,3744,1456,2288
28049,18,4007,1196,2811
28051,0,17622,8422,9200
28051,1,1163,631,532
28051,2,1246,641,605
28051,3,1332,695,637
28051,4,1460,760,700
28051,5,1420,716,704
28051,6,1283,656,627
28051,7,1004,476,528
28051,8,971,451,520
28051,9,878,393,485
28051,10,932,415,517
28051,11,1020,443,577
28051,12,1204,548,656
28051,13,1057,494,563
28051,14,853,363,490
28051,15,666,309,357
28051,16,476,202,274
28051,17,323,121,202
28051,18,334,108,226
28053,0,8257,3886,4371
28053,1,469,234,235
28053,2,632,332,300
28053,3,673,339,334
28053,4,584,301,283
28053,5,484,239,245
28053,6,496,249,247
28053,7,478,232,246
28053,8,505,235,270
28053,9,392,179,213
28053,10,443,193,250
28053,11,510,220,290
28053,12,637,296,341
28053,13,552,258,294
28053,14,476,218,258
28053,15,337,148,189
28053,16,260,117,143
28053,17,184,66,118
28053,18,145,30,115
28055,0,1308,774,534
28055,1,36,15,21
28055,2,42,17,25
28055,3,31,14,17
28055,4,94,78,16
28055,5,120,93,27
28055,6,153,114,39
28055,7,62,36,26
28055,8,103,59,44
28055,9,63,37,26
28055,10,78,46,32
28055,11,98,47,51
28055,12,107,64,43
28055,13,103,57,46
28055,14,58,27,31
28055,15,46,18,28
28055,16,43,20,23
28055,17,38,18,20
28055,18,33,14,19
28057,0,23517,11594,11923
28057,1,1313,662,651
28057,2,1411,697,714
28057,3,1514,794,720
28057,4,1785,935,850
28057,5,1591,804,787
28057,6,1647,859,788
28057,7,1326,675,651
28057,8,1344,668,676
28057,9,1355,662,693
28057,10,1569,757,812
28057,11,1585,825,760
28057,12,1494,744,750
28057,13,1431,707,724
28057,14,1217,589,628
28057,15,1075,471,604
28057,16,860,355,505
28057,17,519,221,298
28057,18,481,169,312
28059,0,143277,70502,72775
28059,1,8248,4314,3934
28059,2,8958,4569,4389
28059,3,10152,5258,4894
28059,4,9262,4793,4469
28059,5,8331,4279,4052
28059,6,9722,4726,4996
28059,7,9146,4474,4672
28059,8,9299,4485,4814
28059,9,8915,4345,4570
28059,10,9387,4605,4782
28059,11,9592,4787,4805
28059,12,10175,4966,5209
28059,13,9369,4504,4865
28059,14,7538,3623,3915
28059,15,6103,2860,3243
28059,16,4324,1987,2337
28059,17,2694,1138,1556
28059,18,2062,789,1273
28061,0,16428,7947,8481
28061,1,986,512,474
28061,2,1037,527,510
28061,3,1085,546,539
28061,4,905,456,449
28061,5,990,493,497
28061,6,1094,526,568
28061,7,807,389,418
28061,8,936,460,476
28061,9,910,425,485
28061,10,950,470,480
28061,11,1060,522,538
28061,12,1156,539,617
28061,13,1160,548,612
28061,14,1078,512,566
28061,15,832,390,442
28061,16,664,286,378
28061,17,440,208,232
28061,18,338,138,200
28063,0,7106,3489,3617
28063,1,458,214,244
28063,2,486,230,256
28063,3,416,222,194
28063,4,401,207,194
28063,5,460,241,219
28063,6,524,296,228
28063,7,431,220,211
28063,8,460,238,222
28063,9,372,203,169
28063,10,417,210,207
28063,11,424,194,230
28063,12,568,284,284
28063,13,490,240,250
28063,14,406,181,225
28063,15,263,115,148
28063,16,206,83,123
28063,17,153,57,96
28063,18,171,54,117
28065,0,11234,5315,5919
28065,1,602,309,293
28065,2,674,354,320
28065,3,592,304,288
28065,4,567,291,276
28065,5,708,360,348
28065,6,725,336,389
28065,7,535,261,274
28065,8,616,286,330
28065,9,632,322,310
28065,10,682,320,362
28065,11,715,346,369
28065,12,812,362,450
28065,13,824,378,446
28065,14,805,368,437
28065,15,672,319,353
28065,16,487,201,286
28065,17,274,109,165
28065,18,312,89,223
28067,0,68461,33256,35205
28067,1,4593,2369,2224
28067,2,4809,2497,2312
28067,3,4920,2531,2389
28067,4,5044,2520,2524
28067,5,4151,2123,2028
28067,6,4359,2111,2248
28067,7,4014,1888,2126
28067,8,4284,2105,2179
28067,9,3667,1750,1917
28067,10,4127,2065,2062
28067,11,3927,1954,1973
28067,12,4504,2138,2366
28067,13,4485,2165,2320
28067,14,3700,1695,2005
28067,15,3001,1424,1577
28067,16,2091,906,1185
28067,17,1443,559,884
28067,18,1342,456,886
28069,0,10027,5021,5006
28069,1,445,228,217
28069,2,495,248,247
28069,3,554,304,250
28069,4,947,505,442
28069,5,840,448,392
28069,6,701,400,301
28069,7,498,259,239
28069,8,524,305,219
28069,9,536,268,268
28069,10,605,292,313
28069,11,574,269,305
28069,12,640,294,346
28069,13,643,307,336
28069,14,584,287,297
28069,15,502,240,262
28069,16,335,144,191
28069,17,290,129,161
28069,18,314,94,220
28071,0,54793,26552,28241
28071,1,2755,1316,1439
28071,2,2739,1361,1378
28071,3,2791,1415,1376
28071,4,5887,2792,3095
28071,5,8401,4144,4257
28071,6,4221,2174,2047
28071,7,3508,1775,1733
28071,8,3423,1775,1648
28071,9,2944,1446,1498
28071,10,2911,1421,1490
28071,11,2699,1285,1414
28071,12,2836,1316,1520
28071,13,2749,1303,1446
28071,14,2454,1127,1327
28071,15,1821,880,941
28071,16,1209,526,683
28071,17,735,292,443
28071,18,710,204,506
28073,0,62447,30001,32446
28073,1,4072,2053,2019
28073,2,4284,2188,2096
28073,3,4559,2257,2302
28073,4,3876,1970,1906
28073,5,3885,1900,1985
28073,6,4616,2247,2369
28073,7,4525,2056,2469
28073,8,4702,2196,2506
28073,9,4084,1970,2114
28073,10,4092,2042,2050
28073,11,3794,1817,1977
28073,12,3809,1788,2021
28073,13,3546,1707,1839
28073,14,2901,1373,1528
28073,15,2225,1015,1210
28073,16,1596,713,883
28073,17,978,377,601
28073,18,903,332,571
28075,0,75317,36501,38816
28075,1,4767,2383,2384
28075,2,4663,2378,2285
28075,3,5191,2618,2573
28075,4,5016,2594,2422
28075,5,4584,2407,2177
28075,6,5426,2761,2665
28075,7,4615,2322,2293
28075,8,4562,2260,2302
28075,9,4293,2096,2197
28075,10,4611,2209,2402
28075,11,4728,2210,2518
28075,12,4930,2398,2532
28075,13,4859,2271,2588
28075,14,4229,1943,2286
28075,15,3210,1473,1737
28075,16,2361,1023,1338
28075,17,1643,653,990
28075,18,1629,502,1127
28077,0,12455,6044,6411
28077,1,788,380,408
28077,2,835,447,388
28077,3,901,454,447
28077,4,772,387,385
28077,5,655,312,343
28077,6,731,364,367
28077,7,695,326,369
28077,8,774,410,364
28077,9,702,324,378
28077,10,729,353,376
28077,11,822,401,421
28077,12,918,430,488
28077,13,893,447,446
28077,14,717,351,366
28077,15,582,262,320
28077,16,451,205,246
28077,17,288,112,176
28077,18,202,79,123
28079,0,22763,11752,11011
28079,1,1448,761,687
28079,2,1407,732,675
28079,3,1708,1018,690
28079,4,1771,1201,570
28079,5,1360,779,581
28079,6,1569,786,783
28079,7,1347,697,650
28079,8,1511,768,743
28079,9,1296,647,649
28079,10,1422,662,760
28079,11,1360,683,677
28079,12,1434,747,687
28079,13,1411,649,762
28079,14,1256,605,651
28079,15,920,428,492
28079,16,618,262,356
28079,17,469,170,299
28079,18,456,157,299
28081,0,85202,40726,44476
28081,1,5826,2917,2909
28081,2,5823,2945,2878
28081,3,6211,3255,2956
28081,4,5679,2938,2741
28081,5,5108,2499,2609
28081,6,5994,2876,3118
28081,7,5296,2473,2823
28081,8,5635,2684,2951
28081,9,5243,2482,2761
28081,10,5489,2670,2819
28081,11,5573,2696,2877
28081,12,5605,2655,2950
28081,13,5122,2382,2740
28081,14,4049,1803,2246
28081,15,3322,1469,1853
28081,16,2271,1007,1264
28081,17,1548,571,977
28081,18,1408,404,1004
28083,0,28919,13483,15436
28083,1,2236,1086,1150
28083,2,2170,1130,1040
28083,3,2297,1154,1143
28083,4,2203,1116,1087
28083,5,2331,1120,1211
28083,6,2021,1017,1004
28083,7,1683,796,887
28083,8,1708,783,925
28083,9,1556,693,863
28083,10,1532,651,881
28083,11,1535,703,832
28083,12,1756,764,992
28083,13,1720,750,970
28083,14,1387,633,754
28083,15,1005,442,563
28083,16,735,315,420
28083,17,479,175,304
28083,18,565,155,410
28085,0,34205,16296,17909
28085,1,2079,1028,1051
28085,2,2232,1161,1071
28085,3,2388,1248,1140
28085,4,2142,1039,1103
28085,5,1907,962,945
28085,6,2245,1074,1171
28085,7,1900,908,992
28085,8,2264,1069,1195
28085,9,2103,1022,1081
28085,10,2294,1107,1187
28085,11,2134,1029,1105
28085,12,2353,1112,1241
28085,13,2283,1059,1224
28085,14,1956,882,1074
28085,15,1481,705,776
28085,16,1078,417,661
28085,17,687,253,434
28085,18,679,221,458
28087,0,58930,28055,30875
28087,1,3791,1998,1793
28087,2,3800,1950,1850
28087,3,4053,2109,1944
28087,4,3817,1882,1935
28087,5,4280,2058,2222
28087,6,4444,2120,2324
28087,7,3736,1829,1907
28087,8,3621,1745,1876
28087,9,3262,1543,1719
28087,10,3406,1523,1883
28087,11,3561,1671,1890
28087,12,4004,1899,2105
28087,13,3803,1760,2043
28087,14,3080,1442,1638
28087,15,2394,1083,1311
28087,16,1594,695,899
28087,17,1130,417,713
28087,18,1154,331,823
28089,0,105630,50599,55031
28089,1,6684,3361,3323
28089,2,7145,3629,3516
28089,3,7897,4101,3796
28089,4,7435,3699,3736
28089,5,6445,3169,3276
28089,6,6813,3353,3460
28089,7,6805,3166,3639
28089,8,7458,3555,3903
28089,9,6954,3257,3697
28089,10,7149,3405,3744
28089,11,6862,3275,3587
28089,12,7396,3506,3890
28089,13,6544,3054,3490
28089,14,5405,2470,2935
28089,15,3624,1738,1886
28089,16,2112,896,1216
28089,17,1434,541,893
28089,18,1468,424,1044
28091,0,24715,11946,12769
28091,1,1433,739,694
28091,2,1619,780,839
28091,3,1713,835,878
28091,4,1451,768,683
28091,5,1447,718,729
28091,6,1563,775,788
28091,7,1464,743,721
28091,8,1588,789,799
28091,9,1473,754,719
28091,10,1519,761,758
28091,11,1494,706,788
28091,12,1721,832,889
28091,13,1639,777,862
28091,14,1428,677,751
28091,15,1200,541,659
28091,16,757,322,435
28091,17,586,241,345
28091,18,620,188,432
28093,0,35451,17596,17855
28093,1,1997,1046,951
28093,2,2001,993,1008
28093,3,2134,1095,1039
28093,4,2268,1082,1186
28093,5,2397,1161,1236
28093,6,2426,1306,1120
28093,7,1959,1073,886
28093,8,2041,1039,1002
28093,9,2086,1108,978
28093,10,2177,1101,1076
28093,11,2476,1279,1197
28093,12,2662,1329,1333
28093,13,2613,1262,1351
28093,14,2196,1001,1195
28093,15,1623,768,855
28093,16,1109,481,628
28093,17,681,280,401
28093,18,605,192,413
28095,0,35564,16944,18620
28095,1,2005,980,1025
28095,2,2125,1102,1023
28095,3,2524,1254,1270
28095,4,2182,1085,1097
28095,5,1977,979,998
28095,6,2271,1125,1146
28095,7,2043,1024,1019
28095,8,2033,973,1060
28095,9,2066,987,1079
28095,10,2264,1118,1146
28095,11,2370,1124,1246
28095,12,2462,1147,1315
28095,13,2411,1146,1265
28095,14,2127,988,1139
28095,15,1785,839,946
28095,16,1216,487,729
28095,17,899,341,558
28095,18,804,245,559
28097,0,10023,4784,5239
28097,1,598,292,306
28097,2,628,308,320
28097,3,655,323,332
28097,4,568,292,276
28097,5,530,277,253
28097,6,667,341,326
28097,7,492,227,265
28097,8,547,273,274
28097,9,487,234,253
28097,10,547,248,299
28097,11,672,311,361
28097,12,752,357,395
28097,13,711,344,367
28097,14,632,314,318
28097,15,593,268,325
28097,16,422,194,228
28097,17,243,97,146
28097,18,279,84,195
28099,0,29125,13866,15259
28099,1,2086,1054,1032
28099,2,2185,1067,1118
28099,3,2468,1264,1204
28099,4,2123,1080,1043
28099,5,1758,838,920
28099,6,1831,867,964
28099,7,1671,785,886
28099,8,1749,838,911
28099,9,1667,754,913
28099,10,1718,821,897
28099,11,1681,775,906
28099,12,1754,853,901
28099,13,1826,834,992
28099,14,1541,742,799
28099,15,1180,552,628
28099,16,759,346,413
28099,17,570,215,355
28099,18,558,181,377
28101,0,21443,10259,11184
28101,1,1378,677,701
28101,2,1503,743,760
28101,3,1600,803,797
28101,4,1750,918,832
28101,5,1391,686,705
28101,6,1390,693,697
28101,7,1130,539,591
28101,8,1210,567,643
28101,9,1307,636,671
28101,10,1411,667,744
28101,11,1237,603,634
28101,12,1283,631,652
28101,13,1268,568,700
28101,14,1128,507,621
28101,15,942,433,509
28101,16,646,271,375
28101,17,445,185,260
28101,18,424,132,292
28103,0,10535,4968,5567
28103,1,770,380,390
28103,2,683,334,349
28103,3,714,370,344
28103,4,659,352,307
28103,5,746,347,399
28103,6,726,355,371
28103,7,648,317,331
28103,8,620,288,332
28103,9,529,242,287
28103,10,602,270,332
28103,11,645,282,363
28103,12,713,324,389
28103,13,756,370,386
28103,14,542,272,270
28103,15,438,182,256
28103,16,292,128,164
28103,17,228,91,137
28103,18,224,64,160
28105,0,49599,24736,24863
28105,1,2668,1374,1294
28105,2,2396,1221,1175
28105,3,2382,1228,1154
28105,4,5066,2497,2569
28105,5,11388,6253,5135
28105,6,4139,2120,2019
28105,7,2738,1336,1402
28105,8,2581,1293,1288
28105,9,1996,965,1031
28105,10,1934,913,1021
28105,11,2067,936,1131
28105,12,2283,1025,1258
28105,13,2251,1076,1175
28105,14,1795,844,951
28105,15,1371,627,744
28105,16,1089,469,620
28105,17,700,296,404
28105,18,755,263,492
28107,0,34178,16423,17755
28107,1,2349,1215,1134
28107,2,2309,1172,1137
28107,3,2379,1211,1168
28107,4,2245,1143,1102
28107,5,2159,1111,1048
28107,6,2449,1213,1236
28107,7,2099,895,1204
28107,8,2001,967,1034
28107,9,1932,877,1055
28107,10,2055,980,1075
28107,11,2243,1059,1184
28107,12,2298,1099,1199
28107,13,2281,1115,1166
28107,14,1792,835,957
28107,15,1424,644,780
28107,16,964,416,548
28107,17,629,263,366
28107,18,570,208,362
28109,0,55387,27264,28123
28109,1,3210,1630,1580
28109,2,3470,1793,1677
28109,3,3671,1814,1857
28109,4,3798,1993,1805
28109,5,3306,1718,1588
28109,6,3479,1790,1689
28109,7,3047,1480,1567
28109,8,3114,1524,1590
28109,9,3190,1511,1679
28109,10,3492,1745,1747
28109,11,3633,1784,1849
28109,12,3836,1908,1928
28109,13,3746,1776,1970
28109,14,3460,1649,1811
28109,15,2849,1352,1497
28109,16,1957,917,1040
28109,17,1155,519,636
28109,18,974,361,613
28111,0,11931,5833,6098
28111,1,692,391,301
28111,2,736,360,376
28111,3,805,420,385
28111,4,719,382,337
28111,5,687,349,338
28111,6,815,398,417
28111,7,601,266,335
28111,8,739,360,379
28111,9,719,361,358
28111,10,724,350,374
28111,11,763,373,390
28111,12,905,436,469
28111,13,847,417,430
28111,14,682,329,353
28111,15,591,265,326
28111,16,405,180,225
28111,17,274,116,158
28111,18,227,80,147
28113,0,39563,18653,20910
28113,1,2669,1295,1374
28113,2,2841,1407,1434
28113,3,2977,1508,1469
28113,4,2943,1523,1420
28113,5,2432,1183,1249
28113,6,2617,1287,1330
28113,7,2072,954,1118
28113,8,2361,1108,1253
28113,9,2266,1038,1228
28113,10,2363,1090,1273
28113,11,2241,1061,1180
28113,12,2509,1145,1364
28113,13,2439,1143,1296
28113,14,2309,1022,1287
28113,15,1714,783,931
28113,16,1194,511,683
28113,17,815,336,479
28113,18,801,259,542
28115,0,31833,15572,16261
28115,1,2249,1131,1118
28115,2,2226,1112,1114
28115,3,2533,1300,1233
28115,4,2147,1093,1054
28115,5,1884,904,980
28115,6,2026,1018,1008
28115,7,2018,1018,1000
28115,8,2085,1018,1067
28115,9,1870,913,957
28115,10,1976,960,1016
28115,11,2107,1065,1042
28115,12,2094,1006,1088
28115,13,1855,914,941
28115,14,1538,758,780
28115,15,1202,561,641
28115,16,863,375,488
28115,17,575,225,350
28115,18,585,201,384
28117,0,25315,12417,12898
28117,1,1519,800,719
28117,2,1596,823,773
28117,3,1594,832,762
28117,4,1675,881,794
28117,5,1802,976,826
28117,6,1748,854,894
28117,7,1473,768,705
28117,8,1499,770,729
28117,9,1366,680,686
28117,10,1566,784,782
28117,11,1681,809,872
28117,12,1620,783,837
28117,13,1573,761,812
28117,14,1332,630,702
28117,15,1182,487,695
28117,16,893,367,526
28117,17,606,237,369
28117,18,590,175,415
28119,0,7051,3277,3774
28119,1,422,187,235
28119,2,446,229,217
28119,3,447,239,208
28119,4,475,258,217
28119,5,466,220,246
28119,6,474,232,242
28119,7,372,187,185
28119,8,361,162,199
28119,9,442,180,262
28119,10,442,180,262
28119,11,473,219,254
28119,12,506,256,250
28119,13,501,231,270
28119,14,383,157,226
28119,15,320,141,179
28119,16,236,104,132
28119,17,142,49,93
28119,18,143,46,97
28121,0,153902,74073,79829
28121,1,9005,4485,4520
28121,2,9784,5023,4761
28121,3,10531,5387,5144
28121,4,9657,4885,4772
28121,5,8731,4326,4405
28121,6,10569,5124,5445
28121,7,10987,5177,5810
28121,8,11248,5472,5776
28121,9,10690,5213,5477
28121,10,10652,5178,5474
28121,11,9538,4705,4833
28121,12,9879,4747,5132
28121,13,9092,4254,4838
28121,14,7750,3483,4267
28121,15,6320,2817,3503
28121,16,4157,1837,2320
28121,17,2744,1102,1642
28121,18,2568,858,1710
28123,0,28287,13883,14404
28123,1,2210,1208,1002
28123,2,2061,1060,1001
28123,3,2176,1141,1035
28123,4,1744,926,818
28123,5,1692,844,848
28123,6,1935,970,965
28123,7,1720,857,863
28123,8,1667,807,860
28123,9,1689,821,868
28123,10,1759,909,850
28123,11,1740,832,908
28123,12,1866,913,953
28123,13,1768,830,938
28123,14,1372,615,757
28123,15,1088,462,626
28123,16,787,340,447
28123,17,525,200,325
28123,18,488,148,340
28125,0,4377,2091,2286
28125,1,261,139,122
28125,2,289,153,136
28125,3,332,183,149
28125,4,281,152,129
28125,5,226,105,121
28125,6,236,113,123
28125,7,235,111,124
28125,8,241,106,135
28125,9,235,109,126
28125,10,219,109,110
28125,11,278,132,146
28125,12,363,148,215
28125,13,343,149,194
28125,14,283,131,152
28125,15,203,100,103
28125,16,127,62,65
28125,17,97,45,52
28125,18,128,44,84
28127,0,26758,12986,13772
28127,1,1492,725,767
28127,2,1729,891,838
28127,3,1933,1016,917
28127,4,1754,936,818
28127,5,1578,835,743
28127,6,1818,909,909
28127,7,1433,665,768
28127,8,1680,819,861
28127,9,1539,747,792
28127,10,1652,766,886
28127,11,1649,770,879
28127,12,1918,899,1019
28127,13,1877,920,957
28127,14,1526,719,807
28127,15,1187,544,643
28127,16,905,399,506
28127,17,579,235,344
28127,18,509,191,318
28129,0,16002,7689,8313
28129,1,912,467,445
28129,2,993,503,490
28129,3,1100,542,558
28129,4,1038,522,516
28129,5,897,451,446
28129,6,1011,489,522
28129,7,789,376,413
28129,8,975,464,511
28129,9,863,412,451
28129,10,1033,503,530
28129,11,1025,502,523
28129,12,1105,512,593
28129,13,1123,565,558
28129,14,952,468,484
28129,15,819,407,412
28129,16,595,251,344
28129,17,403,135,268
28129,18,369,120,249
28131,0,18717,9455,9262
28131,1,1053,532,521
28131,2,1078,568,510
28131,3,1127,576,551
28131,4,1829,965,864
28131,5,1441,745,696
28131,6,1223,640,583
28131,7,1064,563,501
28131,8,1101,530,571
28131,9,1072,559,513
28131,10,1136,591,545
28131,11,1172,583,589
28131,12,1232,593,639
28131,13,1198,573,625
28131,14,1065,539,526
28131,15,834,416,418
28131,16,529,240,289
28131,17,339,155,184
28131,18,224,87,137
28133,0,25735,13737,11998
28133,1,1441,759,682
28133,2,1571,767,804
28133,3,1724,852,872
28133,4,1705,872,833
28133,5,1797,1055,742
28133,6,2408,1515,893
28133,7,1870,1198,672
28133,8,1802,1044,758
28133,9,1580,941,639
28133,10,1654,945,709
28133,11,1627,868,759
28133,12,1598,760,838
28133,13,1440,682,758
28133,14,1300,599,701
28133,15,803,365,438
28133,16,600,256,344
28133,17,407,150,257
28133,18,408,109,299
28135,0,13987,7776,6211
28135,1,788,392,396
28135,2,722,347,375
28135,3,797,390,407
28135,4,724,375,349
28135,5,1174,814,360
28135,6,1336,922,414
28135,7,1106,773,333
28135,8,936,601,335
28135,9,877,524,353
28135,10,909,500,409
28135,11,843,435,408
28135,12,831,387,444
28135,13,854,433,421
28135,14,685,341,344
28135,15,492,201,291
28135,16,374,155,219
28135,17,277,104,173
28135,18,262,82,180
28137,0,28759,13850,14909
28137,1,1667,829,838
28137,2,1707,863,844
28137,3,1962,1011,951
28137,4,2524,1262,1262
28137,5,2063,1034,1029
28137,6,1824,915,909
28137,7,1729,849,880
28137,8,1658,780,878
28137,9,1504,699,805
28137,10,1762,835,927
28137,11,1838,922,916
28137,12,1997,945,1052
28137,13,1725,797,928
28137,14,1618,762,856
28137,15,1289,575,714
28137,16,896,404,492
28137,17,517,223,294
28137,18,479,145,334
28139,0,21995,10718,11277
28139,1,1402,707,695
28139,2,1441,735,706
28139,3,1611,806,805
28139,4,1489,751,738
28139,5,1446,730,716
28139,6,1444,715,729
28139,7,1181,571,610
28139,8,1355,608,747
28139,9,1295,651,644
28139,10,1403,718,685
28139,11,1479,757,722
28139,12,1502,744,758
28139,13,1310,628,682
28139,14,1182,535,647
28139,15,1013,472,541
28139,16,676,306,370
28139,17,428,166,262
28139,18,338,118,220
28141,0,19454,9452,10002
28141,1,1071,572,499
28141,2,1090,560,530
28141,3,1318,681,637
28141,4,1126,573,553
28141,5,1077,534,543
28141,6,1212,632,580
28141,7,1054,529,525
28141,8,1064,475,589
28141,9,1145,524,621
28141,10,1269,601,668
28141,11,1376,682,694
28141,12,1366,696,670
28141,13,1317,640,677
28141,14,1210,585,625
28141,15,1098,483,615
28141,16,740,337,403
28141,17,537,217,320
28141,18,384,131,253
28143,0,9944,4650,5294
28143,1,857,422,435
28143,2,813,406,407
28143,3,770,397,373
28143,4,732,383,349
28143,5,622,295,327
28143,6,701,311,390
28143,7,679,303,376
28143,8,687,302,385
28143,9,567,253,314
28143,10,608,289,319
28143,11,525,243,282
28143,12,606,269,337
28143,13,562,249,313
28143,14,482,207,275
28143,15,301,152,149
28143,16,191,81,110
28143,17,131,51,80
28143,18,110,37,73
28145,0,28606,14016,14590
28145,1,1907,978,929
28145,2,1948,966,982
28145,3,2105,1057,1048
28145,4,1834,945,889
28145,5,1633,854,779
28145,6,1900,937,963
28145,7,1712,853,859
28145,8,1811,921,890
28145,9,1845,893,952
28145,10,1842,887,955
28145,11,1825,912,913
28145,12,1793,886,907
28145,13,1666,806,860
28145,14,1501,718,783
28145,15,1259,599,660
28145,16,861,365,496
28145,17,581,237,344
28145,18,583,202,381
28147,0,14465,6968,7497
28147,1,835,388,447
28147,2,881,443,438
28147,3,989,527,462
28147,4,919,455,464
28147,5,888,467,421
28147,6,867,446,421
28147,7,780,396,384
28147,8,892,436,456
28147,9,842,389,453
28147,10,888,394,494
28147,11,831,407,424
28147,12,998,478,520
28147,13,1015,487,528
28147,14,881,419,462
28147,15,660,295,365
28147,16,543,244,299
28147,17,385,164,221
28147,18,371,133,238
28149,0,46176,21990,24186
28149,1,2957,1574,1383
28149,2,2913,1418,1495
28149,3,3198,1648,1550
28149,4,3004,1495,1509
28149,5,2824,1366,1458
28149,6,3049,1458,1591
28149,7,2675,1260,1415
28149,8,2912,1364,1548
28149,9,2749,1318,1431
28149,10,2773,1296,1477
28149,11,2860,1317,1543
28149,12,3328,1582,1746
28149,13,3269,1519,1750
28149,14,2696,1319,1377
28149,15,1945,879,1066
28149,16,1384,594,790
28149,17,853,348,505
28149,18,787,235,552
28151,0,45063,20889,24174
28151,1,3232,1603,1629
28151,2,3318,1658,1660
28151,3,3194,1625,1569
28151,4,2958,1490,1468
28151,5,2912,1413,1499
28151,6,3027,1465,1562
28151,7,2562,1206,1356
28151,8,2666,1193,1473
28151,9,2367,1045,1322
28151,10,2588,1149,1439
28151,11,2747,1218,1529
28151,12,3135,1441,1694
28151,13,3217,1431,1786
28151,14,2652,1196,1456
28151,15,1784,768,1016
28151,16,1200,513,687
28151,17,764,274,490
28151,18,740,201,539
28153,0,20298,9749,10549
28153,1,1379,702,677
28153,2,1362,679,683
28153,3,1412,731,681
28153,4,1284,646,638
28153,5,1244,608,636
28153,6,1394,677,717
28153,7,1155,535,620
28153,8,1184,565,619
28153,9,1148,541,607
28153,10,1211,580,631
28153,11,1198,560,638
28153,12,1527,735,792
28153,13,1327,654,673
28153,14,1076,511,565
28153,15,893,410,483
28153,16,654,274,380
28153,17,490,219,271
28153,18,360,122,238
28155,0,9788,4779,5009
28155,1,587,283,304
28155,2,616,345,271
28155,3,705,363,342
28155,4,636,337,299
28155,5,531,244,287
28155,6,597,305,292
28155,7,587,271,316
28155,8,608,322,286
28155,9,514,245,269
28155,10,609,305,304
28155,11,664,317,347
28155,12,735,380,355
28155,13,661,321,340
28155,14,547,259,288
28155,15,458,209,249
28155,16,330,136,194
28155,17,213,83,130
28155,18,190,54,136
28157,0,8792,4714,4078
28157,1,465,260,205
28157,2,516,253,263
28157,3,563,272,291
28157,4,485,254,231
28157,5,544,349,195
28157,6,725,475,250
28157,7,650,434,216
28157,8,575,342,233
28157,9,473,281,192
28157,10,474,249,225
28157,11,555,270,285
28157,12,622,305,317
28157,13,632,310,322
28157,14,536,256,280
28157,15,331,159,172
28157,16,280,119,161
28157,17,162,63,99
28157,18,204,63,141
28159,0,18165,8867,9298
28159,1,964,501,463
28159,2,1072,548,524
28159,3,1346,701,645
28159,4,1150,614,536
28159,5,954,491,463
28159,6,1126,571,555
28159,7,1043,519,524
28159,8,1058,513,545
28159,9,1062,510,552
28159,10,1110,534,576
28159,11,1089,561,528
28159,12,1259,602,657
28159,13,1304,619,685
28159,14,1149,538,611
28159,15,915,438,477
28159,16,633,261,372
28159,17,479,182,297
28159,18,452,164,288
28161,0,12392,5934,6458
28161,1,759,380,379
28161,2,729,392,337
28161,3,829,434,395
28161,4,711,364,347
28161,5,646,333,313
28161,6,840,362,478
28161,7,627,291,336
28161,8,687,313,374
28161,9,690,341,349
28161,10,814,397,417
28161,11,772,374,398
28161,12,861,398,463
28161,13,953,436,517
28161,14,817,391,426
28161,15,663,338,325
28161,16,444,180,264
28161,17,316,139,177
28161,18,234,71,163
28163,0,28248,16261,11987
28163,1,1569,816,753
28163,2,1722,880,842
28163,3,1903,1004,899
28163,4,1588,838,750
28163,5,1779,1006,773
28163,6,2519,1717,802
28163,7,2541,1857,684
28163,8,2560,1840,720
28163,9,1881,1249,632
28163,10,1653,988,665
28163,11,1629,902,727
28163,12,1604,830,774
28163,13,1538,755,783
28163,14,1176,577,599
28163,15,942,417,525
28163,16,662,271,391
28163,17,468,169,299
28163,18,514,145,369
29001,0,25339,12194,13145
29001,1,1276,674,602
29001,2,1207,625,582
29001,3,1349,663,686
29001,4,2869,1281,1588
29001,5,4974,2342,2632
29001,6,1455,756,699
29001,7,1167,582,585
29001,8,1190,567,623
29001,9,971,485,486
29001,10,1215,620,595
29001,11,1238,640,598
29001,12,1374,633,741
29001,13,1299,637,662
29001,14,1124,554,570
29001,15,943,449,494
29001,16,704,327,377
29001,17,458,179,279
29001,18,526,180,346
29003,0,17607,8746,8861
29003,1,1001,508,493
29003,2,1144,584,560
29003,3,1190,595,595
29003,4,1083,597,486
29003,5,893,462,431
29003,6,1038,529,509
29003,7,975,477,498
29003,8,1117,537,580
29003,9,1051,510,541
29003,10,1105,587,518
29003,11,1156,600,556
29003,12,1293,648,645
29003,13,1308,618,690
29003,14,1039,548,491
29003,15,806,370,436
29003,16,617,287,330
29003,17,374,158,216
29003,18,417,131,286
29005,0,5171,2572,2599
29005,1,251,133,118
29005,2,299,158,141
29005,3,291,147,144
29005,4,277,142,135
29005,5,222,112,110
29005,6,295,151,144
29005,7,234,114,120
29005,8,278,146,132
29005,9,280,144,136
29005,10,317,165,152
29005,11,351,168,183
29005,12,373,199,174
29005,13,388,189,199
29005,14,341,174,167
29005,15,368,182,186
29005,16,268,135,133
29005,17,140,61,79
29005,18,198,52,146
29007,0,25473,11687,13786
29007,1,1610,822,788
29007,2,1488,780,708
29007,3,1576,838,738
29007,4,1661,935,726
29007,5,1530,667,863
29007,6,1688,673,1015
29007,7,1611,616,995
29007,8,1663,707,956
29007,9,1555,629,926
29007,10,1555,720,835
29007,11,1541,699,842
29007,12,1752,818,934
29007,13,1691,829,862
29007,14,1466,677,789
29007,15,1119,557,562
29007,16,835,358,477
29007,17,577,221,356
29007,18,555,141,414
29009,0,35886,18147,17739
29009,1,2173,1157,1016
29009,2,2230,1210,1020
29009,3,2358,1221,1137
29009,4,2124,1124,1000
29009,5,1952,1055,897
29009,6,2145,1103,1042
29009,7,1833,953,880
29009,8,1909,957,952
29009,9,1888,951,937
29009,10,2169,1045,1124
29009,11,2312,1164,1148
29009,12,2733,1403,1330
29009,13,2672,1293,1379
29009,14,2302,1150,1152
29009,15,1945,951,994
29009,16,1452,696,756
29009,17,908,397,511
29009,18,781,317,464
29011,0,11798,5807,5991
29011,1,674,336,338
29011,2,705,358,347
29011,3,846,442,404
29011,4,800,436,364
29011,5,672,339,333
29011,6,685,354,331
29011,7,553,271,282
29011,8,724,346,378
29011,9,604,307,297
29011,10,653,323,330
29011,11,722,358,364
29011,12,859,411,448
29011,13,878,452,426
29011,14,711,326,385
29011,15,599,273,326
29011,16,469,227,242
29011,17,297,127,170
29011,18,347,121,226
29013,0,16320,8069,8251
29013,1,958,489,469
29013,2,992,500,492
29013,3,1151,562,589
29013,4,1044,575,469
29013,5,915,494,421
29013,6,905,455,450
29013,7,920,484,436
29013,8,978,442,536
29013,9,902,454,448
29013,10,931,475,456
29013,11,1044,530,514
29013,12,1276,624,652
29013,13,1140,588,552
29013,14,965,445,520
29013,15,711,351,360
29013,16,639,278,361
29013,17,469,195,274
29013,18,380,128,252
29015,0,19278,9663,9615
29015,1,847,423,424
29015,2,877,448,429
29015,3,970,498,472
29015,4,950,496,454
29015,5,697,358,339
29015,6,834,437,397
29015,7,745,396,349
29015,8,823,396,427
29015,9,789,385,404
29015,10,1101,557,544
29015,11,1229,626,603
29015,12,1635,818,817
29015,13,1842,895,947
29015,14,1875,906,969
29015,15,1603,826,777
29015,16,1168,609,559
29015,17,728,355,373
29015,18,565,234,331
29017,0,12169,6120,6049
29017,1,587,326,261
29017,2,760,401,359
29017,3,760,386,374
29017,4,733,404,329
29017,5,590,308,282
29017,6,660,316,344
29017,7,636,330,306
29017,8,684,354,330
29017,9,687,350,337
29017,10,791,371,420
29017,11,866,433,433
29017,12,988,530,458
29017,13,925,439,486
29017,14,830,394,436
29017,15,626,306,320
29017,16,489,237,252
29017,17,300,145,155
29017,18,257,90,167
29019,0,180005,87247,92758
29019,1,10513,5375,5138
29019,2,10186,5233,4953
29019,3,10117,5244,4873
29019,4,14493,6832,7661
29019,5,25819,12272,13547
29019,6,15208,7570,7638
29019,7,12279,6201,6078
29019,8,11566,5715,5851
29019,9,9716,4794,4922
29019,10,9523,4639,4884
29019,11,9042,4331,4711
29019,12,10097,4855,5242
29019,13,9388,4357,5031
29019,14,7974,3770,4204
29019,15,5419,2584,2835
29019,16,3566,1535,2031
29019,17,2356,1008,1348
29019,18,2743,932,1811
29021,0,88571,44705,43866
29021,1,5563,2881,2682
29021,2,5524,2786,2738
29021,3,5586,2848,2738
29021,4,5600,2899,2701
29021,5,5844,3160,2684
29021,6,6510,3444,3066
29021,7,6042,3219,2823
29021,8,5935,3258,2677
29021,9,5168,2800,2368
29021,10,5231,2669,2562
29021,11,5491,2785,2706
29021,12,6150,3089,3061
29021,13,5652,2742,2910
29021,14,4602,2143,2459
29021,15,3456,1574,1882
29021,16,2523,1066,1457
29021,17,1755,715,1040
29021,18,1939,627,1312
29023,0,42639,20715,21924
29023,1,2710,1450,1260
29023,2,2783,1388,1395
29023,3,2817,1447,1370
29023,4,2628,1395,1233
29023,5,2357,1183,1174
29023,6,2723,1346,1377
29023,7,2580,1277,1303
29023,8,2543,1191,1352
29023,9,2400,1181,1219
29023,10,2562,1259,1303
29023,11,2701,1293,1408
29023,12,2906,1399,1507
29023,13,2908,1368,1540
29023,14,2412,1097,1315
29023,15,2020,924,1096
29023,16,1497,686,811
29023,17,1157,474,683
29023,18,935,357,578
29025,0,9108,4620,4488
29025,1,525,251,274
29025,2,559,321,238
29025,3,671,360,311
29025,4,628,352,276
29025,5,516,264,252
29025,6,496,264,232
29025,7,440,216,224
29025,8,518,255,263
29025,9,489,248,241
29025,10,557,295,262
29025,11,598,296,302
29025,12,686,346,340
29025,13,623,301,322
29025,14,572,287,285
29025,15,436,225,211
29025,16,331,154,177
29025,17,234,107,127
29025,18,229,78,151
29027,0,44889,22949,21940
29027,1,2449,1279,1170
29027,2,2572,1296,1276
29027,3,2715,1416,1299
29027,4,3092,1507,1585
29027,5,3304,1763,1541
29027,6,3084,1669,1415
29027,7,2848,1559,1289
29027,8,2917,1551,1366
29027,9,2590,1346,1244
29027,10,2829,1462,1367
29027,11,2958,1528,1430
29027,12,3339,1661,1678
29027,13,2888,1414,1474
29027,14,2554,1303,1251
29027,15,1838,934,904
29027,16,1294,623,671
29027,17,818,369,449
29027,18,800,269,531
29029,0,45815,22792,23023
29029,1,2052,1066,986
29029,2,2137,1102,1035
29029,3,2346,1176,1170
29029,4,2357,1231,1126
29029,5,1836,940,896
29029,6,2126,1067,1059
29029,7,2151,1067,1084
29029,8,2176,1057,1119
29029,9,2049,1032,1017
29029,10,2495,1190,1305
29029,11,2958,1439,1519
29029,12,3852,1856,1996
29029,13,4375,2115,2260
29029,14,4290,2101,2189
29029,15,3737,1906,1831
29029,16,2484,1313,1171
29029,17,1374,697,677
29029,18,1020,437,583
29031,0,78753,38191,40562
29031,1,4558,2314,2244
29031,2,4614,2404,2210
29031,3,4852,2476,2376
29031,4,5771,2753,3018
29031,5,7996,3860,4136
29031,6,5343,2720,2623
29031,7,4735,2339,2396
29031,8,4721,2317,2404
29031,9,4152,2105,2047
29031,10,4398,2177,2221
29031,11,4462,2170,2292
29031,12,5020,2478,2542
29031,13,4852,2321,2531
29031,14,4277,2040,2237
29031,15,3142,1431,1711
29031,16,2281,949,1332
29031,17,1742,725,1017
29031,18,1837,612,1225
29033,0,8743,4247,4496
29033,1,511,270,241
29033,2,564,284,280
29033,3,568,275,293
29033,4,557,271,286
29033,5,493,244,249
29033,6,479,255,224
29033,7,401,193,208
29033,8,486,221,265
29033,9,498,237,261
29033,10,530,279,251
29033,11,546,269,277
29033,12,639,331,308
29033,13,565,264,301
29033,14,565,282,283
29033,15,509,223,286
29033,16,347,154,193
29033,17,242,102,140
29033,18,243,93,150
29035,0,6054,2926,3128
29035,1,389,185,204
29035,2,368,184,184
29035,3,418,202,216
29035,4,376,192,184
29035,5,308,148,160
29035,6,328,154,174
29035,7,285,133,152
29035,8,353,181,172
29035,9,337,156,181
29035,10,374,184,190
29035,11,391,197,194
29035,12,464,236,228
29035,13,456,227,229
29035,14,402,185,217
29035,15,331,160,171
29035,16,211,102,109
29035,17,131,48,83
29035,18,132,52,80
29037,0,104954,51161,53793
29037,1,6432,3283,3149
29037,2,6984,3576,3408
29037,3,7436,3785,3651
29037,4,6907,3544,3363
29037,5,5651,2875,2776
29037,6,6254,3105,3149
29037,7,6222,3075,3147
29037,8,6649,3215,3434
29037,9,6489,3166,3323
29037,10,6742,3314,3428
29037,11,6848,3383,3465
29037,12,7807,3819,3988
29037,13,6841,3318,3523
29037,14,5453,2497,2956
29037,15,4436,2007,2429
29037,16,3396,1490,1906
29037,17,2173,898,1275
29037,18,2234,811,1423
29039,0,14165,7075,7090
29039,1,979,493,486
29039,2,878,453,425
29039,3,945,497,448
29039,4,910,510,400
29039,5,677,361,316
29039,6,733,379,354
29039,7,651,310,341
29039,8,711,355,356
29039,9,698,350,348
29039,10,803,415,388
29039,11,855,396,459
29039,12,985,495,490
29039,13,1032,536,496
29039,14,992,463,529
29039,15,824,401,423
29039,16,648,299,349
29039,17,449,222,227
29039,18,395,140,255
29041,0,7451,3699,3752
29041,1,449,224,225
29041,2,458,241,217
29041,3,485,258,227
29041,4,450,246,204
29041,5,326,159,167
29041,6,394,199,195
29041,7,340,166,174
29041,8,385,195,190
29041,9,394,186,208
29041,10,370,184,186
29041,11,450,236,214
29041,12,573,295,278
29041,13,615,301,314
29041,14,482,261,221
29041,15,395,191,204
29041,16,334,151,183
29041,17,224,85,139
29041,18,327,121,206
29043,0,86983,42666,44317
29043,1,5489,2867,2622
29043,2,6263,3262,3001
29043,3,6495,3285,3210
29043,4,5610,2864,2746
29043,5,4431,2166,2265
29043,6,5427,2683,2744
29043,7,5866,2801,3065
29043,8,6223,3043,3180
29043,9,5592,2787,2805
29043,10,5757,2898,2859
29043,11,5179,2545,2634
29043,12,5781,2777,3004
29043,13,5199,2444,2755
29043,14,4533,2117,2416
29043,15,3677,1764,1913
29043,16,2521,1136,1385
29043,17,1545,691,854
29043,18,1395,536,859
29045,0,6842,3495,3347
29045,1,419,233,186
29045,2,427,213,214
29045,3,467,259,208
29045,4,384,199,185
29045,5,332,175,157
29045,6,373,178,195
29045,7,349,194,155
29045,8,364,178,186
29045,9,397,215,182
29045,10,365,184,181
29045,11,486,261,225
29045,12,552,274,278
29045,13,504,269,235
29045,14,445,229,216
29045,15,326,151,175
29045,16,258,119,139
29045,17,187,92,95
29045,18,207,72,135
29047,0,246365,120984,125381
29047,1,15697,8098,7599
29047,2,16331,8292,8039
29047,3,17217,8790,8427
29047,4,15486,7994,7492
29047,5,14271,7149,7122
29047,6,18034,8988,9046
29047,7,17982,8928,9054
29047,8,17819,8959,8860
29047,9,16183,7949,8234
29047,10,16657,8231,8426
29047,11,15413,7570,7843
29047,12,16097,7868,8229
29047,13,14407,6865,7542
29047,14,11595,5334,6261
29047,15,9248,4290,4958
29047,16,6081,2716,3365
29047,17,3923,1581,2342
29047,18,3924,1382,2542
29049,0,20470,10296,10174
29049,1,1239,634,605
29049,2,1265,663,602
29049,3,1423,734,689
29049,4,1316,700,616
29049,5,1044,527,517
29049,6,1193,628,565
29049,7,1125,547,578
29049,8,1234,601,633
29049,9,1178,608,570
29049,10,1322,649,673
29049,11,1386,709,677
29049,12,1592,781,811
29049,13,1450,737,713
29049,14,1182,576,606
29049,15,916,459,457
29049,16,654,312,342
29049,17,452,216,236
29049,18,499,215,284
29051,0,76796,38795,38001
29051,1,4574,2359,2215
29051,2,4685,2342,2343
29051,3,4999,2525,2474
29051,4,4818,2453,2365
29051,5,4675,2409,2266
29051,6,5265,2871,2394
29051,7,5156,2808,2348
29051,8,5245,2854,2391
29051,9,4613,2509,2104
29051,10,4874,2553,2321
29051,11,5031,2634,2397
29051,12,5227,2549,2678
29051,13,4900,2349,2551
29051,14,4241,1978,2263
29051,15,3279,1546,1733
29051,16,2192,974,1218
29051,17,1414,582,832
29051,18,1608,500,1108
29053,0,17603,9196,8407
29053,1,947,492,455
29053,2,1013,520,493
29053,3,1109,519,590
29053,4,1121,619,502
29053,5,1311,860,451
29053,6,1314,836,478
29053,7,1064,594,470
29053,8,1109,571,538
29053,9,981,525,456
29053,10,1005,519,486
29053,11,1076,549,527
29053,12,1250,599,651
29053,13,1148,588,560
29053,14,969,473,496
29053,15,784,366,418
29053,16,568,251,317
29053,17,375,159,216
29053,18,459,156,303
29055,0,23957,11883,12074
29055,1,1360,702,658
29055,2,1426,686,740
29055,3,1677,815,862
29055,4,1464,769,695
29055,5,1285,675,610
29055,6,1386,690,696
29055,7,1266,631,635
29055,8,1405,713,692
29055,9,1311,644,667
29055,10,1416,719,697
29055,11,1586,794,792
29055,12,1924,983,941
29055,13,1740,852,888
29055,14,1480,737,743
29055,15,1267,625,642
29055,16,882,401,481
29055,17,546,261,285
29055,18,536,186,350
29057,0,7569,3866,3703
29057,1,366,206,160
29057,2,423,226,197
29057,3,467,267,200
29057,4,457,254,203
29057,5,357,189,168
29057,6,350,185,165
29057,7,352,182,170
29057,8,430,209,221
29057,9,403,220,183
29057,10,454,238,216
29057,11,495,239,256
29057,12,589,293,296
29057,13,636,291,345
29057,14,572,301,271
29057,15,424,210,214
29057,16,333,162,171
29057,17,239,118,121
29057,18,222,76,146
29059,0,16762,8364,8398
29059,1,1090,581,509
29059,2,1028,487,541
29059,3,1166,609,557
29059,4,1003,520,483
29059,5,829,438,391
29059,6,930,481,449
29059,7,884,451,433
29059,8,892,458,434
29059,9,889,444,445
29059,10,933,467,466
29059,11,1086,531,555
29059,12,1324,647,677
29059,13,1310,644,666
29059,14,1093,558,535
29059,15,829,407,422
29059,16,652,312,340
29059,17,416,180,236
29059,18,408,149,259
29061,0,8313,4193,4120
29061,1,557,299,258
29061,2,545,284,261
29061,3,625,319,306
29061,4,587,293,294
29061,5,441,232,209
29061,6,464,229,235
29061,7,393,197,196
29061,8,430,229,201
29061,9,456,240,216
29061,10,471,222,249
29061,11,469,236,233
29061,12,577,290,287
29061,13,599,295,304
29061,14,519,262,257
29061,15,491,243,248
29061,16,297,157,140
29061,17,204,92,112
29061,18,188,74,114
29063,0,12630,7905,4725
29063,1,613,296,317
29063,2,580,318,262
29063,3,608,313,295
29063,4,581,336,245
29063,5,802,581,221
29063,6,1033,766,267
29063,7,989,766,223
29063,8,953,687,266
29063,9,948,684,264
29063,10,932,644,288
29063,11,896,612,284
29063,12,859,505,354
29063,13,734,398,336
29063,14,624,344,280
29063,15,449,226,223
29063,16,387,193,194
29063,17,311,127,184
29063,18,331,109,222
29065,0,15441,7691,7750
29065,1,905,455,450
29065,2,976,491,485
29065,3,955,515,440
29065,4,942,494,448
29065,5,708,386,322
29065,6,807,397,410
29065,7,835,404,431
29065,8,887,466,421
29065,9,805,394,411
29065,10,867,430,437
29065,11,988,485,503
29065,12,1263,646,617
29065,13,1144,574,570
29065,14,985,472,513
29065,15,849,407,442
29065,16,640,297,343
29065,17,461,217,244
29065,18,424,161,263
29067,0,13373,6692,6681
29067,1,756,399,357
29067,2,810,413,397
29067,3,868,441,427
29067,4,711,369,342
29067,5,584,302,282
29067,6,636,330,306
29067,7,687,338,349
29067,8,708,364,344
29067,9,651,327,324
29067,10,727,351,376
29067,11,820,417,403
29067,12,1040,540,500
29067,13,1121,538,583
29067,14,1016,519,497
29067,15,823,396,427
29067,16,634,317,317
29067,17,412,179,233
29067,18,369,152,217
29069,0,29423,14075,15348
29069,1,2000,1040,960
29069,2,2166,1152,1014
29069,3,2119,1031,1088
29069,4,1911,949,962
29069,5,1600,802,798
29069,6,1745,847,898
29069,7,1527,735,792
29069,8,1639,781,858
29069,9,1683,808,875
29069,10,1742,843,899
29069,11,1818,864,954
29069,12,2025,1001,1024
29069,13,1940,902,1038
29069,14,1657,789,868
29069,15,1376,564,812
29069,16,1057,470,587
29069,17,711,271,440
29069,18,707,226,481
29071,0,103670,51520,52150
29071,1,6281,3231,3050
29071,2,6551,3388,3163
29071,3,6838,3531,3307
29071,4,6291,3247,3044
29071,5,5651,2922,2729
29071,6,6640,3366,3274
29071,7,6204,3153,3051
29071,8,6195,3143,3052
29071,9,5546,2800,2746
29071,10,6401,3161,3240
29071,11,7341,3639,3702
29071,12,8357,4199,4158
29071,13,7376,3588,3788
29071,14,5830,2850,2980
29071,15,4642,2158,2484
29071,16,3360,1510,1850
29071,17,2156,926,1230
29071,18,2010,708,1302
29073,0,14705,7340,7365
29073,1,774,423,351
29073,2,791,425,366
29073,3,912,474,438
29073,4,850,447,403
29073,5,731,364,367
29073,6,822,407,415
29073,7,755,376,379
29073,8,795,399,396
29073,9,719,366,353
29073,10,860,449,411
29073,11,1005,483,522
29073,12,1159,599,560
29073,13,1188,627,561
29073,14,970,475,495
29073,15,842,387,455
29073,16,598,286,312
29073,17,441,193,248
29073,18,493,160,333
29075,0,6628,3198,3430
29075,1,480,227,253
29075,2,471,233,238
29075,3,425,201,224
29075,4,405,204,201
29075,5,333,157,176
29075,6,418,210,208
29075,7,375,178,197
29075,8,380,186,194
29075,9,336,170,166
29075,10,369,179,190
29075,11,405,209,196
29075,12,467,242,225
29075,13,447,221,226
29075,14,354,169,185
29075,15,273,132,141
29075,16,258,121,137
29075,17,189,82,107
29075,18,243,77,166
29077,0,291923,141855,150068
29077,1,17658,9039,8619
29077,2,16770,8564,8206
29077,3,16807,8638,8169
29077,4,19063,9450,9613
29077,5,30426,14840,15586
29077,6,22296,11223,11073
29077,7,18862,9543,9319
29077,8,18389,9365,9024
29077,9,15904,8044,7860
29077,10,16441,8211,8230
29077,11,16433,8040,8393
29077,12,17957,8561,9396
29077,13,16832,8013,8819
29077,14,14766,6614,8152
29077,15,11917,5360,6557
29077,16,8708,3685,5023
29077,17,5903,2387,3516
29077,18,6791,2278,4513
29079,0,9914,4824,5090
29079,1,725,381,344
29079,2,643,332,311
29079,3,640,333,307
29079,4,631,290,341
29079,5,543,270,273
29079,6,641,314,327
29079,7,586,308,278
29079,8,497,270,227
29079,9,454,229,225
29079,10,504,227,277
29079,11,574,283,291
29079,12,682,341,341
29079,13,654,339,315
29079,14,581,268,313
29079,15,476,220,256
29079,16,444,196,248
29079,17,294,119,175
29079,18,345,104,241
29081,0,8414,4155,4259
29081,1,537,289,248
29081,2,538,263,275
29081,3,627,327,300
29081,4,517,276,241
29081,5,376,211,165
29081,6,436,225,211
29081,7,451,221,230
29081,8,463,242,221
29081,9,415,208,207
29081,10,437,227,210
29081,11,502,247,255
29081,12,592,286,306
29081,13,633,293,340
29081,14,520,260,260
29081,15,427,219,208
29081,16,361,168,193
29081,17,253,95,158
29081,18,329,98,231
29083,0,21792,10691,11101
29083,1,1294,657,637
29083,2,1365,698,667
29083,3,1309,652,657
29083,4,1283,659,624
29083,5,1074,546,528
29083,6,1211,600,611
29083,7,1222,618,604
29083,8,1244,606,638
29083,9,1096,559,537
29083,10,1272,631,641
29083,11,1403,720,683
29083,12,1673,814,859
29083,13,1608,760,848
29083,14,1420,681,739
29083,15,1267,614,653
29083,16,912,421,491
29083,17,577,260,317
29083,18,562,195,367
29085,0,9509,4700,4809
29085,1,426,234,192
29085,2,427,216,211
29085,3,486,235,251
29085,4,458,229,229
29085,5,322,156,166
29085,6,351,177,174
29085,7,368,192,176
29085,8,407,192,215
29085,9,368,165,203
29085,10,512,263,249
29085,11,613,308,305
29085,12,791,366,425
29085,13,863,414,449
29085,14,915,453,462
29085,15,890,456,434
29085,16,636,331,305
29085,17,375,182,193
29085,18,301,131,170
29087,0,4404,2154,2250
29087,1,227,103,124
29087,2,257,131,126
29087,3,266,131,135
29087,4,227,115,112
29087,5,173,85,88
29087,6,216,101,115
29087,7,217,122,95
29087,8,217,122,95
29087,9,232,114,118
29087,10,277,140,137
29087,11,301,142,159
29087,12,353,171,182
29087,13,335,158,177
29087,14,330,180,150
29087,15,245,120,125
29087,16,190,100,90
29087,17,138,60,78
29087,18,203,59,144
29089,0,10137,5064,5073
29089,1,602,302,300
29089,2,613,341,272
29089,3,633,320,313
29089,4,791,416,375
29089,5,808,415,393
29089,6,538,264,274
29089,7,573,277,296
29089,8,595,295,300
29089,9,471,237,234
29089,10,536,268,268
29089,11,590,315,275
29089,12,723,356,367
29089,13,711,357,354
29089,14,642,304,338
29089,15,438,222,216
29089,16,353,166,187
29089,17,255,109,146
29089,18,265,100,165
29091,0,40076,19500,20576
29091,1,2533,1249,1284
29091,2,2680,1398,1282
29091,3,2724,1364,1360
29091,4,2502,1275,1227
29091,5,2239,1162,1077
29091,6,2482,1247,1235
29091,7,2324,1126,1198
29091,8,2259,1144,1115
29091,9,2255,1096,1159
29091,10,2391,1157,1234
29091,11,2379,1174,1205
29091,12,2785,1325,1460
29091,13,2571,1212,1359
29091,14,2451,1189,1262
29091,15,2051,931,1120
29091,16,1437,648,789
29091,17,989,449,540
29091,18,1024,354,670
29093,0,10177,5069,5108
29093,1,529,272,257
29093,2,553,294,259
29093,3,645,332,313
29093,4,605,320,285
29093,5,497,240,257
29093,6,538,283,255
29093,7,512,276,236
29093,8,608,258,350
29093,9,610,302,308
29093,10,628,334,294
29093,11,678,342,336
29093,12,812,414,398
29093,13,785,384,401
29093,14,694,344,350
29093,15,537,270,267
29093,16,404,192,212
29093,17,286,129,157
29093,18,256,83,173
29095,0,700307,338751,361556
29095,1,46270,23756,22514
29095,2,45840,23186,22654
29095,3,46126,23359,22767
29095,4,42056,21189,20867
29095,5,42171,20708,21463
29095,6,57674,28450,29224
29095,7,51895,25643,26252
29095,8,47790,23369,24421
29095,9,40242,19496,20746
29095,10,42108,20738,21370
29095,11,42425,20760,21665
29095,12,48030,22959,25071
29095,13,43025,20355,22670
29095,14,34884,16006,18878
29095,15,25982,11561,14421
29095,16,17876,7690,10186
29095,17,12127,4850,7277
29095,18,13786,4676,9110
29097,0,120636,58923,61713
29097,1,8277,4204,4073
29097,2,8337,4249,4088
29097,3,8474,4263,4211
29097,4,8082,4201,3881
29097,5,7970,4038,3932
29097,6,8890,4427,4463
29097,7,8067,3996,4071
29097,8,7880,3922,3958
29097,9,7138,3574,3564
29097,10,7218,3476,3742
29097,11,6820,3365,3455
29097,12,7576,3722,3854
29097,13,7044,3309,3735
29097,14,5983,2719,3264
29097,15,4708,2158,2550
29097,16,3427,1534,1893
29097,17,2329,971,1358
29097,18,2416,795,1621
29099,0,224347,111370,112977
29099,1,13211,6669,6542
29099,2,14439,7420,7019
29099,3,15255,7862,7393
29099,4,13800,7115,6685
29099,5,11866,6106,5760
29099,6,14308,7211,7097
29099,7,14621,7349,7272
29099,8,15455,7778,7677
29099,9,14074,7128,6946
29099,10,14912,7366,7546
29099,11,15579,7712,7867
29099,12,17799,8947,8852
29099,13,15392,7471,7921
29099,14,12086,5721,6365
29099,15,8846,4142,4704
29099,16,6160,2739,3421
29099,17,3511,1535,1976
29099,18,3033,1099,1934
29101,0,53652,27578,26074
29101,1,3340,1699,1641
29101,2,3195,1650,1545
29101,3,3133,1621,1512
29101,4,4377,2160,2217
29101,5,8183,4590,3593
29101,6,4368,2456,1912
29101,7,3408,1786,1622
29101,8,3145,1602,1543
29101,9,2543,1350,1193
29101,10,2559,1242,1317
29101,11,2635,1296,1339
29101,12,3232,1553,1679
29101,13,2744,1346,1398
29101,14,2193,1093,1100
29101,15,1751,834,917
29101,16,1215,577,638
29101,17,782,372,410
29101,18,849,351,498
29103,0,3947,1974,1973
29103,1,231,119,112
29103,2,247,133,114
29103,3,265,140,125
29103,4,271,147,124
29103,5,208,114,94
29103,6,193,101,92
29103,7,186,89,97
29103,8,195,102,93
29103,9,189,83,106
29103,10,231,120,111
29103,11,246,117,129
29103,12,315,167,148
29103,13,299,153,146
29103,14,231,116,115
29103,15,219,100,119
29103,16,194,88,106
29103,17,101,39,62
29103,18,126,46,80
29105,0,35713,17552,18161
29105,1,2482,1262,1220
29105,2,2326,1154,1172
29105,3,2561,1334,1227
29105,4,2212,1128,1084
29105,5,1940,958,982
29105,6,2138,1101,1037
29105,7,2039,1012,1027
29105,8,2167,1068,1099
29105,9,1959,943,1016
29105,10,2263,1124,1139
29105,11,2348,1165,1183
29105,12,2584,1316,1268
29105,13,2321,1115,1206
29105,14,1955,918,1037
29105,15,1673,779,894
29105,16,1229,550,679
29105,17,821,355,466
29105,18,695,270,425
29107,0,32598,16169,16429
29107,1,1893,996,897
29107,2,2045,1045,1000
29107,3,2193,1105,1088
29107,4,2087,1134,953
29107,5,1721,928,793
29107,6,1982,1014,968
29107,7,1872,893,979
29107,8,1855,920,935
29107,9,1779,875,904
29107,10,2123,1022,1101
29107,11,2158,1091,1067
29107,12,2452,1200,1252
29107,13,2288,1136,1152
29107,14,1788,861,927
29107,15,1433,683,750
29107,16,1228,598,630
29107,17,791,355,436
29107,18,910,313,597
29109,0,38359,19039,19320
29109,1,2555,1281,1274
29109,2,2592,1331,1261
29109,3,2799,1458,1341
29109,4,2631,1372,1259
29109,5,2079,1087,992
29109,6,2159,1085,1074
29109,7,2100,1052,1048
29109,8,2336,1159,1177
29109,9,2132,1051,1081
29109,10,2399,1222,1177
29109,11,2377,1182,1195
29109,12,2745,1333,1412
29109,13,2437,1181,1256
29109,14,2033,996,1037
29109,15,1756,787,969
29109,16,1302,618,684
29109,17,926,423,503
29109,18,1001,421,580
29111,0,9855,4950,4905
29111,1,562,305,257
29111,2,578,294,284
29111,3,653,348,305
29111,4,756,402,354
29111,5,863,465,398
29111,6,516,259,257
29111,7,504,253,251
29111,8,577,275,302
29111,9,487,250,237
29111,10,536,262,274
29111,11,617,320,297
29111,12,713,354,359
29111,13,671,325,346
29111,14,497,240,257
29111,15,486,250,236
29111,16,338,161,177
29111,17,244,96,148
29111,18,257,91,166
29113,0,57686,28843,28843
29113,1,3995,1977,2018
29113,2,3977,2068,1909
29113,3,4172,2209,1963
29113,4,3759,1943,1816
29113,5,3246,1625,1621
29113,6,4236,2086,2150
29113,7,3736,1807,1929
29113,8,3889,1961,1928
29113,9,3322,1645,1677
29113,10,3628,1845,1783
29113,11,3945,1964,1981
29113,12,4262,2160,2102
29113,13,3779,1903,1876
29113,14,2718,1315,1403
29113,15,1954,970,984
29113,16,1435,705,730
29113,17,821,365,456
29113,18,812,295,517
29115,0,12037,5868,6169
29115,1,730,366,364
29115,2,717,391,326
29115,3,875,440,435
29115,4,769,384,385
29115,5,642,341,301
29115,6,699,369,330
29115,7,599,301,298
29115,8,664,313,351
29115,9,655,331,324
29115,10,649,319,330
29115,11,699,354,345
29115,12,936,443,493
29115,13,860,410,450
29115,14,781,384,397
29115,15,641,291,350
29115,16,448,203,245
29115,17,302,116,186
29115,18,371,112,259
29117,0,15146,6589,8557
29117,1,852,450,402
29117,2,856,449,407
29117,3,956,450,506
29117,4,778,404,374
29117,5,870,367,503
29117,6,1073,417,656
29117,7,1025,380,645
29117,8,1025,380,645
29117,9,1024,377,647
29117,10,939,367,572
29117,11,926,401,525
29117,12,989,451,538
29117,13,918,441,477
29117,14,791,377,414
29117,15,705,307,398
29117,16,540,255,285
29117,17,353,150,203
29117,18,526,166,360
29119,0,23078,11647,11431
29119,1,1711,902,809
29119,2,1543,766,777
29119,3,1665,860,805
29119,4,1609,833,776
29119,5,1316,704,612
29119,6,1386,719,667
29119,7,1319,683,636
29119,8,1428,714,714
29119,9,1364,644,720
29119,10,1485,773,712
29119,11,1592,799,793
29119,12,1664,837,827
29119,13,1469,735,734
29119,14,1159,588,571
29119,15,948,459,489
29119,16,689,335,354
29119,17,419,180,239
29119,18,312,116,196
29121,0,15153,7505,7648
29121,1,863,464,399
29121,2,937,475,462
29121,3,1040,508,532
29121,4,933,485,448
29121,5,767,426,341
29121,6,792,395,397
29121,7,752,375,377
29121,8,842,410,432
29121,9,827,436,391
29121,10,891,429,462
29121,11,909,480,429
29121,12,1088,555,533
29121,13,1065,514,551
29121,14,988,474,514
29121,15,855,415,440
29121,16,681,305,376
29121,17,425,196,229
29121,18,498,163,335
29123,0,12188,5961,6227
29123,1,730,387,343
29123,2,802,407,395
29123,3,818,422,396
29123,4,724,377,347
29123,5,609,307,302
29123,6,781,374,407
29123,7,675,328,347
29123,8,682,342,340
29123,9,694,359,335
29123,10,787,363,424
29123,11,804,399,405
29123,12,874,424,450
29123,13,878,427,451
29123,14,700,335,365
29123,15,577,261,316
29123,16,470,207,263
29123,17,294,123,171
29123,18,289,119,170
29125,0,8769,4401,4368
29125,1,389,186,203
29125,2,480,253,227
29125,3,562,297,265
29125,4,528,264,264
29125,5,477,248,229
29125,6,454,253,201
29125,7,443,198,245
29125,8,498,251,247
29125,9,484,269,215
29125,10,546,263,283
29125,11,630,299,331
29125,12,736,389,347
29125,13,659,329,330
29125,14,588,292,296
29125,15,453,214,239
29125,16,383,195,188
29125,17,230,97,133
29125,18,229,104,125
29127,0,28592,13924,14668
29127,1,1859,964,895
29127,2,1766,843,923
29127,3,1924,924,1000
29127,4,1871,988,883
29127,5,1865,943,922
29127,6,1818,874,944
29127,7,1673,847,826
29127,8,1739,853,886
29127,9,1585,798,787
29127,10,1706,880,826
29127,11,1729,858,871
29127,12,1964,955,1009
29127,13,1925,924,1001
29127,14,1623,766,857
29127,15,1239,592,647
29127,16,892,383,509
29127,17,647,268,379
29127,18,767,264,503
29129,0,3641,1851,1790
29129,1,234,124,110
29129,2,220,116,104
29129,3,250,127,123
29129,4,246,136,110
29129,5,192,105,87
29129,6,183,89,94
29129,7,165,88,77
29129,8,189,95,94
29129,9,162,77,85
29129,10,219,120,99
29129,11,205,96,109
29129,12,278,131,147
29129,13,295,155,140
29129,14,244,135,109
29129,15,159,85,74
29129,16,150,69,81
29129,17,104,49,55
29129,18,146,54,92
29131,0,25336,12645,12691
29131,1,1584,790,794
29131,2,1591,798,793
29131,3,1751,894,857
29131,4,1549,810,739
29131,5,1338,719,619
29131,6,1485,744,741
29131,7,1498,775,723
29131,8,1531,749,782
29131,9,1384,685,699
29131,10,1509,793,716
29131,11,1651,849,802
29131,12,1818,873,945
29131,13,1769,863,906
29131,14,1609,781,828
29131,15,1251,627,624
29131,16,874,410,464
29131,17,538,240,298
29131,18,606,245,361
29133,0,13336,7219,6117
29133,1,674,333,341
29133,2,822,401,421
29133,3,798,439,359
29133,4,771,413,358
29133,5,828,508,320
29133,6,969,624,345
29133,7,858,514,344
29133,8,880,529,351
29133,9,889,517,372
29133,10,892,566,326
29133,11,902,503,399
29133,12,904,459,445
29133,13,777,379,398
29133,14,723,335,388
29133,15,610,283,327
29133,16,491,229,262
29133,17,286,126,160
29133,18,262,61,201
29135,0,16121,8567,7554
29135,1,1013,510,503
29135,2,1119,548,571
29135,3,1112,576,536
29135,4,1045,525,520
29135,5,912,512,400
29135,6,1108,657,451
29135,7,1085,631,454
29135,8,1141,682,459
29135,9,1047,608,439
29135,10,1057,595,462
29135,11,1014,558,456
29135,12,1026,531,495
29135,13,899,455,444
29135,14,776,384,392
29135,15,666,320,346
29135,16,440,218,222
29135,17,328,143,185
29135,18,333,114,219
29137,0,8664,4388,4276
29137,1,511,269,242
29137,2,508,268,240
29137,3,526,284,242
29137,4,528,270,258
29137,5,370,197,173
29137,6,436,217,219
29137,7,422,212,210
29137,8,475,252,223
29137,9,434,243,191
29137,10,501,252,249
29137,11,521,263,258
29137,12,710,361,349
29137,13,699,342,357
29137,14,615,306,309
29137,15,492,248,244
29137,16,399,204,195
29137,17,252,101,151
29137,18,265,99,166
29139,0,11534,5785,5749
29139,1,617,293,324
29139,2,677,362,315
29139,3,758,413,345
29139,4,709,399,310
29139,5,534,282,252
29139,6,653,350,303
29139,7,596,288,308
29139,8,656,327,329
29139,9,627,306,321
29139,10,685,371,314
29139,11,778,396,382
29139,12,938,457,481
29139,13,864,436,428
29139,14,743,378,365
29139,15,551,257,294
29139,16,460,213,247
29139,17,309,134,175
29139,18,379,123,256
29141,0,20358,10198,10160
29141,1,1303,655,648
29141,2,1245,640,605
29141,3,1333,703,630
29141,4,1177,596,581
29141,5,923,475,448
29141,6,1083,535,548
29141,7,1019,500,519
29141,8,994,517,477
29141,9,952,491,461
29141,10,1057,523,534
29141,11,1297,650,647
29141,12,1548,759,789
29141,13,1655,826,829
29141,14,1483,753,730
29141,15,1235,613,622
29141,16,983,499,484
29141,17,569,261,308
29141,18,502,202,300
29143,0,17296,8307,8989
29143,1,1074,538,536
29143,2,1076,572,504
29143,3,1202,624,578
29143,4,980,480,500
29143,5,871,449,422
29143,6,1081,538,543
29143,7,961,451,510
29143,8,982,469,513
29143,9,991,483,508
29143,10,1090,543,547
29143,11,1124,534,590
29143,12,1318,633,685
29143,13,1233,557,676
29143,14,1040,485,555
29143,15,863,408,455
29143,16,604,261,343
29143,17,411,155,256
29143,18,395,127,268
29145,0,58266,29061,29205
29145,1,3563,1931,1632
29145,2,3761,1919,1842
29145,3,4001,2088,1913
29145,4,3915,2056,1859
29145,5,3323,1781,1542
29145,6,3559,1789,1770
29145,7,3317,1708,1609
29145,8,3431,1707,1724
29145,9,3211,1612,1599
29145,10,3641,1803,1838
29145,11,3851,1901,1950
29145,12,4179,2092,2087
29145,13,3961,1890,2071
29145,14,3241,1580,1661
29145,15,2801,1316,1485
29145,16,2049,902,1147
29145,17,1329,567,762
29145,18,1133,419,714
29147,0,22304,11244,11060
29147,1,1060,557,503
29147,2,913,485,428
29147,3,920,475,445
29147,4,2556,1136,1420
29147,5,4466,2256,2210
29147,6,1338,803,535
29147,7,1083,614,469
29147,8,1149,617,532
29147,9,949,502,447
29147,10,967,519,448
29147,11,1104,553,551
29147,12,1252,616,636
29147,13,1143,588,555
29147,14,977,474,503
29147,15,795,402,393
29147,16,615,270,345
29147,17,451,175,276
29147,18,566,202,364
29149,0,10541,5180,5361
29149,1,632,332,300
29149,2,655,338,317
29149,3,676,347,329
29149,4,611,286,325
29149,5,499,259,240
29149,6,532,274,258
29149,7,491,234,257
29149,8,516,259,257
29149,9,512,269,243
29149,10,597,282,315
29149,11,691,348,343
29149,12,870,413,457
29149,13,801,407,394
29149,14,727,347,380
29149,15,636,306,330
29149,16,513,246,267
29149,17,309,143,166
29149,18,273,90,183
29151,0,13714,7066,6648
29151,1,830,425,405
29151,2,818,411,407
29151,3,974,510,464
29151,4,937,519,418
29151,5,773,424,349
29151,6,828,450,378
29151,7,725,373,352
29151,8,819,431,388
29151,9,804,422,382
29151,10,884,465,419
29151,11,944,477,467
29151,12,1068,556,512
29151,13,920,475,445
29151,14,722,365,357
29151,15,575,291,284
29151,16,465,213,252
29151,17,327,157,170
29151,18,301,102,199
29153,0,9017,4523,4494
29153,1,376,203,173
29153,2,456,251,205
29153,3,552,281,271
29153,4,446,218,228
29153,5,336,185,151
29153,6,386,198,188
29153,7,364,164,200
29153,8,413,199,214
29153,9,439,222,217
29153,10,465,241,224
29153,11,570,266,304
29153,12,749,370,379
29153,13,865,429,436
29153,14,795,418,377
29153,15,663,333,330
29153,16,541,287,254
29153,17,322,152,170
29153,18,279,106,173
29155,0,16272,7688,8584
29155,1,1179,588,591
29155,2,1155,580,575
29155,3,1137,605,532
29155,4,1090,560,530
29155,5,920,445,475
29155,6,1025,484,541
29155,7,933,431,502
29155,8,895,397,498
29155,9,964,446,518
29155,10,931,431,500
29155,11,1037,492,545
29155,12,1124,543,581
29155,13,1101,499,602
29155,14,885,421,464
29155,15,702,316,386
29155,16,512,236,276
29155,17,304,121,183
29155,18,378,93,285
29157,0,19150,9567,9583
29157,1,1130,589,541
29157,2,1167,576,591
29157,3,1371,742,629
29157,4,1206,662,544
29157,5,1084,530,554
29157,6,1202,612,590
29157,7,1063,544,519
29157,8,1105,572,533
29157,9,1158,564,594
29157,10,1197,596,601
29157,11,1273,655,618
29157,12,1425,738,687
29157,13,1297,604,693
29157,14,1171,586,585
29157,15,781,379,402
29157,16,620,281,339
29157,17,420,186,234
29157,18,480,151,329
29159,0,42542,21117,21425
29159,1,2830,1457,1373
29159,2,2867,1534,1333
29159,3,3026,1632,1394
29159,4,2784,1409,1375
29159,5,2521,1266,1255
29159,6,2905,1453,1452
29159,7,2767,1391,1376
29159,8,2720,1345,1375
29159,9,2327,1178,1149
29159,10,2375,1197,1178
29159,11,2529,1268,1261
29159,12,3019,1493,1526
29159,13,2749,1337,1412
29159,14,2233,1093,1140
29159,15,1674,792,882
29159,16,1223,510,713
29159,17,928,393,535
29159,18,1065,369,696
29161,0,44732,23354,21378
29161,1,2506,1316,1190
29161,2,2508,1265,1243
29161,3,2748,1425,1323
29161,4,3636,2187,1449
29161,5,5336,3484,1852
29161,6,2807,1508,1299
29161,7,2445,1260,1185
29161,8,2648,1309,1339
29161,9,2204,1116,1088
29161,10,2401,1237,1164
29161,11,2487,1190,1297
29161,12,2983,1438,1545
29161,13,2671,1288,1383
29161,14,2231,1061,1170
29161,15,1877,889,988
29161,16,1333,599,734
29161,17,952,412,540
29161,18,959,370,589
29163,0,18504,10265,8239
29163,1,1135,609,526
29163,2,1148,571,577
29163,3,1107,602,505
29163,4,1013,537,476
29163,5,1163,736,427
29163,6,1363,853,510
29163,7,1220,773,447
29163,8,1193,703,490
29163,9,1093,670,423
29163,10,1192,726,466
29163,11,1194,717,477
29163,12,1273,670,603
29163,13,1198,606,592
29163,14,965,483,482
29163,15,819,393,426
29163,16,639,303,336
29163,17,393,173,220
29163,18,396,140,256
29165,0,102985,50760,52225
29165,1,6376,3229,3147
29165,2,6961,3495,3466
29165,3,6930,3524,3406
29165,4,6561,3334,3227
29165,5,5940,3016,2924
29165,6,6976,3509,3467
29165,7,6863,3432,3431
29165,8,7597,3762,3835
29165,9,6865,3475,3390
29165,10,7034,3451,3583
29165,11,6638,3292,3346
29165,12,7059,3448,3611
29165,13,6216,2957,3259
29165,14,5159,2477,2682
29165,15,3993,1924,2069
29165,16,2615,1257,1358
29165,17,1527,624,903
29165,18,1675,554,1121
29167,0,32201,15824,16377
29167,1,1985,1017,968
29167,2,1910,972,938
29167,3,2112,1076,1036
29167,4,2607,1305,1302
29167,5,2914,1429,1485
29167,6,1854,953,901
29167,7,1649,831,818
29167,8,1822,921,901
29167,9,1645,821,824
29167,10,1888,930,958
29167,11,1903,911,992
29167,12,2215,1140,1075
29167,13,1889,874,1015
29167,14,1754,854,900
29167,15,1472,693,779
29167,16,1121,538,583
29167,17,705,290,415
29167,18,756,269,487
29169,0,52014,29387,22627
29169,1,3435,1786,1649
29169,2,3295,1696,1599
29169,3,2942,1520,1422
29169,4,5880,4136,1744
29169,5,7330,5222,2108
29169,6,4926,2907,2019
29169,7,4340,2403,1937
29169,8,3606,1963,1643
29169,9,2648,1369,1279
29169,10,2441,1178,1263
29169,11,2272,1120,1152
29169,12,2260,1057,1203
29169,13,1965,986,979
29169,14,1496,672,824
29169,15,1245,600,645
29169,16,843,353,490
29169,17,574,249,325
29169,18,516,170,346
29171,0,4757,2399,2358
29171,1,293,151,142
29171,2,278,151,127
29171,3,297,163,134
29171,4,291,139,152
29171,5,191,108,83
29171,6,264,133,131
29171,7,227,117,110
29171,8,248,125,123
29171,9,225,122,103
29171,10,266,126,140
29171,11,289,154,135
29171,12,367,197,170
29171,13,354,163,191
29171,14,334,174,160
29171,15,294,144,150
29171,16,219,100,119
29171,17,158,73,85
29171,18,162,59,103
29173,0,10212,5129,5083
29173,1,491,246,245
29173,2,571,305,266
29173,3,723,365,358
29173,4,570,309,261
29173,5,487,250,237
29173,6,501,252,249
29173,7,534,251,283
29173,8,554,282,272
29173,9,614,311,303
29173,10,647,335,312
29173,11,696,338,358
29173,12,834,432,402
29173,13,768,380,388
29173,14,772,398,374
29173,15,588,285,303
29173,16,427,206,221
29173,17,230,114,116
29173,18,205,70,135
29175,0,24763,12919,11844
29175,1,1446,763,683
29175,2,1458,773,685
29175,3,1520,799,721
29175,4,1509,760,749
29175,5,1690,930,760
29175,6,1778,1028,750
29175,7,1639,967,672
29175,8,1622,898,724
29175,9,1509,841,668
29175,10,1696,939,757
29175,11,1579,812,767
29175,12,1705,893,812
29175,13,1455,712,743
29175,14,1333,635,698
29175,15,1013,454,559
29175,16,766,351,415
29175,17,505,204,301
29175,18,540,160,380
29177,0,22883,11430,11453
29177,1,1261,662,599
29177,2,1410,742,668
29177,3,1510,737,773
29177,4,1440,782,658
29177,5,1251,657,594
29177,6,1330,698,632
29177,7,1232,627,605
29177,8,1338,672,666
29177,9,1296,650,646
29177,10,1457,769,688
29177,11,1609,759,850
29177,12,1814,930,884
29177,13,1691,831,860
29177,14,1327,654,673
29177,15,1061,484,577
29177,16,874,393,481
29177,17,486,225,261
29177,18,496,158,338
29179,0,6254,3221,3033
29179,1,269,137,132
29179,2,331,165,166
29179,3,374,214,160
29179,4,373,226,147
29179,5,295,154,141
29179,6,310,164,146
29179,7,295,144,151
29179,8,372,187,185
29179,9,327,166,161
29179,10,399,200,199
29179,11,434,228,206
29179,12,522,277,245
29179,13,504,245,259
29179,14,406,192,214
29179,15,381,203,178
29179,16,265,131,134
29179,17,212,112,100
29179,18,185,76,109
29181,0,13401,6656,6745
29181,1,812,423,389
29181,2,934,459,475
29181,3,802,423,379
29181,4,790,421,369
29181,5,595,307,288
29181,6,828,398,430
29181,7,716,358,358
29181,8,776,388,388
29181,9,775,398,377
29181,10,821,414,407
29181,11,824,409,415
29181,12,1030,520,510
29181,13,964,454,510
29181,14,853,426,427
29181,15,688,328,360
29181,16,535,241,294
29181,17,343,158,185
29181,18,315,131,184
29183,0,399182,196224,202958
29183,1,23483,11904,11579
29183,2,25735,13241,12494
29183,3,27203,13766,13437
29183,4,25881,13312,12569
29183,5,23883,12154,11729
29183,6,24722,12693,12029
29183,7,27012,13394,13618
29183,8,28748,14411,14337
29183,9,25048,12542,12506
29183,10,25733,12680,13053
29183,11,26635,12998,13637
29183,12,29014,14120,14894
29183,13,25306,12233,13073
29183,14,20038,9268,10770
29183,15,15684,7173,8511
29183,16,10736,4745,5991
29183,17,7123,3014,4109
29183,18,7198,2576,4622
29185,0,9395,4721,4674
29185,1,569,310,259
29185,2,435,217,218
29185,3,525,259,266
29185,4,511,260,251
29185,5,395,199,196
29185,6,466,252,214
29185,7,457,225,232
29185,8,441,226,215
29185,9,424,209,215
29185,10,565,289,276
29185,11,566,265,301
29185,12,767,418,349
29185,13,736,379,357
29185,14,715,372,343
29185,15,627,299,328
29185,16,505,249,256
29185,17,358,174,184
29185,18,333,119,214
29186,0,17888,9067,8821
29186,1,977,515,462
29186,2,1061,544,517
29186,3,1133,591,542
29186,4,1070,544,526
29186,5,939,479,460
29186,6,1055,563,492
29186,7,920,467,453
29186,8,1044,527,517
29186,9,953,501,452
29186,10,1052,521,531
29186,11,1229,618,611
29186,12,1513,778,735
29186,13,1457,741,716
29186,14,1148,596,552
29186,15,848,416,432
29186,16,611,280,331
29186,17,433,194,239
29186,18,445,192,253
29187,0,66692,35620,31072
29187,1,3635,1852,1783
29187,2,3757,1899,1858
29187,3,4163,2109,2054
29187,4,3878,2001,1877
29187,5,4112,2507,1605
29187,6,5054,3034,2020
29187,7,4611,2703,1908
29187,8,4757,2738,2019
29187,9,4303,2458,1845
29187,10,4527,2561,1966
29187,11,4230,2325,1905
29187,12,4622,2432,2190
29187,13,4078,2082,1996
29187,14,3446,1696,1750
29187,15,2758,1253,1505
29187,16,2090,955,1135
29187,17,1426,609,817
29187,18,1245,406,839
29189,0,996945,472887,524058
29189,1,58894,29912,28982
29189,2,59727,30757,28970
29189,3,62236,31515,30721
29189,4,62595,31847,30748
29189,5,60726,30383,30343
29189,6,65446,32089,33357
29189,7,62699,30111,32588
29189,8,63310,30320,32990
29189,9,56158,26413,29745
29189,10,60086,28166,31920
29189,11,63657,29788,33869
29189,12,72280,33889,38391
29189,13,68921,32106,36815
29189,14,56736,25567,31169
29189,15,43891,19290,24601
29189,16,30989,13121,17868
29189,17,21614,8609,13005
29189,18,26980,9004,17976
29195,0,22895,11420,11475
29195,1,1294,656,638
29195,2,1475,753,722
29195,3,1441,737,704
29195,4,1757,957,800
29195,5,1675,922,753
29195,6,1400,731,669
29195,7,1306,653,653
29195,8,1363,688,675
29195,9,1279,636,643
29195,10,1264,633,631
29195,11,1350,689,661
29195,12,1583,764,819
29195,13,1526,758,768
29195,14,1225,610,615
29195,15,1040,502,538
29195,16,786,327,459
29195,17,535,229,306
29195,18,596,175,421
29197,0,4599,2284,2315
29197,1,366,186,180
29197,2,296,143,153
29197,3,307,149,158
29197,4,293,160,133
29197,5,276,131,145
29197,6,294,155,139
29197,7,236,131,105
29197,8,209,101,108
29197,9,247,119,128
29197,10,252,125,127
29197,11,287,149,138
29197,12,325,168,157
29197,13,301,147,154
29197,14,250,131,119
29197,15,220,98,122
29197,16,189,86,103
29197,17,122,58,64
29197,18,129,47,82
29199,0,4966,2457,2509
29199,1,439,228,211
29199,2,399,207,192
29199,3,398,185,213
29199,4,342,185,157
29199,5,301,153,148
29199,6,298,160,138
29199,7,256,138,118
29199,8,260,131,129
29199,9,266,133,133
29199,10,230,116,114
29199,11,286,137,149
29199,12,313,164,149
29199,13,279,118,161
29199,14,254,133,121
29199,15,212,105,107
29199,16,167,77,90
29199,17,134,49,85
29199,18,132,38,94
29201,0,38458,18682,19776
29201,1,2444,1289,1155
29201,2,2650,1397,1253
29201,3,2634,1341,1293
29201,4,2286,1182,1104
29201,5,2126,1090,1036
29201,6,2664,1309,1355
29201,7,2242,1079,1163
29201,8,2320,1109,1211
29201,9,2117,1038,1079
29201,10,2396,1153,1243
29201,11,2472,1210,1262
29201,12,2706,1318,1388
29201,13,2461,1139,1322
29201,14,2208,1034,1174
29201,15,1766,817,949
29201,16,1294,547,747
29201,17,867,354,513
29201,18,805,276,529
29203,0,8189,4097,4092
29203,1,426,215,211
29203,2,486,241,245
29203,3,554,301,253
29203,4,456,233,223
29203,5,384,191,193
29203,6,459,238,221
29203,7,433,230,203
29203,8,405,206,199
29203,9,367,198,169
29203,10,485,247,238
29203,11,550,277,273
29203,12,714,358,356
29203,13,660,326,334
29203,14,531,264,267
29203,15,494,247,247
29203,16,370,180,190
29203,17,236,95,141
29203,18,179,50,129
29205,0,6050,3012,3038
29205,1,395,219,176
29205,2,382,186,196
29205,3,436,242,194
29205,4,371,193,178
29205,5,301,154,147
29205,6,294,126,168
29205,7,322,158,164
29205,8,400,205,195
29205,9,330,180,150
29205,10,285,142,143
29205,11,354,163,191
29205,12,462,263,199
29205,13,431,207,224
29205,14,395,202,193
29205,15,293,135,158
29205,16,234,103,131
29205,17,168,70,98
29205,18,197,64,133
29207,0,29206,14415,14791
29207,1,1652,904,748
29207,2,1693,869,824
29207,3,1873,948,925
29207,4,1811,995,816
29207,5,1578,824,754
29207,6,1820,895,925
29207,7,1655,834,821
29207,8,1776,888,888
29207,9,1735,866,869
29207,10,1862,942,920
29207,11,1843,914,929
29207,12,2054,1029,1025
29207,13,2007,929,1078
29207,14,1707,799,908
29207,15,1462,681,781
29207,16,1101,505,596
29207,17,764,319,445
29207,18,813,274,539
29209,0,31749,15553,16196
29209,1,1213,613,600
29209,2,1421,706,715
29209,3,1538,801,737
29209,4,1592,815,777
29209,5,1301,692,609
29209,6,1275,643,632
29209,7,1250,609,641
29209,8,1353,662,691
29209,9,1481,696,785
29209,10,1752,827,925
29209,11,2015,982,1033
29209,12,2659,1262,1397
29209,13,3062,1508,1554
29209,14,3195,1476,1719
29209,15,2742,1362,1380
29209,16,1953,970,983
29209,17,1145,597,548
29209,18,802,332,470
29211,0,6221,3195,3026
29211,1,410,220,190
29211,2,382,202,180
29211,3,372,204,168
29211,4,382,215,167
29211,5,354,171,183
29211,6,334,183,151
29211,7,291,152,139
29211,8,340,179,161
29211,9,364,181,183
29211,10,436,227,209
29211,11,431,217,214
29211,12,475,256,219
29211,13,391,216,175
29211,14,393,188,205
29211,15,318,158,160
29211,16,230,101,129
29211,17,172,84,88
29211,18,146,41,105
29213,0,55852,27022,28830
29213,1,3189,1642,1547
29213,2,3159,1686,1473
29213,3,3382,1698,1684
29213,4,3574,1791,1783
29213,5,3805,1907,1898
29213,6,3362,1706,1656
29213,7,2982,1419,1563
29213,8,3160,1535,1625
29213,9,2954,1361,1593
29213,10,3246,1589,1657
29213,11,3383,1602,1781
29213,12,3821,1854,1967
29213,13,3727,1721,2006
29213,14,3811,1752,2059
29213,15,3168,1468,1700
29213,16,2383,1110,1273
29213,17,1514,703,811
29213,18,1232,478,754
29215,0,25571,13430,12141
29215,1,1427,730,697
29215,2,1470,742,728
29215,3,1563,827,736
29215,4,1486,787,699
29215,5,1433,865,568
29215,6,1511,891,620
29215,7,1468,828,640
29215,8,1530,858,672
29215,9,1416,799,617
29215,10,1480,796,684
29215,11,1624,887,737
29215,12,1974,1009,965
29215,13,1798,927,871
29215,14,1616,748,868
29215,15,1334,639,695
29215,16,1009,488,521
29215,17,728,330,398
29215,18,704,279,425
29217,0,20528,10037,10491
29217,1,1257,635,622
29217,2,1245,671,574
29217,3,1447,767,680
29217,4,1536,706,830
29217,5,1176,530,646
29217,6,1165,591,574
29217,7,1055,524,531
29217,8,1155,581,574
29217,9,1105,536,569
29217,10,1184,607,577
29217,11,1339,660,679
29217,12,1459,710,749
29217,13,1428,696,732
29217,14,1212,588,624
29217,15,992,467,525
29217,16,709,328,381
29217,17,483,208,275
29217,18,581,232,349
29219,0,34711,17325,17386
29219,1,2209,1142,1067
29219,2,2237,1158,1079
29219,3,2392,1190,1202
29219,4,2135,1100,1035
29219,5,1802,916,886
29219,6,2127,1089,1038
29219,7,2067,1068,999
29219,8,1977,948,1029
29219,9,1910,952,958
29219,10,2058,1019,1039
29219,11,2364,1168,1196
29219,12,2832,1434,1398
29219,13,2498,1254,1244
29219,14,1903,918,985
29219,15,1570,755,815
29219,16,1265,606,659
29219,17,719,354,365
29219,18,646,254,392
29221,0,24943,12838,12105
29221,1,1451,735,716
29221,2,1568,752,816
29221,3,1666,828,838
29221,4,1529,819,710
29221,5,1314,712,602
29221,6,1563,853,710
29221,7,1483,805,678
29221,8,1520,806,714
29221,9,1527,797,730
29221,10,1784,977,807
29221,11,1766,926,840
29221,12,1816,939,877
29221,13,1795,929,866
29221,14,1384,646,738
29221,15,1102,530,572
29221,16,799,394,405
29221,17,480,223,257
29221,18,396,167,229
29223,0,13122,6454,6668
29223,1,686,335,351
29223,2,791,395,396
29223,3,752,381,371
29223,4,701,352,349
29223,5,558,292,266
29223,6,672,314,358
29223,7,675,336,339
29223,8,675,361,314
29223,9,634,324,310
29223,10,779,373,406
29223,11,963,469,494
29223,12,1109,537,572
29223,13,1041,514,527
29223,14,912,428,484
29223,15,804,387,417
29223,16,657,330,327
29223,17,410,194,216
29223,18,303,132,171
29225,0,39109,19965,19144
29225,1,2974,1507,1467
29225,2,2835,1519,1316
29225,3,3063,1591,1472
29225,4,2667,1401,1266
29225,5,2093,1081,1012
29225,6,2475,1334,1141
29225,7,2343,1221,1122
29225,8,2436,1264,1172
29225,9,2290,1203,1087
29225,10,2451,1233,1218
29225,11,2497,1311,1186
29225,12,2591,1284,1307
29225,13,2380,1187,1193
29225,14,1886,922,964
29225,15,1584,800,784
29225,16,1162,542,620
29225,17,765,333,432
29225,18,617,232,385
29227,0,2040,984,1056
29227,1,108,49,59
29227,2,119,52,67
29227,3,107,59,48
29227,4,125,61,64
29227,5,97,50,47
29227,6,106,42,64
29227,7,106,50,56
29227,8,96,54,42
29227,9,93,55,38
29227,10,95,45,50
29227,11,136,71,65
29227,12,170,86,84
29227,13,177,88,89
29227,14,132,74,58
29227,15,109,50,59
29227,16,93,38,55
29227,17,79,34,45
29227,18,92,26,66
29229,0,18378,9025,9353
29229,1,1349,722,627
29229,2,1181,619,562
29229,3,1337,634,703
29229,4,1230,622,608
29229,5,923,476,447
29229,6,1017,518,499
29229,7,941,478,463
29229,8,1046,503,543
29229,9,921,453,468
29229,10,1044,519,525
29229,11,1154,584,570
29229,12,1324,610,714
29229,13,1281,648,633
29229,14,1081,526,555
29229,15,929,431,498
29229,16,713,317,396
29229,17,444,209,235
29229,18,463,156,307
29510,0,302838,146552,156286
29510,1,18712,9471,9241
29510,2,15986,8191,7795
29510,3,14541,7344,7197
29510,4,15392,7785,7607
29510,5,20386,9894,10492
29510,6,32883,16020,16863
29510,7,28134,13833,14301
29510,8,22469,11149,11320
29510,9,17523,8539,8984
29510,10,17203,8432,8771
29510,11,18051,9027,9024
29510,12,20204,9953,10251
29510,13,19864,9348,10516
29510,14,15107,7056,8051
29510,15,10004,4476,5528
29510,16,6462,2717,3745
29510,17,4471,1646,2825
29510,18,5446,1671,3775
30001,0,9404,4834,4570
30001,1,437,221,216
30001,2,422,189,233
30001,3,433,225,208
30001,4,746,394,352
30001,5,971,521,450
30001,6,545,289,256
30001,7,461,230,231
30001,8,483,255,228
30001,9,480,275,205
30001,10,444,230,214
30001,11,501,248,253
30001,12,653,318,335
30001,13,758,375,383
30001,14,623,329,294
30001,15,541,279,262
30001,16,421,229,192
30001,17,248,124,124
30001,18,237,103,134
30003,0,13338,6641,6697
30003,1,1237,635,602
30003,2,1273,695,578
30003,3,1271,648,623
30003,4,1031,536,495
30003,5,788,377,411
30003,6,877,437,440
30003,7,863,446,417
30003,8,729,376,353
30003,9,662,315,347
30003,10,624,270,354
30003,11,744,364,380
30003,12,788,381,407
30003,13,744,354,390
30003,14,632,319,313
30003,15,454,203,251
30003,16,275,127,148
30003,17,201,94,107
30003,18,145,64,81
30005,0,6807,3420,3387
30005,1,562,287,275
30005,2,574,302,272
30005,3,566,284,282
30005,4,507,275,232
30005,5,387,185,202
30005,6,442,233,209
30005,7,416,214,202
30005,8,398,199,199
30005,9,357,191,166
30005,10,329,166,163
30005,11,385,197,188
30005,12,462,232,230
30005,13,373,194,179
30005,14,336,159,177
30005,15,259,112,147
30005,16,190,83,107
30005,17,120,57,63
30005,18,144,50,94
30007,0,6085,3115,2970
30007,1,301,164,137
30007,2,321,163,158
30007,3,351,179,172
30007,4,350,166,184
30007,5,266,142,124
30007,6,290,150,140
30007,7,290,143,147
30007,8,328,164,164
30007,9,314,167,147
30007,10,376,193,183
30007,11,419,211,208
30007,12,517,231,286
30007,13,522,294,228
30007,14,508,272,236
30007,15,394,208,186
30007,16,256,140,116
30007,17,154,75,79
30007,18,128,53,75
30009,0,10714,5419,5295
30009,1,387,169,218
30009,2,517,267,250
30009,3,592,307,285
30009,4,572,315,257
30009,5,422,220,202
30009,6,395,208,187
30009,7,520,253,267
30009,8,618,299,319
30009,9,631,309,322
30009,10,598,318,280
30009,11,695,358,337
30009,12,949,493,456
30009,13,1056,519,537
30009,14,951,463,488
30009,15,755,395,360
30009,16,453,251,202
30009,17,295,137,158
30009,18,308,138,170
30011,0,1238,615,623
30011,1,91,41,50
30011,2,76,40,36
30011,3,54,31,23
30011,4,50,28,22
30011,5,54,25,29
30011,6,67,34,33
30011,7,80,37,43
30011,8,63,38,25
30011,9,46,26,20
30011,10,40,21,19
30011,11,73,23,50
30011,12,107,56,51
30011,13,118,63,55
30011,14,98,53,45
30011,15,64,33,31
30011,16,59,32,27
30011,17,46,19,27
30011,18,52,15,37
30013,0,81643,41285,40358
30013,1,5436,2800,2636
30013,2,5100,2660,2440
30013,3,5012,2655,2357
30013,4,4465,2371,2094
30013,5,5846,3218,2628
30013,6,6372,3430,2942
30013,7,5390,2738,2652
30013,8,4982,2614,2368
30013,9,4082,2098,1984
30013,10,4159,2100,2059
30013,11,4628,2251,2377
30013,12,5638,2791,2847
30013,13,5373,2555,2818
30013,14,4774,2267,2507
30013,15,3728,1838,1890
30013,16,2697,1240,1457
30013,17,1963,882,1081
30013,18,1998,777,1221
30015,0,5745,2872,2873
30015,1,291,149,142
30015,2,323,164,159
30015,3,459,216,243
30015,4,395,208,187
30015,5,285,157,128
30015,6,327,169,158
30015,7,343,168,175
30015,8,331,171,160
30015,9,323,163,160
30015,10,296,143,153
30015,11,286,146,140
30015,12,448,214,234
30015,13,467,238,229
30015,14,411,209,202
30015,15,283,140,143
30015,16,181,84,97
30015,17,149,71,78
30015,18,147,62,85
30017,0,11586,5806,5780
30017,1,692,351,341
30017,2,668,352,316
30017,3,629,323,306
30017,4,780,456,324
30017,5,636,327,309
30017,6,707,330,377
30017,7,704,356,348
30017,8,763,398,365
30017,9,594,308,286
30017,10,666,303,363
30017,11,694,361,333
30017,12,896,446,450
30017,13,844,438,406
30017,14,755,363,392
30017,15,520,256,264
30017,16,403,182,221
30017,17,283,115,168
30017,18,352,141,211
30019,0,1747,901,846
30019,1,90,44,46
30019,2,117,63,54
30019,3,100,51,49
30019,4,90,52,38
30019,5,65,34,31
30019,6,87,47,40
30019,7,100,56,44
30019,8,94,51,43
30019,9,83,46,37
30019,10,81,37,44
30019,11,89,52,37
30019,12,125,65,60
30019,13,163,83,80
30019,14,132,72,60
30019,15,98,49,49
30019,16,68,34,34
30019,17,71,31,40
30019,18,94,34,60
30021,0,8680,4472,4208
30021,1,528,255,273
30021,2,518,270,248
30021,3,512,272,240
30021,4,589,318,271
30021,5,465,265,200
30021,6,557,286,271
30021,7,534,297,237
30021,8,493,263,230
30021,9,480,249,231
30021,10,478,266,212
30021,11,485,245,240
30021,12,658,335,323
30021,13,659,330,329
30021,14,583,315,268
30021,15,360,181,179
30021,16,281,144,137
30021,17,220,80,140
30021,18,280,101,179
30023,0,9131,4878,4253
30023,1,332,172,160
30023,2,338,175,163
30023,3,334,158,176
30023,4,527,343,184
30023,5,522,327,195
30023,6,583,325,258
30023,7,491,285,206
30023,8,499,275,224
30023,9,539,305,234
30023,10,601,316,285
30023,11,622,354,268
30023,12,777,378,399
30023,13,783,381,402
30023,14,794,411,383
30023,15,531,280,251
30023,16,383,193,190
30023,17,258,117,141
30023,18,217,83,134
30025,0,2920,1479,1441
30025,1,217,112,105
30025,2,219,119,100
30025,3,231,109,122
30025,4,182,89,93
30025,5,119,58,61
30025,6,183,95,88
30025,7,177,104,73
30025,8,174,89,85
30025,9,161,83,78
30025,10,164,85,79
30025,11,163,84,79
30025,12,194,95,99
30025,13,242,128,114
30025,14,161,78,83
30025,15,102,58,44
30025,16,93,45,48
30025,17,65,29,36
30025,18,73,19,54
30027,0,11113,5698,5415
30027,1,614,339,275
30027,2,663,365,298
30027,3,665,335,330
30027,4,594,315,279
30027,5,466,240,226
30027,6,599,342,257
30027,7,589,294,295
30027,8,648,349,299
30027,9,591,300,291
30027,10,610,308,302
30027,11,634,308,326
30027,12,842,431,411
30027,13,874,428,446
30027,14,876,430,446
30027,15,692,377,315
30027,16,488,250,238
30027,17,323,147,176
30027,18,345,140,205
30029,0,102106,50896,51210
30029,1,5907,3008,2899
30029,2,6314,3264,3050
30029,3,6464,3434,3030
30029,4,5676,2989,2687
30029,5,4911,2551,2360
30029,6,6254,3040,3214
30029,7,6074,2993,3081
30029,8,6732,3328,3404
30029,9,6051,3088,2963
30029,10,6021,3031,2990
30029,11,6089,3011,3078
30029,12,7458,3559,3899
30029,13,8206,3905,4301
30029,14,7273,3652,3621
30029,15,5246,2631,2615
30029,16,3409,1659,1750
30029,17,2058,983,1075
30029,18,1963,770,1193
30031,0,111876,58096,53780
30031,1,6467,3284,3183
30031,2,6329,3234,3095
30031,3,6229,3123,3106
30031,4,7474,3877,3597
30031,5,13651,7602,6049
30031,6,9968,5435,4533
30031,7,8358,4427,3931
30031,8,8231,4372,3859
30031,9,6836,3599,3237
30031,10,6151,3196,2955
30031,11,5594,2918,2676
30031,12,6274,3142,3132
30031,13,6168,3045,3123
30031,14,5410,2654,2756
30031,15,3686,1865,1821
30031,16,2273,1120,1153
30031,17,1300,636,664
30031,18,1477,567,910
30033,0,1268,639,629
30033,1,74,35,39
30033,2,85,48,37
30033,3,78,40,38
30033,4,64,25,39
30033,5,68,39,29
30033,6,59,26,33
30033,7,57,26,31
30033,8,103,53,50
30033,9,64,36,28
30033,10,69,31,38
30033,11,66,28,38
30033,12,78,34,44
30033,13,108,57,51
30033,14,99,61,38
30033,15,70,36,34
30033,16,64,28,36
30033,17,40,26,14
30033,18,22,10,12
30035,0,13747,6658,7089
30035,1,1258,601,657
30035,2,1215,579,636
30035,3,1143,574,569
30035,4,1048,538,510
30035,5,865,451,414
30035,6,956,466,490
30035,7,893,426,467
30035,8,859,417,442
30035,9,722,390,332
30035,10,674,333,341
30035,11,748,328,420
30035,12,934,451,483
30035,13,779,355,424
30035,14,583,280,303
30035,15,407,197,210
30035,16,298,129,169
30035,17,160,62,98
30035,18,205,81,124
30037,0,826,413,413
30037,1,43,24,19
30037,2,46,27,19
30037,3,52,23,29
30037,4,56,28,28
30037,5,31,12,19
30037,6,36,23,13
30037,7,32,9,23
30037,8,52,26,26
30037,9,37,17,20
30037,10,35,17,18
30037,11,51,21,30
30037,12,66,36,30
30037,13,65,35,30
30037,14,87,41,46
30037,15,47,28,19
30037,16,38,16,22
30037,17,26,12,14
30037,18,26,18,8
30039,0,3378,1723,1655
30039,1,114,47,67
30039,2,141,69,72
30039,3,155,87,68
30039,4,158,66,92
30039,5,128,62,66
30039,6,149,76,73
30039,7,121,62,59
30039,8,180,87,93
30039,9,175,99,76
30039,10,154,83,71
30039,11,200,99,101
30039,12,328,166,162
30039,13,343,176,167
30039,14,345,178,167
30039,15,265,142,123
30039,16,216,119,97
30039,17,103,57,46
30039,18,103,48,55
30041,0,16347,8216,8131
30041,1,1472,705,767
30041,2,1243,650,593
30041,3,1153,594,559
30041,4,1130,575,555
30041,5,1055,545,510
30041,6,1189,622,567
30041,7,1041,530,511
30041,8,1016,535,481
30041,9,844,406,438
30041,10,807,418,389
30041,11,806,407,399
30041,12,1013,513,500
30041,13,1092,527,565
30041,14,853,461,392
30041,15,614,300,314
30041,16,405,183,222
30041,17,302,136,166
30041,18,312,109,203
30043,0,12097,6111,5986
30043,1,523,249,274
30043,2,679,352,327
30043,3,747,377,370
30043,4,773,403,370
30043,5,527,285,242
30043,6,470,230,240
30043,7,547,287,260
30043,8,702,356,346
30043,9,671,340,331
30043,10,805,404,401
30043,11,860,410,450
30043,12,1022,493,529
30043,13,1177,569,608
30043,14,1039,542,497
30043,15,743,399,344
30043,16,434,230,204
30043,17,216,115,101
30043,18,162,70,92
30045,0,1952,1009,943
30045,1,88,43,45
30045,2,104,59,45
30045,3,108,59,49
30045,4,103,50,53
30045,5,71,35,36
30045,6,81,38,43
30045,7,77,41,36
30045,8,102,46,56
30045,9,96,53,43
30045,10,95,55,40
30045,11,133,68,65
30045,12,196,90,106
30045,13,169,97,72
30045,14,165,86,79
30045,15,130,73,57
30045,16,116,59,57
30045,17,60,28,32
30045,18,58,29,29
30047,0,30250,14927,15323
30047,1,1859,952,907
30047,2,1932,1010,922
30047,3,2093,1072,1021
30047,4,1896,972,924
30047,5,1542,811,731
30047,6,1637,840,797
30047,7,1559,760,799
30047,8,1647,837,810
30047,9,1561,715,846
30047,10,1516,718,798
30047,11,1730,805,925
30047,12,2183,1033,1150
30047,13,2413,1105,1308
30047,14,2197,1091,1106
30047,15,1805,922,883
30047,16,1264,651,613
30047,17,700,326,374
30047,18,716,307,409
30049,0,68700,33960,34740
30049,1,4013,2026,1987
30049,2,4082,2089,1993
30049,3,4162,2136,2026
30049,4,4108,2138,1970
30049,5,3812,1924,1888
30049,6,4139,2053,2086
30049,7,4424,2203,2221
30049,8,4497,2319,2178
30049,9,3880,1945,1935
30049,10,3920,1914,2006
30049,11,4378,2127,2251
30049,12,5127,2467,2660
30049,13,5255,2508,2747
30049,14,4792,2372,2420
30049,15,3237,1638,1599
30049,16,2122,1034,1088
30049,17,1288,580,708
30049,18,1464,487,977
30051,0,2430,1172,1258
30051,1,147,79,68
30051,2,138,63,75
30051,3,151,82,69
30051,4,129,71,58
30051,5,131,67,64
30051,6,158,70,88
30051,7,143,68,75
30051,8,150,71,79
30051,9,124,59,65
30051,10,119,55,64
30051,11,151,63,88
30051,12,175,89,86
30051,13,214,104,110
30051,14,133,66,67
30051,15,94,50,44
30051,16,100,46,54
30051,17,66,25,41
30051,18,107,44,63
30053,0,19794,9985,9809
30053,1,883,468,415
30053,2,950,491,459
30053,3,1077,580,497
30053,4,1045,508,537
30053,5,643,353,290
30053,6,801,412,389
30053,7,849,399,450
30053,8,948,475,473
30053,9,966,477,489
30053,10,1043,484,559
30053,11,1233,618,615
30053,12,1683,822,861
30053,13,2003,985,1018
30053,14,1946,1011,935
30053,15,1508,788,720
30053,16,1121,580,541
30053,17,601,314,287
30053,18,494,220,274
30055,0,1675,860,815
30055,1,94,58,36
30055,2,88,40,48
30055,3,104,45,59
30055,4,83,50,33
30055,5,92,48,44
30055,6,75,41,34
30055,7,91,48,43
30055,8,74,38,36
30055,9,85,42,43
30055,10,75,33,42
30055,11,84,39,45
30055,12,146,87,59
30055,13,146,74,72
30055,14,140,66,74
30055,15,94,51,43
30055,16,84,42,42
30055,17,69,35,34
30055,18,51,23,28
30057,0,8768,4692,4076
30057,1,348,156,192
30057,2,399,216,183
30057,3,379,193,186
30057,4,374,195,179
30057,5,378,225,153
30057,6,457,261,196
30057,7,554,375,179
30057,8,511,286,225
30057,9,400,212,188
30057,10,457,252,205
30057,11,512,265,247
30057,12,681,346,335
30057,13,844,414,430
30057,14,904,465,439
30057,15,704,398,306
30057,16,408,230,178
30057,17,217,107,110
30057,18,241,96,145
30059,0,1866,943,923
30059,1,98,51,47
30059,2,112,59,53
30059,3,96,57,39
30059,4,84,45,39
30059,5,71,37,34
30059,6,78,38,40
30059,7,81,36,45
30059,8,88,45,43
30059,9,89,45,44
30059,10,99,49,50
30059,11,90,46,44
30059,12,135,64,71
30059,13,172,78,94
30059,14,202,112,90
30059,15,157,88,69
30059,16,89,40,49
30059,17,54,32,22
30059,18,71,21,50
30061,0,4316,2200,2116
30061,1,209,113,96
30061,2,192,93,99
30061,3,247,105,142
30061,4,198,116,82
30061,5,143,79,64
30061,6,185,98,87
30061,7,200,105,95
30061,8,210,118,92
30061,9,200,92,108
30061,10,207,96,111
30061,11,284,142,142
30061,12,368,167,201
30061,13,426,223,203
30061,14,431,227,204
30061,15,297,156,141
30061,16,266,153,113
30061,17,148,74,74
30061,18,105,43,62
30063,0,118791,59514,59277
30063,1,6109,3083,3026
30063,2,6126,3114,3012
30063,3,6420,3317,3103
30063,4,7555,3858,3697
30063,5,12721,6417,6304
30063,6,10059,5231,4828
30063,7,8528,4328,4200
30063,8,8401,4368,4033
30063,9,6924,3514,3410
30063,10,6468,3385,3083
30063,11,6428,3149,3279
30063,12,7149,3431,3718
30063,13,7397,3464,3933
30063,14,6629,3321,3308
30063,15,4976,2456,2520
30063,16,3165,1528,1637
30063,17,1886,848,1038
30063,18,1850,702,1148
30065,0,4651,2342,2309
30065,1,201,104,97
30065,2,233,128,105
30065,3,258,139,119
30065,4,267,135,132
30065,5,168,86,82
30065,6,217,90,127
30065,7,208,95,113
30065,8,218,115,103
30065,9,201,91,110
30065,10,300,170,130
30065,11,274,136,138
30065,12,410,201,209
30065,13,461,230,231
30065,14,475,235,240
30065,15,290,155,135
30065,16,220,113,107
30065,17,127,62,65
30065,18,123,57,66
30067,0,16736,8436,8300
30067,1,752,398,354
30067,2,824,440,384
30067,3,843,438,405
30067,4,816,428,388
30067,5,649,317,332
30067,6,935,448,487
30067,7,1038,576,462
30067,8,1036,518,518
30067,9,1046,527,519
30067,10,1065,523,542
30067,11,1065,560,505
30067,12,1430,687,743
30067,13,1438,708,730
30067,14,1369,719,650
30067,15,1020,528,492
30067,16,636,299,337
30067,17,371,143,228
30067,18,403,179,224
30069,0,513,279,234
30069,1,19,14,5
30069,2,31,19,12
30069,3,25,14,11
30069,4,30,16,14
30069,5,29,13,16
30069,6,15,6,9
30069,7,26,16,10
30069,8,21,10,11
30069,9,22,12,10
30069,10,29,10,19
30069,11,40,22,18
30069,12,44,29,15
30069,13,54,28,26
30069,14,31,19,12
30069,15,23,13,10
30069,16,39,18,21
30069,17,19,10,9
30069,18,16,10,6
30071,0,4074,2047,2027
30071,1,289,147,142
30071,2,263,151,112
30071,3,273,131,142
30071,4,223,116,107
30071,5,199,109,90
30071,6,200,113,87
30071,7,166,73,93
30071,8,228,113,115
30071,9,199,112,87
30071,10,169,83,86
30071,11,262,134,128
30071,12,372,171,201
30071,13,321,158,163
30071,14,284,153,131
30071,15,201,98,103
30071,16,159,67,92
30071,17,128,62,66
30071,18,138,56,82
30073,0,5972,2975,2997
30073,1,434,235,199
30073,2,385,193,192
30073,3,395,208,187
30073,4,371,186,185
30073,5,316,149,167
30073,6,358,191,167
30073,7,362,184,178
30073,8,304,155,149
30073,9,282,137,145
30073,10,312,157,155
30073,11,343,164,179
30073,12,450,217,233
30073,13,441,222,219
30073,14,373,194,179
30073,15,285,143,142
30073,16,193,96,97
30073,17,137,63,74
30073,18,231,81,150
30075,0,1716,850,866
30075,1,76,37,39
30075,2,66,31,35
30075,3,90,46,44
30075,4,92,46,46
30075,5,86,43,43
30075,6,94,51,43
30075,7,65,33,32
30075,8,85,45,40
30075,9,80,36,44
30075,10,78,34,44
30075,11,113,61,52
30075,12,161,77,84
30075,13,164,75,89
30075,14,157,93,64
30075,15,112,63,49
30075,16,71,30,41
30075,17,56,25,31
30075,18,70,24,46
30077,0,6968,4351,2617
30077,1,275,135,140
30077,2,281,145,136
30077,3,292,141,151
30077,4,291,150,141
30077,5,445,334,111
30077,6,476,374,102
30077,7,417,308,109
30077,8,502,346,156
30077,9,440,325,115
30077,10,509,361,148
30077,11,534,368,166
30077,12,565,339,226
30077,13,505,284,221
30077,14,498,276,222
30077,15,345,182,163
30077,16,271,149,122
30077,17,160,70,90
30077,18,162,64,98
30079,0,1087,553,534
30079,1,49,24,25
30079,2,55,33,22
30079,3,50,22,28
30079,4,49,26,23
30079,5,43,24,19
30079,6,41,19,22
30079,7,49,29,20
30079,8,46,20,26
30079,9,59,31,28
30079,10,63,35,28
30079,11,50,25,25
30079,12,78,36,42
30079,13,109,60,49
30079,14,110,49,61
30079,15,100,51,49
30079,16,50,28,22
30079,17,32,15,17
30079,18,54,26,28
30081,0,43172,21410,21762
30081,1,2070,1073,997
30081,2,2112,1070,1042
30081,3,2478,1308,1170
30081,4,2462,1290,1172
30081,5,1877,1032,845
30081,6,1944,983,961
30081,7,2059,1046,1013
30081,8,2381,1184,1197
30081,9,2230,1103,1127
30081,10,2535,1194,1341
30081,11,2723,1376,1347
30081,12,3358,1593,1765
30081,13,3805,1783,2022
30081,14,3700,1773,1927
30081,15,3096,1551,1545
30081,16,2046,1013,1033
30081,17,1269,621,648
30081,18,1027,417,610
30083,0,10913,5694,5219
30083,1,737,390,347
30083,2,795,389,406
30083,3,794,410,384
30083,4,662,344,318
30083,5,605,344,261
30083,6,752,407,345
30083,7,719,397,322
30083,8,712,359,353
30083,9,639,332,307
30083,10,634,331,303
30083,11,664,336,328
30083,12,793,431,362
30083,13,775,415,360
30083,14,548,295,253
30083,15,434,215,219
30083,16,277,129,148
30083,17,184,93,91
30083,18,189,77,112
30085,0,11059,5528,5531
30085,1,1132,596,536
30085,2,1061,579,482
30085,3,976,481,495
30085,4,829,406,423
30085,5,644,342,302
30085,6,788,400,388
30085,7,740,384,356
30085,8,664,324,340
30085,9,547,284,263
30085,10,524,246,278
30085,11,546,286,260
30085,12,690,332,358
30085,13,652,284,368
30085,14,478,249,229
30085,15,287,132,155
30085,16,197,93,104
30085,17,153,70,83
30085,18,151,40,111
30087,0,9063,4564,4499
30087,1,761,410,351
30087,2,713,360,353
30087,3,731,382,349
30087,4,651,315,336
30087,5,516,265,251
30087,6,553,281,272
30087,7,517,255,262
30087,8,454,220,234
30087,9,453,235,218
30087,10,513,274,239
30087,11,509,243,266
30087,12,627,311,316
30087,13,634,318,316
30087,14,521,243,278
30087,15,388,209,179
30087,16,217,108,109
30087,17,166,76,90
30087,18,139,59,80
30089,0,11844,6070,5774
30089,1,564,300,264
30089,2,538,276,262
30089,3,586,329,257
30089,4,613,317,296
30089,5,411,240,171
30089,6,439,216,223
30089,7,488,238,250
30089,8,506,258,248
30089,9,541,268,273
30089,10,604,330,274
30089,11,640,308,332
30089,12,986,489,497
30089,13,1227,567,660
30089,14,1299,663,636
30089,15,984,546,438
30089,16,707,379,328
30089,17,388,204,184
30089,18,323,142,181
30091,0,3424,1735,1689
30091,1,178,101,77
30091,2,212,127,85
30091,3,205,94,111
30091,4,159,89,70
30091,5,163,81,82
30091,6,158,87,71
30091,7,179,90,89
30091,8,270,122,148
30091,9,179,80,99
30091,10,163,73,90
30091,11,202,90,112
30091,12,259,149,110
30091,13,323,178,145
30091,14,257,141,116
30091,15,151,67,84
30091,16,131,62,69
30091,17,114,54,60
30091,18,121,50,71
30093,0,34993,17567,17426
30093,1,2017,1042,975
30093,2,1975,999,976
30093,3,1955,1016,939
30093,4,2034,1053,981
30093,5,3140,1547,1593
30093,6,2350,1275,1075
30093,7,1953,1024,929
30093,8,2072,1105,967
30093,9,1792,944,848
30093,10,1873,923,950
30093,11,2092,1060,1032
30093,12,2519,1245,1274
30093,13,2554,1255,1299
30093,14,2208,1062,1146
30093,15,1569,776,793
30093,16,1258,600,658
30093,17,785,361,424
30093,18,847,280,567
30095,0,9534,4882,4652
30095,1,428,225,203
30095,2,529,291,238
30095,3,667,352,315
30095,4,638,343,295
30095,5,405,200,205
30095,6,396,215,181
30095,7,407,204,203
30095,8,510,235,275
30095,9,555,287,268
30095,10,578,301,277
30095,11,605,306,299
30095,12,798,395,403
30095,13,858,445,413
30095,14,800,405,395
30095,15,570,298,272
30095,16,393,195,198
30095,17,221,122,99
30095,18,176,63,113
30097,0,3710,1895,1815
30097,1,170,93,77
30097,2,183,88,95
30097,3,249,128,121
30097,4,221,121,100
30097,5,203,117,86
30097,6,154,80,74
30097,7,167,88,79
30097,8,171,83,88
30097,9,195,104,91
30097,10,212,107,105
30097,11,230,110,120
30097,12,259,129,130
30097,13,310,139,171
30097,14,289,170,119
30097,15,254,115,139
30097,16,179,101,78
30097,17,120,64,56
30097,18,144,58,86
30099,0,6162,3032,3130
30099,1,425,209,216
30099,2,409,197,212
30099,3,416,210,206
30099,4,377,200,177
30099,5,300,156,144
30099,6,294,157,137
30099,7,318,150,168
30099,8,347,161,186
30099,9,289,142,147
30099,10,320,158,162
30099,11,379,186,193
30099,12,468,230,238
30099,13,422,208,214
30099,14,398,207,191
30099,15,326,162,164
30099,16,252,120,132
30099,17,206,98,108
30099,18,216,81,135
30101,0,4853,2711,2142
30101,1,319,160,159
30101,2,264,148,116
30101,3,263,124,139
30101,4,234,126,108
30101,5,272,177,95
30101,6,328,211,117
30101,7,312,211,101
30101,8,329,208,121
30101,9,304,182,122
30101,10,266,147,119
30101,11,297,173,124
30101,12,418,223,195
30101,13,351,197,154
30101,14,300,154,146
30101,15,200,112,88
30101,16,145,65,80
30101,17,96,37,59
30101,18,155,56,99
30103,0,679,340,339
30103,1,55,28,27
30103,2,41,19,22
30103,3,25,12,13
30103,4,29,13,16
30103,5,26,15,11
30103,6,28,18,10
30103,7,38,19,19
30103,8,38,21,17
30103,9,22,8,14
30103,10,17,6,11
30103,11,40,21,19
30103,12,54,30,24
30103,13,72,36,36
30103,14,53,26,27
30103,15,55,30,25
30103,16,33,18,15
30103,17,30,9,21
30103,18,23,11,12
30105,0,7437,3727,3710
30105,1,437,223,214
30105,2,459,229,230
30105,3,493,246,247
30105,4,457,251,206
30105,5,335,171,164
30105,6,401,199,202
30105,7,382,188,194
30105,8,405,213,192
30105,9,391,207,184
30105,10,373,187,186
30105,11,428,217,211
30105,12,571,276,295
30105,13,567,306,261
30105,14,562,294,268
30105,15,325,164,161
30105,16,316,142,174
30105,17,254,109,145
30105,18,281,105,176
30107,0,2236,1151,1085
30107,1,140,74,66
30107,2,157,78,79
30107,3,151,82,69
30107,4,200,131,69
30107,5,118,65,53
30107,6,92,43,49
30107,7,97,47,50
30107,8,90,35,55
30107,9,116,62,54
30107,10,134,76,58
30107,11,90,57,33
30107,12,129,58,71
30107,13,188,95,93
30107,14,171,83,88
30107,15,130,69,61
30107,16,101,46,55
30107,17,53,21,32
30107,18,79,29,50
30109,0,1034,535,499
30109,1,64,32,32
30109,2,65,37,28
30109,3,55,30,25
30109,4,62,31,31
30109,5,50,25,25
30109,6,40,23,17
30109,7,48,20,28
30109,8,69,40,29
30109,9,49,26,23
30109,10,45,25,20
30109,11,71,35,36
30109,12,81,50,31
30109,13,84,45,39
30109,14,85,38,47
30109,15,51,26,25
30109,16,43,20,23
30109,17,39,19,20
30109,18,33,13,20
30111,0,160137,78729,81408
30111,1,10023,5188,4835
30111,2,10571,5367,5204
30111,3,10944,5530,5414
30111,4,9424,4733,4691
30111,5,9381,4735,4646
30111,6,11285,5610,5675
30111,7,11001,5516,5485
30111,8,10830,5509,5321
30111,9,9303,4581,4722
30111,10,9389,4733,4656
30111,11,9340,4582,4758
30111,12,10933,5286,5647
30111,13,10596,5123,5473
30111,14,8894,4267,4627
30111,15,6804,3198,3606
30111,16,4624,2185,2439
30111,17,3148,1327,1821
30111,18,3647,1259,2388
31001,0,31511,15706,15805
31001,1,2085,1016,1069
31001,2,2035,1013,1022
31001,3,2069,1046,1023
31001,4,2378,1253,1125
31001,5,2351,1285,1066
31001,6,1947,986,961
31001,7,1773,923,850
31001,8,1725,904,821
31001,9,1702,832,870
31001,10,1658,843,815
31001,11,1800,898,902
31001,12,2164,1106,1058
31001,13,2088,1039,1049
31001,14,1845,905,940
31001,15,1363,622,741
31001,16,1003,462,541
31001,17,665,262,403
31001,18,860,311,549
31003,0,6336,3184,3152
31003,1,440,230,210
31003,2,416,220,196
31003,3,417,209,208
31003,4,371,190,181
31003,5,319,173,146
31003,6,287,153,134
31003,7,321,159,162
31003,8,337,186,151
31003,9,305,154,151
31003,10,287,146,141
31003,11,346,167,179
31003,12,517,264,253
31003,13,480,245,235
31003,14,427,213,214
31003,15,340,175,165
31003,16,273,125,148
31003,17,226,98,128
31003,18,227,77,150
31005,0,465,230,235
31005,1,24,14,10
31005,2,37,23,14
31005,3,35,13,22
31005,4,35,18,17
31005,5,30,9,21
31005,6,22,16,6
31005,7,29,16,13
31005,8,22,7,15
31005,9,32,17,15
31005,10,22,12,10
31005,11,23,11,12
31005,12,23,13,10
31005,13,29,13,16
31005,14,34,16,18
31005,15,20,9,11
31005,16,21,10,11
31005,17,20,9,11
31005,18,7,4,3
31007,0,730,350,380
31007,1,49,25,24
31007,2,51,23,28
31007,3,43,20,23
31007,4,39,10,29
31007,5,38,19,19
31007,6,41,19,22
31007,7,29,15,14
31007,8,50,25,25
31007,9,24,13,11
31007,10,25,9,16
31007,11,41,17,24
31007,12,60,29,31
31007,13,66,35,31
31007,14,63,37,26
31007,15,51,25,26
31007,16,25,12,13
31007,17,18,10,8
31007,18,17,7,10
31009,0,476,240,236
31009,1,26,11,15
31009,2,29,22,7
31009,3,25,14,11
31009,4,22,9,13
31009,5,27,15,12
31009,6,36,16,20
31009,7,16,10,6
31009,8,21,11,10
31009,9,15,8,7
31009,10,24,8,16
31009,11,33,16,17
31009,12,45,21,24
31009,13,36,18,18
31009,14,43,19,24
31009,15,21,17,4
31009,16,28,11,17
31009,17,15,6,9
31009,18,14,8,6
31011,0,5239,2623,2616
31011,1,327,161,166
31011,2,347,168,179
31011,3,343,182,161
31011,4,295,141,154
31011,5,287,166,121
31011,6,262,131,131
31011,7,259,138,121
31011,8,280,153,127
31011,9,238,127,111
31011,10,240,119,121
31011,11,311,148,163
31011,12,422,221,201
31011,13,432,237,195
31011,14,316,157,159
31011,15,249,118,131
31011,16,207,107,100
31011,17,187,79,108
31011,18,237,70,167
31013,0,10772,5356,5416
31013,1,727,349,378
31013,2,797,390,407
31013,3,731,375,356
31013,4,685,364,321
31013,5,550,286,264
31013,6,624,301,323
31013,7,608,301,307
31013,8,618,310,308
31013,9,644,348,296
31013,10,564,266,298
31013,11,524,260,264
31013,12,758,372,386
31013,13,900,486,414
31013,14,705,361,344
31013,15,510,260,250
31013,16,314,143,171
31013,17,205,71,134
31013,18,308,113,195
31015,0,1955,981,974
31015,1,88,42,46
31015,2,107,53,54
31015,3,100,48,52
31015,4,114,60,54
31015,5,105,51,54
31015,6,73,42,31
31015,7,77,39,38
31015,8,85,45,40
31015,9,84,44,40
31015,10,89,50,39
31015,11,107,56,51
31015,12,176,88,88
31015,13,152,81,71
31015,14,177,92,85
31015,15,131,72,59
31015,16,110,50,60
31015,17,69,30,39
31015,18,111,38,73
31017,0,2973,1450,1523
31017,1,131,74,57
31017,2,181,96,85
31017,3,189,89,100
31017,4,195,89,106
31017,5,144,75,69
31017,6,125,62,63
31017,7,133,69,64
31017,8,125,64,61
31017,9,165,80,85
31017,10,165,79,86
31017,11,167,90,77
31017,12,237,109,128
31017,13,240,118,122
31017,14,230,110,120
31017,15,163,80,83
31017,16,148,67,81
31017,17,110,54,56
31017,18,125,45,80
31019,0,49615,24823,24792
31019,1,3476,1792,1684
31019,2,3185,1668,1517
31019,3,3117,1605,1512
31019,4,3807,1983,1824
31019,5,5554,2787,2767
31019,6,3403,1728,1675
31019,7,3300,1735,1565
31019,8,3203,1704,1499
31019,9,2681,1362,1319
31019,10,2556,1305,1251
31019,11,2491,1226,1265
31019,12,2848,1376,1472
31019,13,2797,1342,1455
31019,14,2391,1181,1210
31019,15,1726,824,902
31019,16,1193,512,681
31019,17,841,355,486
31019,18,1046,338,708
31021,0,6488,3220,3268
31021,1,349,190,159
31021,2,395,197,198
31021,3,461,237,224
31021,4,377,217,160
31021,5,308,155,153
31021,6,309,153,156
31021,7,351,166,185
31021,8,330,166,164
31021,9,310,154,156
31021,10,343,167,176
31021,11,414,207,207
31021,12,466,235,231
31021,13,509,267,242
31021,14,451,229,222
31021,15,349,163,186
31021,16,273,135,138
31021,17,216,91,125
31021,18,277,91,186
31023,0,8058,4074,3984
31023,1,464,205,259
31023,2,509,256,253
31023,3,533,278,255
31023,4,544,292,252
31023,5,421,234,187
31023,6,396,205,191
31023,7,440,243,197
31023,8,444,225,219
31023,9,430,239,191
31023,10,438,235,203
31023,11,530,271,259
31023,12,649,323,326
31023,13,573,293,280
31023,14,528,274,254
31023,15,378,172,206
31023,16,273,118,155
31023,17,238,118,120
31023,18,270,93,177
31025,0,26159,13179,12980
31025,1,1544,801,743
31025,2,1752,914,838
31025,3,1867,993,874
31025,4,1695,888,807
31025,5,1313,693,620
31025,6,1235,647,588
31025,7,1481,750,731
31025,8,1656,824,832
31025,9,1577,806,771
31025,10,1655,805,850
31025,11,1808,909,899
31025,12,2146,1086,1060
31025,13,1853,912,941
31025,14,1615,800,815
31025,15,1175,591,584
31025,16,713,324,389
31025,17,530,256,274
31025,18,544,180,364
31027,0,8446,4275,4171
31027,1,567,297,270
31027,2,599,336,263
31027,3,617,327,290
31027,4,546,281,265
31027,5,433,225,208
31027,6,361,186,175
31027,7,426,215,211
31027,8,416,226,190
31027,9,382,187,195
31027,10,442,207,235
31027,11,501,255,246
31027,12,661,342,319
31027,13,687,352,335
31027,14,494,262,232
31027,15,396,204,192
31027,16,319,150,169
31027,17,258,104,154
31027,18,341,119,222
31029,0,3977,1970,2007
31029,1,259,140,119
31029,2,283,146,137
31029,3,302,152,150
31029,4,255,124,131
31029,5,183,87,96
31029,6,186,94,92
31029,7,209,112,97
31029,8,224,117,107
31029,9,235,118,117
31029,10,217,112,105
31029,11,217,116,101
31029,12,285,146,139
31029,13,308,142,166
31029,14,217,112,105
31029,15,172,89,83
31029,16,156,71,85
31029,17,111,44,67
31029,18,158,48,110
31031,0,5761,2921,2840
31031,1,392,204,188
31031,2,359,188,171
31031,3,384,206,178
31031,4,324,170,154
31031,5,298,160,138
31031,6,290,156,134
31031,7,292,143,149
31031,8,367,198,169
31031,9,321,171,150
31031,10,325,162,163
31031,11,318,148,170
31031,12,402,205,197
31031,13,433,223,210
31031,14,352,172,180
31031,15,291,128,163
31031,16,241,130,111
31031,17,172,83,89
31031,18,200,74,126
31033,0,9310,4682,4628
31033,1,571,288,283
31033,2,625,315,310
31033,3,624,320,304
31033,4,567,297,270
31033,5,418,228,190
31033,6,546,288,258
31033,7,578,283,295
31033,8,584,304,280
31033,9,532,254,278
31033,10,549,288,261
31033,11,560,301,259
31033,12,702,362,340
31033,13,646,332,314
31033,14,568,286,282
31033,15,410,209,201
31033,16,298,132,166
31033,17,234,91,143
31033,18,298,104,194
31035,0,6214,3190,3024
31035,1,440,223,217
31035,2,397,216,181
31035,3,430,214,216
31035,4,392,217,175
31035,5,316,172,144
31035,6,332,166,166
31035,7,362,193,169
31035,8,315,163,152
31035,9,321,160,161
31035,10,330,163,167
31035,11,358,188,170
31035,12,487,251,236
31035,13,472,234,238
31035,14,387,216,171
31035,15,321,170,151
31035,16,208,100,108
31035,17,143,63,80
31035,18,203,81,122
31037,0,10881,5796,5085
31037,1,979,455,524
31037,2,871,399,472
31037,3,886,438,448
31037,4,764,442,322
31037,5,636,371,265
31037,6,616,319,297
31037,7,756,466,290
31037,8,779,491,288
31037,9,661,384,277
31037,10,598,327,271
31037,11,603,344,259
31037,12,685,368,317
31037,13,582,297,285
31037,14,464,242,222
31037,15,334,176,158
31037,16,230,111,119
31037,17,205,94,111
31037,18,232,72,160
31039,0,8940,4479,4461
31039,1,596,313,283
31039,2,551,279,272
31039,3,654,328,326
31039,4,611,296,315
31039,5,503,266,237
31039,6,428,234,194
31039,7,451,221,230
31039,8,478,236,242
31039,9,453,218,235
31039,10,434,221,213
31039,11,565,296,269
31039,12,625,340,285
31039,13,626,330,296
31039,14,500,262,238
31039,15,434,203,231
31039,16,344,167,177
31039,17,297,135,162
31039,18,390,134,256
31041,0,10840,5396,5444
31041,1,701,362,339
31041,2,705,347,358
31041,3,763,374,389
31041,4,634,342,292
31041,5,543,284,259
31041,6,577,275,302
31041,7,577,315,262
31041,8,565,284,281
31041,9,597,309,288
31041,10,566,282,284
31041,11,603,294,309
31041,12,834,431,403
31041,13,744,368,376
31041,14,716,359,357
31041,15,585,284,301
31041,16,391,189,202
31041,17,327,156,171
31041,18,412,141,271
31043,0,20083,10177,9906
31043,1,1744,934,810
31043,2,1575,777,798
31043,3,1502,803,699
31043,4,1448,734,714
31043,5,1370,713,657
31043,6,1376,699,677
31043,7,1353,701,652
31043,8,1210,636,574
31043,9,1079,534,545
31043,10,1121,546,575
31043,11,1223,659,564
31043,12,1252,630,622
31043,13,1095,544,551
31043,14,880,437,443
31043,15,695,331,364
31043,16,504,235,269
31043,17,355,162,193
31043,18,301,102,199
31045,0,8716,4348,4368
31045,1,433,239,194
31045,2,435,215,220
31045,3,395,197,198
31045,4,874,432,442
31045,5,1370,724,646
31045,6,495,242,253
31045,7,390,218,172
31045,8,452,225,227
31045,9,364,187,177
31045,10,375,193,182
31045,11,412,196,216
31045,12,557,257,300
31045,13,548,276,272
31045,14,455,225,230
31045,15,354,177,177
31045,16,313,136,177
31045,17,219,113,106
31045,18,275,96,179
31047,0,23709,12326,11383
31047,1,1895,988,907
31047,2,1691,881,810
31047,3,1765,931,834
31047,4,1676,857,819
31047,5,1401,723,678
31047,6,1546,887,659
31047,7,1463,815,648
31047,8,1439,770,669
31047,9,1348,706,642
31047,10,1383,703,680
31047,11,1274,713,561
31047,12,1412,746,666
31047,13,1469,766,703
31047,14,1252,625,627
31047,15,989,491,498
31047,16,675,315,360
31047,17,454,190,264
31047,18,577,219,358
31049,0,1825,905,920
31049,1,97,45,52
31049,2,100,53,47
31049,3,132,69,63
31049,4,94,43,51
31049,5,67,30,37
31049,6,77,41,36
31049,7,91,40,51
31049,8,100,46,54
31049,9,95,54,41
31049,10,99,54,45
31049,11,123,67,56
31049,12,168,80,88
31049,13,153,81,72
31049,14,126,59,67
31049,15,104,55,49
31049,16,87,40,47
31049,17,62,26,36
31049,18,50,22,28
31051,0,5709,2908,2801
31051,1,409,211,198
31051,2,378,206,172
31051,3,410,225,185
31051,4,400,200,200
31051,5,316,157,159
31051,6,266,133,133
31051,7,287,152,135
31051,8,307,157,150
31051,9,300,149,151
31051,10,320,175,145
31051,11,336,177,159
31051,12,392,198,194
31051,13,442,229,213
31051,14,374,202,172
31051,15,282,143,139
31051,16,214,103,111
31051,17,137,57,80
31051,18,139,34,105
31053,0,36791,18257,18534
31053,1,2515,1271,1244
31053,2,2453,1249,1204
31053,3,2489,1242,1247
31053,4,2455,1259,1196
31053,5,2368,1221,1147
31053,6,2053,1067,986
31053,7,2031,1046,985
31053,8,2269,1173,1096
31053,9,1982,1032,950
31053,10,2058,1067,991
31053,11,2198,1091,1107
31053,12,2540,1243,1297
31053,13,2303,1139,1164
31053,14,2027,983,1044
31053,15,1628,770,858
31053,16,1278,586,692
31053,17,905,361,544
31053,18,1239,457,782
31055,0,566880,279878,287002
31055,1,42731,21966,20765
31055,2,40230,20506,19724
31055,3,39311,20067,19244
31055,4,37690,19044,18646
31055,5,37043,18448,18595
31055,6,43893,22143,21750
31055,7,44108,22307,21801
31055,8,41660,21073,20587
31055,9,34228,17144,17084
31055,10,33452,16755,16697
31055,11,32660,16317,16343
31055,12,34764,16988,17776
31055,13,31358,14878,16480
31055,14,26052,12120,13932
31055,15,18299,8371,9928
31055,16,12221,5316,6905
31055,17,8039,3256,4783
31055,18,9141,3179,5962
31057,0,1770,885,885
31057,1,86,44,42
31057,2,99,52,47
31057,3,93,56,37
31057,4,97,50,47
31057,5,115,56,59
31057,6,64,28,36
31057,7,87,48,39
31057,8,92,51,41
31057,9,93,47,46
31057,10,116,61,55
31057,11,86,40,46
31057,12,147,72,75
31057,13,148,77,71
31057,14,139,71,68
31057,15,97,44,53
31057,16,71,40,31
31057,17,58,15,43
31057,18,82,33,49
31059,0,5527,2764,2763
31059,1,297,151,146
31059,2,270,145,125
31059,3,295,149,146
31059,4,345,155,190
31059,5,271,137,134
31059,6,305,161,144
31059,7,332,176,156
31059,8,330,178,152
31059,9,279,140,139
31059,10,280,146,134
31059,11,389,199,190
31059,12,464,236,228
31059,13,420,218,202
31059,14,367,181,186
31059,15,266,132,134
31059,16,209,96,113
31059,17,193,80,113
31059,18,215,84,131
31061,0,3023,1488,1535
31061,1,155,70,85
31061,2,162,94,68
31061,3,168,91,77
31061,4,156,78,78
31061,5,132,57,75
31061,6,149,77,72
31061,7,141,74,67
31061,8,131,60,71
31061,9,147,71,76
31061,10,148,71,77
31061,11,170,91,79
31061,12,262,131,131
31061,13,249,130,119
31061,14,254,124,130
31061,15,189,94,95
31061,16,165,74,91
31061,17,119,55,64
31061,18,126,46,80
31063,0,2608,1333,1275
31063,1,130,67,63
31063,2,134,80,54
31063,3,150,83,67
31063,4,210,114,96
31063,5,161,82,79
31063,6,130,68,62
31063,7,131,63,68
31063,8,125,70,55
31063,9,122,65,57
31063,10,147,62,85
31063,11,134,62,72
31063,12,179,94,85
31063,13,232,134,98
31063,14,181,79,102
31063,15,147,80,67
31063,16,112,56,56
31063,17,86,41,45
31063,18,97,33,64
31065,0,4715,2348,2367
31065,1,271,140,131
31065,2,242,131,111
31065,3,307,152,155
31065,4,315,165,150
31065,5,229,134,95
31065,6,257,136,121
31065,7,191,94,97
31065,8,242,124,118
31065,9,236,109,127
31065,10,264,147,117
31065,11,261,132,129
31065,12,336,175,161
31065,13,383,192,191
31065,14,344,152,192
31065,15,305,149,156
31065,16,204,92,112
31065,17,158,73,85
31065,18,170,51,119
31067,0,21493,10735,10758
31067,1,1265,661,604
31067,2,1338,707,631
31067,3,1417,741,676
31067,4,1269,673,596
31067,5,1055,568,487
31067,6,1075,532,543
31067,7,1169,584,585
31067,8,1246,639,607
31067,9,1216,617,599
31067,10,1222,630,592
31067,11,1383,677,706
31067,12,1741,870,871
31067,13,1624,809,815
31067,14,1274,631,643
31067,15,1006,482,524
31067,16,796,352,444
31067,17,621,264,357
31067,18,776,298,478
31069,0,1897,992,905
31069,1,88,43,45
31069,2,112,58,54
31069,3,114,78,36
31069,4,90,60,30
31069,5,83,46,37
31069,6,81,48,33
31069,7,113,51,62
31069,8,81,46,35
31069,9,70,37,33
31069,10,101,51,50
31069,11,107,50,57
31069,12,169,85,84
31069,13,158,93,65
31069,14,140,66,74
31069,15,113,54,59
31069,16,114,60,54
31069,17,90,35,55
31069,18,73,31,42
31071,0,1987,992,995
31071,1,95,50,45
31071,2,79,46,33
31071,3,111,48,63
31071,4,122,62,60
31071,5,119,60,59
31071,6,77,43,34
31071,7,92,51,41
31071,8,77,42,35
31071,9,105,51,54
31071,10,84,38,46
31071,11,106,48,58
31071,12,163,85,78
31071,13,186,102,84
31071,14,144,78,66
31071,15,132,62,70
31071,16,93,48,45
31071,17,100,51,49
31071,18,102,27,75
31073,0,1996,1023,973
31073,1,117,63,54
31073,2,113,60,53
31073,3,119,73,46
31073,4,134,69,65
31073,5,86,42,44
31073,6,79,38,41
31073,7,111,64,47
31073,8,117,48,69
31073,9,81,46,35
31073,10,115,64,51
31073,11,114,56,58
31073,12,171,86,85
31073,13,162,83,79
31073,14,132,64,68
31073,15,118,62,56
31073,16,71,31,40
31073,17,76,47,29
31073,18,80,27,53
31075,0,660,349,311
31075,1,56,26,30
31075,2,47,26,21
31075,3,37,25,12
31075,4,33,16,17
31075,5,22,12,10
31075,6,30,20,10
31075,7,42,22,20
31075,8,40,21,19
31075,9,37,19,18
31075,10,19,10,9
31075,11,35,15,20
31075,12,64,32,32
31075,13,49,28,21
31075,14,53,26,27
31075,15,35,16,19
31075,16,34,16,18
31075,17,21,15,6
31075,18,6,4,2
31077,0,2356,1160,1196
31077,1,150,75,75
31077,2,148,70,78
31077,3,165,85,80
31077,4,126,67,59
31077,5,116,53,63
31077,6,99,40,59
31077,7,134,70,64
31077,8,113,52,61
31077,9,133,72,61
31077,10,82,45,37
31077,11,141,64,77
31077,12,183,93,90
31077,13,162,80,82
31077,14,161,85,76
31077,15,122,73,49
31077,16,108,55,53
31077,17,97,44,53
31077,18,116,37,79
31079,0,61607,31080,30527
31079,1,4818,2558,2260
31079,2,4558,2353,2205
31079,3,4826,2466,2360
31079,4,4156,2200,1956
31079,5,3652,1888,1764
31079,6,4072,2142,1930
31079,7,4017,2009,2008
31079,8,4028,2042,1986
31079,9,3644,1863,1781
31079,10,3585,1850,1735
31079,11,3573,1785,1788
31079,12,3951,2024,1927
31079,13,3577,1757,1820
31079,14,2887,1364,1523
31079,15,2293,1112,1181
31079,16,1554,707,847
31079,17,1089,467,622
31079,18,1327,493,834
31081,0,9280,4658,4622
31081,1,584,297,287
31081,2,610,343,267
31081,3,630,340,290
31081,4,624,309,315
31081,5,517,277,240
31081,6,507,251,256
31081,7,487,253,234
31081,8,551,278,273
31081,9,481,238,243
31081,10,559,275,284
31081,11,570,289,281
31081,12,644,327,317
31081,13,669,305,364
31081,14,559,292,267
31081,15,441,211,230
31081,16,320,155,165
31081,17,245,118,127
31081,18,282,100,182
31083,0,3401,1762,1639
31083,1,184,105,79
31083,2,207,111,96
31083,3,202,113,89
31083,4,204,105,99
31083,5,139,74,65
31083,6,155,72,83
31083,7,128,70,58
31083,8,169,84,85
31083,9,157,81,76
31083,10,189,100,89
31083,11,200,109,91
31083,12,283,144,139
31083,13,293,151,142
31083,14,262,138,124
31083,15,222,123,99
31083,16,154,75,79
31083,17,122,55,67
31083,18,131,52,79
31085,0,916,474,442
31085,1,68,35,33
31085,2,62,26,36
31085,3,46,27,19
31085,4,39,20,19
31085,5,55,30,25
31085,6,45,19,26
31085,7,40,26,14
31085,8,45,23,22
31085,9,35,17,18
31085,10,24,11,13
31085,11,39,24,15
31085,12,80,41,39
31085,13,86,46,40
31085,14,69,34,35
31085,15,55,35,20
31085,16,38,15,23
31085,17,43,22,21
31085,18,47,23,24
31087,0,2806,1413,1393
31087,1,152,77,75
31087,2,164,82,82
31087,3,214,112,102
31087,4,160,89,71
31087,5,119,61,58
31087,6,115,65,50
31087,7,125,62,63
31087,8,202,105,97
31087,9,128,64,64
31087,10,154,78,76
31087,11,129,61,68
31087,12,222,113,109
31087,13,211,112,99
31087,14,228,111,117
31087,15,149,77,72
31087,16,128,62,66
31087,17,94,38,56
31087,18,112,44,68
31089,0,10178,5088,5090
31089,1,717,373,344
31089,2,748,380,368
31089,3,727,376,351
31089,4,567,281,286
31089,5,509,255,254
31089,6,481,251,230
31089,7,504,266,238
31089,8,556,279,277
31089,9,475,255,220
31089,10,477,244,233
31089,11,575,280,295
31089,12,850,426,424
31089,13,795,404,391
31089,14,666,347,319
31089,15,490,237,253
31089,16,405,189,216
31089,17,282,108,174
31089,18,354,137,217
31091,0,682,329,353
31091,1,42,21,21
31091,2,35,15,20
31091,3,50,29,21
31091,4,40,21,19
31091,5,23,9,14
31091,6,33,19,14
31091,7,25,11,14
31091,8,34,13,21
31091,9,39,26,13
31091,10,30,12,18
31091,11,26,13,13
31091,12,35,20,15
31091,13,62,27,35
31091,14,56,29,27
31091,15,41,19,22
31091,16,38,19,19
31091,17,22,7,15
31091,18,51,19,32
31093,0,6468,3281,3187
31093,1,402,226,176
31093,2,444,216,228
31093,3,469,259,210
31093,4,379,206,173
31093,5,275,141,134
31093,6,348,175,173
31093,7,338,168,170
31093,8,362,187,175
31093,9,362,186,176
31093,10,369,196,173
31093,11,428,203,225
31093,12,453,231,222
31093,13,475,244,231
31093,14,373,182,191
31093,15,363,177,186
31093,16,217,106,111
31093,17,186,93,93
31093,18,225,85,140
31095,0,7097,3511,3586
31095,1,398,200,198
31095,2,422,224,198
31095,3,460,241,219
31095,4,416,199,217
31095,5,315,150,165
31095,6,333,170,163
31095,7,368,198,170
31095,8,381,185,196
31095,9,363,201,162
31095,10,392,193,199
31095,11,410,197,213
31095,12,548,269,279
31095,13,593,312,281
31095,14,509,251,258
31095,15,386,186,200
31095,16,289,138,151
31095,17,238,105,133
31095,18,276,92,184
31097,0,5134,3019,2115
31097,1,240,121,119
31097,2,248,124,124
31097,3,310,141,169
31097,4,258,146,112
31097,5,305,201,104
31097,6,350,252,98
31097,7,362,280,82
31097,8,390,274,116
31097,9,293,191,102
31097,10,337,234,103
31097,11,329,204,125
31097,12,379,212,167
31097,13,370,208,162
31097,14,270,140,130
31097,15,226,107,119
31097,16,159,77,82
31097,17,122,51,71
31097,18,186,56,130
31099,0,6544,3264,3280
31099,1,415,201,214
31099,2,422,220,202
31099,3,514,255,259
31099,4,386,195,191
31099,5,346,193,153
31099,6,371,181,190
31099,7,361,184,177
31099,8,387,195,192
31099,9,360,175,185
31099,10,393,210,183
31099,11,369,190,179
31099,12,507,251,256
31099,13,432,217,215
31099,14,384,187,197
31099,15,296,145,151
31099,16,237,117,120
31099,17,173,74,99
31099,18,191,74,117
31101,0,8021,4046,3975
31101,1,447,237,210
31101,2,415,229,186
31101,3,475,261,214
31101,4,395,198,197
31101,5,361,182,179
31101,6,371,174,197
31101,7,409,216,193
31101,8,391,194,197
31101,9,386,204,182
31101,10,426,202,224
31101,11,480,257,223
31101,12,701,363,338
31101,13,622,307,315
31101,14,660,314,346
31101,15,550,281,269
31101,16,402,181,221
31101,17,301,154,147
31101,18,229,92,137
31103,0,810,393,417
31103,1,33,15,18
31103,2,45,18,27
31103,3,53,26,27
31103,4,36,17,19
31103,5,34,16,18
31103,6,33,18,15
31103,7,22,11,11
31103,8,44,23,21
31103,9,37,20,17
31103,10,29,14,15
31103,11,42,23,19
31103,12,76,38,38
31103,13,75,41,34
31103,14,55,30,25
31103,15,63,26,37
31103,16,41,20,21
31103,17,52,24,28
31103,18,40,13,27
31105,0,3618,1816,1802
31105,1,218,99,119
31105,2,213,113,100
31105,3,211,106,105
31105,4,222,129,93
31105,5,168,101,67
31105,6,180,93,87
31105,7,178,96,82
31105,8,190,100,90
31105,9,173,94,79
31105,10,191,87,104
31105,11,217,110,107
31105,12,294,142,152
31105,13,280,153,127
31105,14,225,106,119
31105,15,209,90,119
31105,16,188,90,98
31105,17,124,56,68
31105,18,137,51,86
31107,0,8419,4167,4252
31107,1,544,292,252
31107,2,570,273,297
31107,3,570,267,303
31107,4,545,275,270
31107,5,385,210,175
31107,6,380,203,177
31107,7,364,175,189
31107,8,419,245,174
31107,9,381,191,190
31107,10,399,212,187
31107,11,467,233,234
31107,12,632,317,315
31107,13,685,351,334
31107,14,573,280,293
31107,15,455,224,231
31107,16,353,165,188
31107,17,304,120,184
31107,18,393,134,259
31109,0,317272,159223,158049
31109,1,20112,10476,9636
31109,2,20394,10389,10005
31109,3,20374,10386,9988
31109,4,23538,11800,11738
31109,5,35462,17825,17637
31109,6,23479,12684,10795
31109,7,20609,10854,9755
31109,8,21364,11072,10292
31109,9,18344,9530,8814
31109,10,17439,8959,8480
31109,11,16355,8333,8022
31109,12,18105,8819,9286
31109,13,17558,8474,9084
31109,14,15634,7386,8248
31109,15,11014,5100,5914
31109,16,7136,3210,3926
31109,17,4837,2018,2819
31109,18,5518,1908,3610
31111,0,35185,17409,17776
31111,1,2110,1073,1037
31111,2,2248,1152,1096
31111,3,2517,1257,1260
31111,4,2187,1126,1061
31111,5,1798,939,859
31111,6,2061,1062,999
31111,7,2025,995,1030
31111,8,2316,1158,1158
31111,9,2107,1014,1093
31111,10,2078,1109,969
31111,11,1953,988,965
31111,12,2454,1197,1257
31111,13,2526,1275,1251
31111,14,2189,1078,1111
31111,15,1602,762,840
31111,16,1148,536,612
31111,17,871,347,524
31111,18,995,341,654
31113,0,749,396,353
31113,1,48,28,20
31113,2,43,24,19
31113,3,68,41,27
31113,4,49,22,27
31113,5,26,16,10
31113,6,27,13,14
31113,7,30,19,11
31113,8,50,25,25
31113,9,51,28,23
31113,10,36,16,20
31113,11,35,20,15
31113,12,59,30,29
31113,13,58,31,27
31113,14,59,30,29
31113,15,36,18,18
31113,16,35,13,22
31113,17,17,11,6
31113,18,22,11,11
31115,0,618,315,303
31115,1,30,16,14
31115,2,31,18,13
31115,3,31,22,9
31115,4,36,20,16
31115,5,33,17,16
31115,6,23,11,12
31115,7,30,16,14
31115,8,26,12,14
31115,9,23,14,9
31115,10,26,12,14
31115,11,30,15,15
31115,12,58,29,29
31115,13,76,37,39
31115,14,51,24,27
31115,15,46,23,23
31115,16,35,19,16
31115,17,21,8,13
31115,18,12,2,10
31117,0,492,251,241
31117,1,16,7,9
31117,2,14,9,5
31117,3,34,18,16
31117,4,43,21,22
31117,5,26,15,11
31117,6,14,7,7
31117,7,15,8,7
31117,8,21,8,13
31117,9,27,14,13
31117,10,34,25,9
31117,11,39,20,19
31117,12,46,20,26
31117,13,44,19,25
31117,14,34,20,14
31117,15,31,12,19
31117,16,20,11,9
31117,17,16,9,7
31117,18,18,8,10
31119,0,35392,17509,17883
31119,1,2598,1257,1341
31119,2,2574,1256,1318
31119,3,2437,1244,1193
31119,4,2400,1222,1178
31119,5,2326,1196,1130
31119,6,2253,1184,1069
31119,7,2275,1168,1107
31119,8,2255,1169,1086
31119,9,1897,939,958
31119,10,1816,920,896
31119,11,2014,1000,1014
31119,12,2508,1249,1259
31119,13,2396,1202,1194
31119,14,1749,839,910
31119,15,1254,581,673
31119,16,939,414,525
31119,17,683,286,397
31119,18,1018,383,635
31121,0,7733,3875,3858
31121,1,456,219,237
31121,2,485,230,255
31121,3,465,254,211
31121,4,496,250,246
31121,5,412,206,206
31121,6,418,222,196
31121,7,433,210,223
31121,8,445,237,208
31121,9,408,200,208
31121,10,468,248,220
31121,11,503,239,264
31121,12,611,327,284
31121,13,543,278,265
31121,14,460,247,213
31121,15,356,183,173
31121,16,305,137,168
31121,17,214,93,121
31121,18,255,95,160
31123,0,4686,2405,2281
31123,1,259,137,122
31123,2,301,159,142
31123,3,318,157,161
31123,4,303,162,141
31123,5,239,135,104
31123,6,237,125,112
31123,7,264,131,133
31123,8,264,138,126
31123,9,272,142,130
31123,10,273,124,149
31123,11,276,159,117
31123,12,323,161,162
31123,13,364,180,184
31123,14,301,173,128
31123,15,207,105,102
31123,16,205,102,103
31123,17,133,56,77
31123,18,147,59,88
31125,0,3532,1754,1778
31125,1,195,106,89
31125,2,222,118,104
31125,3,226,115,111
31125,4,215,108,107
31125,5,160,83,77
31125,6,198,101,97
31125,7,169,99,70
31125,8,199,101,98
31125,9,187,95,92
31125,10,176,91,85
31125,11,224,106,118
31125,12,311,161,150
31125,13,295,158,137
31125,14,254,128,126
31125,15,147,62,85
31125,16,98,36,62
31125,17,116,38,78
31125,18,140,48,92
31127,0,6958,3479,3479
31127,1,411,224,187
31127,2,430,215,215
31127,3,423,228,195
31127,4,559,265,294
31127,5,524,263,261
31127,6,389,202,187
31127,7,419,228,191
31127,8,442,232,210
31127,9,307,146,161
31127,10,316,154,162
31127,11,387,184,203
31127,12,469,235,234
31127,13,485,239,246
31127,14,457,223,234
31127,15,323,178,145
31127,16,229,110,119
31127,17,181,82,99
31127,18,207,71,136
31129,0,4195,2085,2110
31129,1,214,105,109
31129,2,206,101,105
31129,3,251,137,114
31129,4,249,139,110
31129,5,203,104,99
31129,6,192,94,98
31129,7,193,108,85
31129,8,235,117,118
31129,9,188,100,88
31129,10,205,104,101
31129,11,228,121,107
31129,12,333,163,170
31129,13,361,175,186
31129,14,304,151,153
31129,15,285,134,151
31129,16,195,85,110
31129,17,157,69,88
31129,18,196,78,118
31131,0,15985,7929,8056
31131,1,1053,568,485
31131,2,1039,529,510
31131,3,1102,557,545
31131,4,987,481,506
31131,5,854,464,390
31131,6,818,431,387
31131,7,903,454,449
31131,8,927,455,472
31131,9,892,448,444
31131,10,933,503,430
31131,11,1010,485,525
31131,12,1191,610,581
31131,13,1166,568,598
31131,14,879,426,453
31131,15,710,329,381
31131,16,550,253,297
31131,17,391,178,213
31131,18,580,190,390
31133,0,2632,1296,1336
31133,1,168,87,81
31133,2,155,87,68
31133,3,149,77,72
31133,4,145,66,79
31133,5,115,61,54
31133,6,115,64,51
31133,7,113,57,56
31133,8,126,59,67
31133,9,108,46,62
31133,10,125,64,61
31133,11,141,73,68
31133,12,213,99,114
31133,13,204,106,98
31133,14,200,107,93
31133,15,178,85,93
31133,16,119,54,65
31133,17,100,42,58
31133,18,158,62,96
31135,0,2929,1492,1437
31135,1,198,98,100
31135,2,198,100,98
31135,3,215,101,114
31135,4,188,119,69
31135,5,131,75,56
31135,6,112,61,51
31135,7,176,92,84
31135,8,176,93,83
31135,9,171,90,81
31135,10,128,64,64
31135,11,141,75,66
31135,12,205,99,106
31135,13,203,96,107
31135,14,223,125,98
31135,15,149,76,73
31135,16,99,48,51
31135,17,90,33,57
31135,18,126,47,79
31137,0,8996,4511,4485
31137,1,534,274,260
31137,2,621,332,289
31137,3,600,314,286
31137,4,584,298,286
31137,5,494,256,238
31137,6,487,261,226
31137,7,509,262,247
31137,8,507,277,230
31137,9,462,228,234
31137,10,517,271,246
31137,11,562,277,285
31137,12,689,344,345
31137,13,566,309,257
31137,14,500,250,250
31137,15,426,183,243
31137,16,335,155,180
31137,17,277,103,174
31137,18,326,117,209
31139,0,7142,3615,3527
31139,1,447,224,223
31139,2,498,251,247
31139,3,519,261,258
31139,4,451,237,214
31139,5,363,192,171
31139,6,359,194,165
31139,7,383,203,180
31139,8,444,232,212
31139,9,363,189,174
31139,10,398,204,194
31139,11,464,221,243
31139,12,590,300,290
31139,13,485,256,229
31139,14,405,207,198
31139,15,309,152,157
31139,16,255,120,135
31139,17,184,77,107
31139,18,225,95,130
31141,0,33363,16904,16459
31141,1,2444,1254,1190
31141,2,2424,1244,1180
31141,3,2423,1274,1149
31141,4,2210,1137,1073
31141,5,1956,1062,894
31141,6,2005,1061,944
31141,7,2018,1074,944
31141,8,2070,1071,999
31141,9,1832,918,914
31141,10,1752,908,844
31141,11,1945,1003,942
31141,12,2309,1153,1156
31141,13,2248,1123,1125
31141,14,1766,910,856
31141,15,1300,617,683
31141,16,993,426,567
31141,17,764,342,422
31141,18,904,327,577
31143,0,5278,2605,2673
31143,1,261,136,125
31143,2,322,150,172
31143,3,385,190,195
31143,4,356,193,163
31143,5,262,113,149
31143,6,243,124,119
31143,7,226,115,111
31143,8,265,121,144
31143,9,289,142,147
31143,10,328,167,161
31143,11,343,197,146
31143,12,379,199,180
31143,13,411,196,215
31143,14,398,205,193
31143,15,268,134,134
31143,16,187,82,105
31143,17,142,67,75
31143,18,213,74,139
31145,0,10726,5337,5389
31145,1,636,324,312
31145,2,646,340,306
31145,3,650,307,343
31145,4,756,412,344
31145,5,668,367,301
31145,6,617,325,292
31145,7,569,280,289
31145,8,664,344,320
31145,9,517,244,273
31145,10,581,296,285
31145,11,579,310,269
31145,12,833,401,432
31145,13,779,375,404
31145,14,696,348,348
31145,15,419,212,207
31145,16,394,176,218
31145,17,341,132,209
31145,18,381,144,237
31147,0,7937,3990,3947
31147,1,453,244,209
31147,2,463,233,230
31147,3,462,247,215
31147,4,471,264,207
31147,5,370,180,190
31147,6,355,189,166
31147,7,417,209,208
31147,8,408,201,207
31147,9,363,204,159
31147,10,424,199,225
31147,11,504,257,247
31147,12,654,332,322
31147,13,635,319,316
31147,14,572,289,283
31147,15,429,201,228
31147,16,319,158,161
31147,17,273,125,148
31147,18,365,139,226
31149,0,1360,685,675
31149,1,81,36,45
31149,2,65,39,26
31149,3,90,53,37
31149,4,56,30,26
31149,5,62,31,31
31149,6,48,26,22
31149,7,76,43,33
31149,8,74,40,34
31149,9,68,34,34
31149,10,55,24,31
31149,11,45,23,22
31149,12,122,58,64
31149,13,155,84,71
31149,14,133,66,67
31149,15,71,39,32
31149,16,53,27,26
31149,17,43,17,26
31149,18,63,15,48
31151,0,14350,7344,7006
31151,1,962,493,469
31151,2,1050,520,530
31151,3,1047,557,490
31151,4,1195,601,594
31151,5,1188,651,537
31151,6,760,407,353
31151,7,850,486,364
31151,8,854,445,409
31151,9,826,409,417
31151,10,920,473,447
31151,11,821,427,394
31151,12,920,484,436
31151,13,802,401,401
31151,14,652,328,324
31151,15,520,248,272
31151,16,367,175,192
31151,17,273,125,148
31151,18,343,114,229
31153,0,184459,92307,92152
31153,1,13311,6768,6543
31153,2,14427,7454,6973
31153,3,14450,7380,7070
31153,4,12549,6436,6113
31153,5,11474,6120,5354
31153,6,12869,6732,6137
31153,7,13684,6872,6812
31153,8,14279,7151,7128
31153,9,12122,6085,6037
31153,10,11792,5939,5853
31153,11,11121,5540,5581
31153,12,11268,5545,5723
31153,13,9436,4635,4801
31153,14,7459,3464,3995
31153,15,5582,2641,2941
31153,16,3661,1603,2058
31153,17,2514,1082,1432
31153,18,2461,860,1601
31155,0,21303,10772,10531
31155,1,1327,657,670
31155,2,1434,738,696
31155,3,1525,815,710
31155,4,1347,740,607
31155,5,1057,524,533
31155,6,1114,570,544
31155,7,1200,615,585
31155,8,1304,653,651
31155,9,1127,568,559
31155,10,1196,599,597
31155,11,1497,772,725
31155,12,1749,871,878
31155,13,1434,736,698
31155,14,1305,668,637
31155,15,985,519,466
31155,16,672,329,343
31155,17,534,225,309
31155,18,496,173,323
31157,0,35989,17515,18474
31157,1,2448,1256,1192
31157,2,2488,1291,1197
31157,3,2571,1287,1284
31157,4,2388,1218,1170
31157,5,2037,1052,985
31157,6,2233,1135,1098
31157,7,2039,998,1041
31157,8,2156,1054,1102
31157,9,2048,1061,987
31157,10,1946,924,1022
31157,11,1915,943,972
31157,12,2400,1187,1213
31157,13,2471,1168,1303
31157,14,2144,1008,1136
31157,15,1576,719,857
31157,16,1115,474,641
31157,17,885,365,520
31157,18,1129,375,754
31159,0,17318,8857,8461
31159,1,1003,536,467
31159,2,1188,606,582
31159,3,1196,630,566
31159,4,1544,831,713
31159,5,1439,763,676
31159,6,846,458,388
31159,7,996,528,468
31159,8,1061,523,538
31159,9,891,471,420
31159,10,953,492,461
31159,11,1021,525,496
31159,12,1171,578,593
31159,13,1093,566,527
31159,14,887,440,447
31159,15,726,365,361
31159,16,469,231,238
31159,17,404,169,235
31159,18,430,145,285
31161,0,5190,2546,2644
31161,1,333,173,160
31161,2,291,143,148
31161,3,328,182,146
31161,4,302,160,142
31161,5,235,113,122
31161,6,197,107,90
31161,7,244,112,132
31161,8,283,138,145
31161,9,267,144,123
31161,10,285,144,141
31161,11,282,156,126
31161,12,344,172,172
31161,13,406,184,222
31161,14,435,222,213
31161,15,307,145,162
31161,16,232,98,134
31161,17,177,67,110
31161,18,242,86,156
31163,0,3038,1492,1546
31163,1,162,81,81
31163,2,169,94,75
31163,3,196,92,104
31163,4,175,81,94
31163,5,135,70,65
31163,6,137,75,62
31163,7,122,54,68
31163,8,133,73,60
31163,9,139,80,59
31163,10,161,78,83
31163,11,194,91,103
31163,12,231,118,113
31163,13,261,129,132
31163,14,230,121,109
31163,15,193,89,104
31163,16,138,66,72
31163,17,130,49,81
31163,18,132,51,81
31165,0,1187,609,578
31165,1,45,19,26
31165,2,54,29,25
31165,3,70,37,33
31165,4,74,37,37
31165,5,65,36,29
31165,6,39,18,21
31165,7,45,20,25
31165,8,61,31,30
31165,9,60,31,29
31165,10,50,26,24
31165,11,65,27,38
31165,12,110,63,47
31165,13,110,61,49
31165,14,109,61,48
31165,15,63,30,33
31165,16,57,24,33
31165,17,48,22,26
31165,18,62,37,25
31167,0,5970,3026,2944
31167,1,380,189,191
31167,2,411,236,175
31167,3,424,214,210
31167,4,398,200,198
31167,5,327,158,169
31167,6,325,173,152
31167,7,313,163,150
31167,8,376,196,180
31167,9,325,164,161
31167,10,333,173,160
31167,11,374,203,171
31167,12,471,230,241
31167,13,447,232,215
31167,14,353,166,187
31167,15,236,120,116
31167,16,176,79,97
31167,17,155,61,94
31167,18,146,69,77
31169,0,5039,2507,2532
31169,1,314,164,150
31169,2,308,146,162
31169,3,346,163,183
31169,4,289,150,139
31169,5,219,114,105
31169,6,263,148,115
31169,7,229,117,112
31169,8,241,124,117
31169,9,248,145,103
31169,10,259,132,127
31169,11,297,133,164
31169,12,361,192,169
31169,13,392,202,190
31169,14,370,180,190
31169,15,273,134,139
31169,16,219,98,121
31169,17,168,72,96
31169,18,243,93,150
31171,0,720,370,350
31171,1,43,26,17
31171,2,50,26,24
31171,3,48,24,24
31171,4,42,27,15
31171,5,26,14,12
31171,6,33,17,16
31171,7,44,24,20
31171,8,28,15,13
31171,9,39,19,20
31171,10,43,24,19
31171,11,39,19,20
31171,12,36,16,20
31171,13,62,30,32
31171,14,71,39,32
31171,15,41,15,26
31171,16,33,17,16
31171,17,21,10,11
31171,18,21,8,13
31173,0,7303,3605,3698
31173,1,782,393,389
31173,2,724,349,375
31173,3,733,398,335
31173,4,640,324,316
31173,5,492,245,247
31173,6,528,273,255
31173,7,408,218,190
31173,8,373,184,189
31173,9,315,146,169
31173,10,327,147,180
31173,11,348,157,191
31173,12,408,197,211
31173,13,360,188,172
31173,14,276,141,135
31173,15,190,76,114
31173,16,152,74,78
31173,17,113,43,70
31173,18,134,52,82
31175,0,4190,2079,2111
31175,1,257,127,130
31175,2,280,141,139
31175,3,256,131,125
31175,4,245,124,121
31175,5,203,94,109
31175,6,196,100,96
31175,7,212,101,111
31175,8,246,127,119
31175,9,184,93,91
31175,10,221,117,104
31175,11,262,144,118
31175,12,282,133,149
31175,13,285,148,137
31175,14,279,137,142
31175,15,271,131,140
31175,16,198,97,101
31175,17,146,66,80
31175,18,167,68,99
31177,0,20667,10357,10310
31177,1,1217,627,590
31177,2,1380,707,673
31177,3,1467,760,707
31177,4,1432,761,671
31177,5,1038,520,518
31177,6,957,484,473
31177,7,1085,562,523
31177,8,1372,704,668
31177,9,1208,609,599
31177,10,1283,647,636
31177,11,1450,718,732
31177,12,1630,819,811
31177,13,1475,728,747
31177,14,1253,615,638
31177,15,955,499,456
31177,16,588,248,340
31177,17,419,189,230
31177,18,458,160,298
31179,0,9403,4726,4677
31179,1,511,245,266
31179,2,529,306,223
31179,3,548,281,267
31179,4,942,445,497
31179,5,1365,677,688
31179,6,529,295,234
31179,7,471,248,223
31179,8,479,229,250
31179,9,446,216,230
31179,10,407,222,185
31179,11,482,234,248
31179,12,573,292,281
31179,13,585,321,264
31179,14,454,226,228
31179,15,320,156,164
31179,16,251,124,127
31179,17,200,93,107
31179,18,311,116,195
31181,0,3533,1758,1775
31181,1,169,102,67
31181,2,242,124,118
31181,3,230,106,124
31181,4,200,89,111
31181,5,188,103,85
31181,6,203,111,92
31181,7,147,71,76
31181,8,189,104,85
31181,9,172,96,76
31181,10,201,94,107
31181,11,212,104,108
31181,12,292,155,137
31181,13,278,142,136
31181,14,229,117,112
31181,15,180,89,91
31181,16,149,67,82
31181,17,125,41,84
31181,18,127,43,84
31183,0,805,411,394
31183,1,47,15,32
31183,2,48,28,20
31183,3,43,30,13
31183,4,33,17,16
31183,5,42,17,25
31183,6,32,23,9
31183,7,38,17,21
31183,8,33,17,16
31183,9,41,24,17
31183,10,37,20,17
31183,11,47,25,22
31183,12,67,31,36
31183,13,89,55,34
31183,14,57,24,33
31183,15,46,28,18
31183,16,37,18,19
31183,17,36,14,22
31183,18,32,8,24
31185,0,13772,6742,7030
31185,1,902,460,442
31185,2,888,461,427
31185,3,938,472,466
31185,4,894,466,428
31185,5,862,456,406
31185,6,842,396,446
31185,7,807,393,414
31185,8,789,391,398
31185,9,700,350,350
31185,10,701,348,353
31185,11,750,374,376
31185,12,961,467,494
31185,13,938,463,475
31185,14,831,396,435
31185,15,652,307,345
31185,16,471,203,268
31185,17,394,162,232
31185,18,452,177,275
32001,0,24440,12410,12030
32001,1,1589,816,773
32001,2,1509,800,709
32001,3,1534,781,753
32001,4,1467,756,711
32001,5,1438,764,674
32001,6,1666,897,769
32001,7,1658,866,792
32001,8,1441,764,677
32001,9,1205,606,599
32001,10,1376,674,702
32001,11,1519,779,740
32001,12,1754,872,882
32001,13,1656,808,848
32001,14,1492,731,761
32001,15,1284,634,650
32001,16,914,450,464
32001,17,523,249,274
32001,18,415,163,252
32003,0,2231647,1112805,1118842
32003,1,139917,71558,68359
32003,2,144447,73879,70568
32003,3,147719,75133,72586
32003,4,134845,69293,65552
32003,5,134281,68186,66095
32003,6,169721,85371,84350
32003,7,163189,82683,80506
32003,8,160607,80608,79999
32003,9,147764,73848,73916
32003,10,153294,77039,76255
32003,11,143013,72529,70484
32003,12,137962,68919,69043
32003,13,126196,60797,65399
32003,14,110631,52040,58591
32003,15,91366,43243,48123
32003,16,61054,28757,32297
32003,17,35658,16541,19117
32003,18,29983,12381,17602
32005,0,48467,24356,24111
32005,1,1641,833,808
32005,2,2188,1150,1038
32005,3,2500,1327,1173
32005,4,2436,1283,1153
32005,5,1923,1029,894
32005,6,2269,1151,1118
32005,7,2352,1254,1098
32005,8,2550,1300,1250
32005,9,2273,1167,1106
32005,10,2618,1295,1323
32005,11,2994,1408,1586
32005,12,4183,1964,2219
32005,13,4732,2295,2437
32005,14,4390,2179,2211
32005,15,3931,2023,1908
32005,16,2623,1334,1289
32005,17,1533,789,744
32005,18,1331,575,756
32007,0,52460,27242,25218
32007,1,3861,2007,1854
32007,2,3920,2002,1918
32007,3,4159,2113,2046
32007,4,3605,1938,1667
32007,5,3198,1707,1491
32007,6,3993,2075,1918
32007,7,3929,2071,1858
32007,8,3645,1956,1689
32007,9,3145,1640,1505
32007,10,3260,1638,1622
32007,11,3294,1718,1576
32007,12,3461,1821,1640
32007,13,3047,1593,1454
32007,14,2176,1138,1038
32007,15,1536,773,763
32007,16,1058,545,513
32007,17,564,265,299
32007,18,609,242,367
32009,0,826,456,370
32009,1,27,10,17
32009,2,38,21,17
32009,3,42,23,19
32009,4,27,17,10
32009,5,23,16,7
32009,6,35,19,16
32009,7,44,22,22
32009,8,46,21,25
32009,9,41,25,16
32009,10,45,27,18
32009,11,32,17,15
32009,12,71,38,33
32009,13,51,28,23
32009,14,84,47,37
32009,15,89,45,44
32009,16,54,32,22
32009,17,35,23,12
32009,18,42,25,17
32011,0,2003,1058,945
32011,1,100,41,59
32011,2,145,79,66
32011,3,169,92,77
32011,4,102,53,49
32011,5,82,38,44
32011,6,89,49,40
32011,7,122,57,65
32011,8,114,65,49
32011,9,127,68,59
32011,10,145,84,61
32011,11,142,74,68
32011,12,192,106,86
32011,13,148,79,69
32011,14,115,66,49
32011,15,87,39,48
32011,16,63,39,24
32011,17,31,15,16
32011,18,30,14,16
32013,0,16786,8749,8037
32013,1,1195,582,613
32013,2,1348,691,657
32013,3,1274,641,633
32013,4,1100,580,520
32013,5,909,491,418
32013,6,1129,594,535
32013,7,1189,630,559
32013,8,1093,576,517
32013,9,989,546,443
32013,10,987,525,462
32013,11,1036,536,500
32013,12,1133,599,534
32013,13,1110,587,523
32013,14,852,465,387
32013,15,605,327,278
32013,16,399,186,213
32013,17,236,108,128
32013,18,202,85,117
32015,0,5575,2855,2720
32015,1,430,215,215
32015,2,421,223,198
32015,3,418,198,220
32015,4,331,166,165
32015,5,267,151,116
32015,6,366,185,181
32015,7,397,188,209
32015,8,356,187,169
32015,9,291,169,122
32015,10,325,167,158
32015,11,392,202,190
32015,12,376,207,169
32015,13,323,186,137
32015,14,274,126,148
32015,15,236,124,112
32015,16,180,86,94
32015,17,105,48,57
32015,18,87,27,60
32017,0,5201,2791,2410
32017,1,215,114,101
32017,2,269,143,126
32017,3,344,179,165
32017,4,351,207,144
32017,5,293,176,117
32017,6,298,174,124
32017,7,278,156,122
32017,8,318,183,135
32017,9,282,152,130
32017,10,308,162,146
32017,11,287,157,130
32017,12,362,186,176
32017,13,308,145,163
32017,14,429,231,198
32017,15,324,168,156
32017,16,255,123,132
32017,17,160,85,75
32017,18,120,50,70
32019,0,55808,28540,27268
32019,1,3053,1574,1479
32019,2,3317,1727,1590
32019,3,3446,1762,1684
32019,4,3220,1701,1519
32019,5,2576,1302,1274
32019,6,3556,1869,1687
32019,7,3539,1867,1672
32019,8,3423,1765,1658
32019,9,2940,1495,1445
32019,10,3210,1637,1573
32019,11,3472,1778,1694
32019,12,4076,2116,1960
32019,13,4167,2082,2085
32019,14,4047,1959,2088
32019,15,3431,1746,1685
32019,16,2268,1177,1091
32019,17,1234,613,621
32019,18,833,370,463
32021,0,4514,2235,2279
32021,1,252,148,104
32021,2,260,114,146
32021,3,244,133,111
32021,4,210,110,100
32021,5,211,96,115
32021,6,266,134,132
32021,7,283,154,129
32021,8,260,138,122
32021,9,191,103,88
32021,10,214,97,117
32021,11,252,125,127
32021,12,368,176,192
32021,13,389,178,211
32021,14,320,170,150
32021,15,290,141,149
32021,16,222,95,127
32021,17,159,71,88
32021,18,123,52,71
32023,0,45346,23201,22145
32023,1,1992,1035,957
32023,2,2039,1002,1037
32023,3,2212,1129,1083
32023,4,2134,1109,1025
32023,5,2101,1219,882
32023,6,2287,1308,979
32023,7,1985,1054,931
32023,8,1994,998,996
32023,9,1994,1027,967
32023,10,2292,1124,1168
32023,11,2855,1413,1442
32023,12,3635,1784,1851
32023,13,4192,2033,2159
32023,14,4146,2054,2092
32023,15,3918,2008,1910
32023,16,2835,1534,1301
32023,17,1651,873,778
32023,18,1084,497,587
32027,0,6666,4294,2372
32027,1,267,125,142
32027,2,322,172,150
32027,3,316,158,158
32027,4,311,178,133
32027,5,399,286,113
32027,6,519,366,153
32027,7,488,362,126
32027,8,478,354,124
32027,9,500,386,114
32027,10,556,398,158
32027,11,514,362,152
32027,12,495,310,185
32027,13,438,261,177
32027,14,333,179,154
32027,15,286,153,133
32027,16,246,153,93
32027,17,115,55,60
32027,18,83,36,47
32029,0,4029,2061,1968
32029,1,98,48,50
32029,2,116,59,57
32029,3,176,81,95
32029,4,152,73,79
32029,5,136,79,57
32029,6,156,87,69
32029,7,169,91,78
32029,8,172,84,88
32029,9,187,98,89
32029,10,252,129,123
32029,11,267,127,140
32029,12,422,217,205
32029,13,458,226,232
32029,14,438,212,226
32029,15,412,219,193
32029,16,223,137,86
32029,17,99,57,42
32029,18,96,37,59
32031,0,465735,234560,231175
32031,1,27705,14098,13607
32031,2,27739,14140,13599
32031,3,28722,14779,13943
32031,4,27268,14167,13101
32031,5,30484,15535,14949
32031,6,36670,18742,17928
32031,7,34000,17760,16240
32031,8,30489,15422,15067
32031,9,26787,13566,13221
32031,10,28834,14778,14056
32031,11,29420,14791,14629
32031,12,31098,15493,15605
32031,13,30358,14844,15514
32031,14,26634,12902,13732
32031,15,21551,10611,10940
32031,16,13408,6633,6775
32031,17,7698,3526,4172
32031,18,6870,2773,4097
32033,0,9475,5503,3972
32033,1,503,232,271
32033,2,530,280,250
32033,3,507,257,250
32033,4,512,258,254
32033,5,540,368,172
32033,6,689,460,229
32033,7,749,504,245
32033,8,679,448,231
32033,9,596,387,209
32033,10,549,337,212
32033,11,587,346,241
32033,12,714,408,306
32033,13,618,339,279
32033,14,543,312,231
32033,15,424,210,214
32033,16,313,157,156
32033,17,224,118,106
32033,18,198,82,116
32510,0,55414,28439,26975
32510,1,3150,1598,1552
32510,2,2999,1519,1480
32510,3,3240,1679,1561
32510,4,3027,1518,1509
32510,5,3203,1758,1445
32510,6,3755,2069,1686
32510,7,3537,2013,1524
32510,8,3173,1703,1470
32510,9,3003,1650,1353
32510,10,3360,1848,1512
32510,11,3638,1922,1716
32510,12,3979,1995,1984
32510,13,4089,2027,2062
32510,14,3523,1683,1840
32510,15,3055,1452,1603
32510,16,2097,979,1118
32510,17,1330,554,776
32510,18,1256,472,784
33001,0,61022,30141,30881
33001,1,2707,1386,1321
33001,2,3019,1520,1499
33001,3,3421,1728,1693
33001,4,3242,1732,1510
33001,5,3059,1557,1502
33001,6,3319,1732,1587
33001,7,3204,1617,1587
33001,8,3388,1631,1757
33001,9,3265,1636,1629
33001,10,3771,1849,1922
33001,11,4421,2136,2285
33001,12,5386,2651,2735
33001,13,5315,2562,2753
33001,14,4504,2201,2303
33001,15,3645,1802,1843
33001,16,2320,1113,1207
33001,17,1383,629,754
33001,18,1653,659,994
33003,0,48779,24201,24578
33003,1,1813,966,847
33003,2,2079,1063,1016
33003,3,2308,1243,1065
33003,4,2281,1204,1077
33003,5,2153,1131,1022
33003,6,2235,1151,1084
33003,7,2208,1091,1117
33003,8,2303,1142,1161
33003,9,2164,1032,1132
33003,10,2908,1451,1457
33003,11,3479,1675,1804
33003,12,4376,2081,2295
33003,13,4860,2351,2509
33003,14,4600,2264,2336
33003,15,3726,1885,1841
33003,16,2350,1206,1144
33003,17,1407,669,738
33003,18,1529,596,933
33005,0,76493,37437,39056
33005,1,3397,1697,1700
33005,2,3877,1992,1885
33005,3,3909,1987,1922
33005,4,5603,2717,2886
33005,5,5753,2884,2869
33005,6,4581,2356,2225
33005,7,4614,2320,2294
33005,8,4246,2175,2071
33005,9,3674,1755,1919
33005,10,4465,2185,2280
33005,11,5193,2614,2579
33005,12,6030,2871,3159
33005,13,5927,2900,3027
33005,14,5156,2558,2598
33005,15,3991,1906,2085
33005,16,2636,1181,1455
33005,17,1659,718,941
33005,18,1782,621,1161
33007,0,31589,16683,14906
33007,1,1256,644,612
33007,2,1312,658,654
33007,3,1557,815,742
33007,4,1560,833,727
33007,5,1648,971,677
33007,6,1815,1101,714
33007,7,1674,972,702
33007,8,1687,959,728
33007,9,1729,939,790
33007,10,2102,1165,937
33007,11,2333,1263,1070
33007,12,2639,1320,1319
33007,13,2783,1454,1329
33007,14,2524,1305,1219
33007,15,1828,936,892
33007,16,1294,627,667
33007,17,856,375,481
33007,18,992,346,646
33009,0,89786,44377,45409
33009,1,3664,1846,1818
33009,2,3894,2057,1837
33009,3,4295,2173,2122
33009,4,6773,3532,3241
33009,5,7685,3966,3719
33009,6,5636,2930,2706
33009,7,5347,2683,2664
33009,8,4758,2353,2405
33009,9,4373,2194,2179
33009,10,5115,2435,2680
33009,11,5739,2790,2949
33009,12,6860,3281,3579
33009,13,7081,3422,3659
33009,14,6053,2962,3091
33009,15,4801,2331,2470
33009,16,3314,1627,1687
33009,17,2005,926,1079
33009,18,2393,869,1524
33011,0,415247,206632,208615
33011,1,21458,11076,10382
33011,2,22833,11715,11118
33011,3,24561,12488,12073
33011,4,25253,12968,12285
33011,5,26227,13518,12709
33011,6,29134,15250,13884
33011,7,27860,14213,13647
33011,8,26172,13268,12904
33011,9,24510,12209,12301
33011,10,28556,14190,14366
33011,11,31351,15639,15712
33011,12,33486,16628,16858
33011,13,28498,14096,14402
33011,14,21747,10547,11200
33011,15,16956,7997,8959
33011,16,10853,4855,5998
33011,17,7314,3077,4237
33011,18,8478,2898,5580
33013,0,151132,74440,76692
33013,1,7167,3596,3571
33013,2,7803,3945,3858
33013,3,8528,4322,4206
33013,4,9666,4881,4785
33013,5,9609,4962,4647
33013,6,9414,4960,4454
33013,7,9206,4725,4481
33013,8,9223,4642,4581
33013,9,8508,4374,4134
33013,10,9896,4929,4967
33013,11,11117,5404,5713
33013,12,12040,5898,6142
33013,13,11389,5444,5945
33013,14,9337,4501,4836
33013,15,6843,3221,3622
33013,16,4603,2145,2458
33013,17,3064,1273,1791
33013,18,3719,1218,2501
33015,0,309176,153319,155857
33015,1,14304,7456,6848
33015,2,15713,8053,7660
33015,3,18181,9289,8892
33015,4,17874,9299,8575
33015,5,17210,9014,8196
33015,6,18107,9500,8607
33015,7,18540,9315,9225
33015,8,18052,9126,8926
33015,9,17490,8526,8964
33015,10,22235,10906,11329
33015,11,24940,12264,12676
33015,12,27190,13317,13873
33015,13,23802,11764,12038
33015,14,19202,9372,9830
33015,15,14785,6966,7819
33015,16,9280,4324,4956
33015,17,5935,2602,3333
33015,18,6336,2226,4110
33017,0,130090,63739,66351
33017,1,6217,3224,2993
33017,2,6681,3446,3235
33017,3,6934,3561,3373
33017,4,10561,4937,5624
33017,5,14216,6818,7398
33017,6,9122,4750,4372
33017,7,8148,4234,3914
33017,8,7633,3854,3779
33017,9,6756,3347,3409
33017,10,7969,3989,3980
33017,11,8630,4220,4410
33017,12,9313,4513,4800
33017,13,8375,4141,4234
33017,14,6608,3150,3458
33017,15,5061,2392,2669
33017,16,3295,1492,1803
33017,17,2130,860,1270
33017,18,2441,811,1630
33019,0,43144,21297,21847
33019,1,2037,1031,1006
33019,2,2149,1088,1061
33019,3,2420,1233,1187
33019,4,2318,1164,1154
33019,5,2122,1114,1008
33019,6,2481,1265,1216
33019,7,2430,1231,1199
33019,8,2385,1161,1224
33019,9,2358,1143,1215
33019,10,2851,1448,1403
33019,11,3171,1597,1574
33019,12,3601,1785,1816
33019,13,3564,1756,1808
33019,14,3148,1529,1619
33019,15,2418,1224,1194
33019,16,1570,750,820
33019,17,956,399,557
33019,18,1165,379,786
34001,0,265429,128539,136890
34001,1,14367,7281,7086
34001,2,15688,7981,7707
34001,3,16247,8282,7965
34001,4,16771,8583,8188
34001,5,17168,8640,8528
34001,6,16641,8486,8155
34001,7,15278,7639,7639
34001,8,14877,7159,7718
34001,9,14645,7067,7578
34001,10,17307,8129,9178
34001,11,18953,9020,9933
34001,12,20604,9948,10656
34001,13,19272,9192,10080
34001,14,15106,7113,7993
34001,15,12276,5752,6524
34001,16,8684,3820,4864
34001,17,5638,2416,3222
34001,18,5907,2031,3876
34003,0,936692,454688,482004
34003,1,49659,25218,24441
34003,2,53507,27376,26131
34003,3,58766,30009,28757
34003,4,57900,29590,28310
34003,5,54820,27713,27107
34003,6,52263,26612,25651
34003,7,56248,27928,28320
34003,8,62033,30464,31569
34003,9,61731,30195,31536
34003,10,66649,32460,34189
34003,11,69419,33385,36034
34003,12,70156,34268,35888
34003,13,62455,29780,32675
34003,14,48504,22822,25682
34003,15,39041,17712,21329
34003,16,28256,12216,16040
34003,17,20337,8334,12003
34003,18,24948,8606,16342
34005,0,445384,219438,225946
34005,1,22802,11700,11102
34005,2,24973,12751,12222
34005,3,27759,14064,13695
34005,4,26676,13817,12859
34005,5,27586,15016,12570
34005,6,28677,15343,13334
34005,7,27176,13708,13468
34005,8,28210,14058,14152
34005,9,26998,13495,13503
34005,10,30331,15022,15309
34005,11,33343,16111,17232
34005,12,35289,17089,18200
34005,13,30163,14555,15608
34005,14,23660,11081,12579
34005,15,18820,8486,10334
34005,16,13489,5788,7701
34005,17,9239,3778,5461
34005,18,10193,3576,6617
34007,0,507078,244608,262470
34007,1,30911,15620,15291
34007,2,31994,16425,15569
34007,3,32606,16654,15952
34007,4,31001,16010,14991
34007,5,30382,15228,15154
34007,6,35855,17953,17902
34007,7,34657,17223,17434
34007,8,33570,16272,17298
34007,9,30659,14868,15791
34007,10,33194,15879,17315
34007,11,34294,16308,17986
34007,12,36091,17154,18937
34007,13,32456,15398,17058
34007,14,25523,11592,13931
34007,15,19978,8914,11064
34007,16,13742,5899,7843
34007,17,9207,3673,5534
34007,18,10958,3538,7420
34009,0,92560,45218,47342
34009,1,4294,2179,2115
34009,2,4528,2255,2273
34009,3,4517,2277,2240
34009,4,4683,2501,2182
34009,5,5094,2752,2342
34009,6,5102,2784,2318
34009,7,4555,2374,2181
34009,8,4496,2235,2261
34009,9,4037,1948,2089
34009,10,4955,2498,2457
34009,11,6140,2999,3141
34009,12,7580,3560,4020
34009,13,7993,3732,4261
34009,14,7688,3643,4045
34009,15,6408,3005,3403
34009,16,4557,2065,2492
34009,17,2990,1358,1632
34009,18,2943,1053,1890
34011,0,150972,77018,73954
34011,1,9497,4833,4664
34011,2,10427,5197,5230
34011,3,10288,5211,5077
34011,4,9257,4771,4486
34011,5,8858,4643,4215
34011,6,11081,6243,4838
34011,7,10526,6137,4389
34011,8,10230,5647,4583
34011,9,9382,5107,4275
34011,10,9953,5202,4751
34011,11,9786,4831,4955
34011,12,9679,4762,4917
34011,13,8955,4370,4585
34011,14,7251,3369,3882
34011,15,5922,2716,3206
34011,16,4079,1777,2302
34011,17,2780,1110,1670
34011,18,3021,1092,1929
34013,0,799767,384964,414803
34013,1,52554,26877,25677
34013,2,53013,27123,25890
34013,3,52518,26764,25754
34013,4,50159,25562,24597
34013,5,51207,25491,25716
34013,6,56141,27849,28292
34013,7,54112,26505,27607
34013,8,56732,27217,29515
34013,9,55181,26690,28491
34013,10,56525,27478,29047
34013,11,55056,26775,28281
34013,12,52554,25356,27198
34013,13,45483,20921,24562
34013,14,35139,15567,19572
34013,15,26625,11590,15035
34013,16,18507,7507,11000
34013,17,12540,4768,7772
34013,18,15721,4924,10797
34015,0,291408,141789,149619
34015,1,15126,7668,7458
34015,2,17261,8854,8407
34015,3,19208,9785,9423
34015,4,18952,9785,9167
34015,5,18608,9533,9075
34015,6,18536,9500,9036
34015,7,17586,8783,8803
34015,8,18343,8814,9529
34015,9,17974,8595,9379
34015,10,20467,9709,10758
34015,11,21418,10451,10967
34015,12,22157,10832,11325
34015,13,19646,9336,10310
34015,14,15509,7198,8311
34015,15,11957,5497,6460
34015,16,8049,3540,4509
34015,17,5024,2044,2980
34015,18,5587,1865,3722
34017,0,676061,336666,339395
34017,1,46924,24051,22873
34017,2,38055,19395,18660
34017,3,33681,16969,16712
34017,4,32387,16855,15532
34017,5,40976,21302,19674
34017,6,70608,36070,34538
34017,7,72234,37526,34708
34017,8,60177,31503,28674
34017,9,46731,24222,22509
34017,10,41961,21009,20952
34017,11,40388,19887,20501
34017,12,38590,18872,19718
34017,13,33429,15643,17786
34017,14,26012,11905,14107
34017,15,19595,8394,11201
34017,16,14123,5753,8370
34017,17,9798,3882,5916
34017,18,10392,3428,6964
34019,0,124714,61767,62947
34019,1,5173,2582,2591
34019,2,6012,3140,2872
34019,3,7559,3867,3692
34019,4,8378,4347,4031
34019,5,7921,4411,3510
34019,6,5697,3020,2677
34019,7,5652,2814,2838
34019,8,6469,3147,3322
34019,9,6839,3306,3533
34019,10,9033,4289,4744
34019,11,10995,5222,5773
34019,12,11595,5751,5844
34019,13,10286,5153,5133
34019,14,7738,3931,3807
34019,15,5849,2798,3051
34019,16,4088,1942,2146
34019,17,2409,1062,1347
34019,18,3021,985,2036
34021,0,369811,180955,188856
34021,1,20928,10723,10205
34021,2,21512,10869,10643
34021,3,22221,11545,10676
34021,4,27276,13527,13749
34021,5,28778,14367,14411
34021,6,24016,12500,11516
34021,7,22333,11313,11020
34021,8,23299,11802,11497
34021,9,23520,11657,11863
34021,10,25598,12699,12899
34021,11,25774,12617,13157
34021,12,25920,12695,13225
34021,13,22636,10779,11857
34021,14,17956,8307,9649
34021,15,13623,6120,7503
34021,16,9499,4084,5415
34021,17,6727,2686,4041
34021,18,8195,2665,5530
34023,0,829685,408929,420756
34023,1,47754,24430,23324
34023,2,49704,25573,24131
34023,3,51374,25978,25396
34023,4,54908,28284,26624
34023,5,53559,26994,26565
34023,6,55529,27920,27609
34023,7,56692,28748,27944
34023,8,58130,29340,28790
34023,9,55981,28416,27565
34023,10,56384,28366,28018
34023,11,56875,28140,28735
34023,12,57081,27730,29351
34023,13,51516,24898,26618
34023,14,40283,18971,21312
34023,15,30704,13952,16752
34023,16,21551,9434,12117
34023,17,14848,5882,8966
34023,18,16812,5873,10939
34025,0,621354,302288,319066
34025,1,30897,15686,15211
34025,2,34892,17817,17075
34025,3,40181,20398,19783
34025,4,40757,20869,19888
34025,5,37294,19054,18240
34025,6,34411,17679,16732
34025,7,32491,16342,16149
34025,8,34633,16804,17829
34025,9,36499,17801,18698
34025,10,43274,20971,22303
34025,11,49013,23562,25451
34025,12,52259,25627,26632
34025,13,45552,21996,23556
34025,14,35236,16687,18549
34025,15,27489,12751,14738
34025,16,18402,8082,10320
34025,17,12503,5035,7468
34025,18,15571,5127,10444
34027,0,494228,242781,251447
34027,1,24782,12804,11978
34027,2,27366,14171,13195
34027,3,31455,16115,15340
34027,4,33308,17059,16249
34027,5,29918,15080,14838
34027,6,26636,13814,12822
34027,7,27679,14066,13613
34027,8,30015,15001,15014
34027,9,30256,14843,15413
34027,10,35775,17364,18411
34027,11,39861,19563,20298
34027,12,39589,19518,20071
34027,13,33252,16174,17078
34027,14,25533,12238,13295
34027,15,20968,9592,11376
34027,16,15225,6672,8553
34027,17,10195,4190,6005
34027,18,12415,4517,7898
34029,0,601651,290366,311285
34029,1,42498,21843,20655
34029,2,39741,20379,19362
34029,3,39387,20107,19280
34029,4,34427,17735,16692
34029,5,32505,16343,16162
34029,6,34395,17537,16858
34029,7,31569,16097,15472
34029,8,31061,15645,15416
34029,9,29255,14574,14681
34029,10,33255,16294,16961
34029,11,36733,17803,18930
34029,12,40947,19548,21399
34029,13,40226,18730,21496
34029,14,37123,16675,20448
34029,15,34604,15423,19181
34029,16,26098,11155,14943
34029,17,17954,7511,10443
34029,18,19873,6967,12906
34031,0,503310,245542,257768
34031,1,33867,17266,16601
34031,2,33231,16949,16282
34031,3,32861,16826,16035
34031,4,33863,17075,16788
34031,5,34694,17196,17498
34031,6,35381,17860,17521
34031,7,32673,16456,16217
34031,8,32421,16145,16276
34031,9,31089,15291,15798
34031,10,32355,15812,16543
34031,11,33664,16363,17301
34031,12,33977,16521,17456
34031,13,30021,14466,15555
34031,14,23439,10902,12537
34031,15,18234,8058,10176
34031,16,13066,5576,7490
34031,17,8696,3559,5137
34031,18,9778,3221,6557
34033,0,62607,30717,31890
34033,1,3360,1715,1645
34033,2,3695,1862,1833
34033,3,3924,2023,1901
34033,4,3762,1988,1774
34033,5,3699,1893,1806
34033,6,3874,1971,1903
34033,7,3514,1739,1775
34033,8,3810,1942,1868
34033,9,3502,1803,1699
34033,10,4048,1952,2096
34033,11,4451,2156,2295
34033,12,4883,2360,2523
34033,13,4448,2111,2337
34033,14,3718,1850,1868
34033,15,2908,1362,1546
34033,16,1966,899,1067
34033,17,1339,562,777
34033,18,1706,529,1177
34035,0,331164,161879,169285
34035,1,16889,8642,8247
34035,2,19092,9712,9380
34035,3,22235,11594,10641
34035,4,22108,11320,10788
34035,5,19481,9883,9598
34035,6,18419,9522,8897
34035,7,18600,9357,9243
34035,8,20548,9938,10610
34035,9,21812,10664,11148
34035,10,24661,12036,12625
34035,11,26750,12928,13822
34035,12,26630,13097,13533
34035,13,22321,10976,11345
34035,14,16203,7729,8474
34035,15,12340,5574,6766
34035,16,9045,3927,5118
34035,17,6139,2498,3641
34035,18,7891,2482,5409
34037,0,140799,69985,70814
34037,1,6369,3282,3087
34037,2,7216,3667,3549
34037,3,8499,4292,4207
34037,4,8950,4622,4328
34037,5,8309,4254,4055
34037,6,8086,4315,3771
34037,7,7320,3768,3552
34037,8,7851,3945,3906
34037,9,7835,3880,3955
34037,10,10193,4986,5207
34037,11,11916,5857,6059
34037,12,12700,6287,6413
34037,13,11193,5551,5642
34037,14,8612,4268,4344
34037,15,6563,3123,3440
34037,16,4192,1975,2217
34037,17,2384,1036,1348
34037,18,2611,877,1734
34039,0,558067,272270,285797
34039,1,35127,17908,17219
34039,2,36346,18382,17964
34039,3,36889,18642,18247
34039,4,35473,18132,17341
34039,5,33772,16861,16911
34039,6,35526,18132,17394
34039,7,36184,18196,17988
34039,8,38781,19127,19654
34039,9,37929,18876,19053
34039,10,39018,19320,19698
34039,11,40051,19483,20568
34039,12,39275,19223,20052
34039,13,33444,15917,17527
34039,14,25625,11935,13690
34039,15,19550,8791,10759
34039,16,13615,5774,7841
34039,17,9462,3623,5839
34039,18,12000,3948,8052
34041,0,105779,51787,53992
34041,1,4850,2467,2383
34041,2,5309,2685,2624
34041,3,6439,3250,3189
34041,4,6819,3478,3341
34041,5,6401,3264,3137
34041,6,6179,3223,2956
34041,7,5707,2908,2799
34041,8,5801,2860,2941
34041,9,5958,2990,2968
34041,10,7404,3562,3842
34041,11,8654,4291,4363
34041,12,9217,4517,4700
34041,13,7811,3837,3974
34041,14,6058,2887,3171
34041,15,4728,2169,2559
34041,16,3402,1554,1848
34041,17,2292,956,1336
34041,18,2750,889,1861
35001,0,678701,332972,345729
35001,1,37745,19357,18388
35001,2,41002,20993,20009
35001,3,42732,21868,20864
35001,4,42856,21748,21108
35001,5,44474,22783,21691
35001,6,51033,26097,24936
35001,7,50021,25494,24527
35001,8,47292,23762,23530
35001,9,40416,20197,20219
35001,10,40777,20116,20661
35001,11,40872,19846,21026
35001,12,45276,21790,23486
35001,13,42989,19855,23134
35001,14,37614,17251,20363
35001,15,28918,13253,15665
35001,16,19120,8500,10620
35001,17,12363,5186,7177
35001,18,13201,4876,8325
35003,0,3578,1889,1689
35003,1,110,56,54
35003,2,105,56,49
35003,3,127,62,65
35003,4,151,82,69
35003,5,133,61,72
35003,6,123,70,53
35003,7,107,56,51
35003,8,111,66,45
35003,9,107,49,58
35003,10,138,75,63
35003,11,144,85,59
35003,12,333,142,191
35003,13,403,204,199
35003,14,474,255,219
35003,15,429,240,189
35003,16,287,169,118
35003,17,177,103,74
35003,18,119,58,61
35005,0,64689,32098,32591
35005,1,4276,2226,2050
35005,2,4644,2365,2279
35005,3,5030,2604,2426
35005,4,5183,2811,2372
35005,5,4122,2161,1961
35005,6,4242,2125,2117
35005,7,4062,2022,2040
35005,8,4160,2071,2089
35005,9,3551,1692,1859
35005,10,3478,1744,1734
35005,11,3736,1787,1949
35005,12,4055,1984,2071
35005,13,3824,1836,1988
35005,14,3228,1540,1688
35005,15,2592,1211,1381
35005,16,1783,820,963
35005,17,1316,572,744
35005,18,1407,527,880
35006,0,26746,13666,13080
35006,1,1690,849,841
35006,2,1838,928,910
35006,3,1789,886,903
35006,4,1659,843,816
35006,5,1701,917,784
35006,6,2003,1088,915
35006,7,1790,978,812
35006,8,1779,991,788
35006,9,1621,895,726
35006,10,1527,854,673
35006,11,1504,761,743
35006,12,1757,868,889
35006,13,1782,864,918
35006,14,1429,691,738
35006,15,1081,499,582
35006,16,750,318,432
35006,17,555,240,315
35006,18,491,196,295
35007,0,12110,6142,5968
35007,1,582,299,283
35007,2,606,308,298
35007,3,653,330,323
35007,4,574,312,262
35007,5,615,330,285
35007,6,699,394,305
35007,7,612,309,303
35007,8,599,316,283
35007,9,533,288,245
35007,10,623,314,309
35007,11,762,398,364
35007,12,959,465,494
35007,13,1044,506,538
35007,14,1020,522,498
35007,15,875,418,457
35007,16,592,308,284
35007,17,394,190,204
35007,18,368,135,233
35009,0,49437,25643,23794
35009,1,3986,2003,1983
35009,2,3645,1864,1781
35009,3,3457,1757,1700
35009,4,3294,1851,1443
35009,5,4642,2883,1759
35009,6,4661,2624,2037
35009,7,3839,2023,1816
35009,8,3288,1715,1573
35009,9,2509,1284,1225
35009,10,2373,1170,1203
35009,11,2413,1178,1235
35009,12,2661,1308,1353
35009,13,2467,1231,1236
35009,14,1891,913,978
35009,15,1552,704,848
35009,16,1125,507,618
35009,17,824,332,492
35009,18,810,296,514
35011,0,1781,882,899
35011,1,86,31,55
35011,2,130,63,67
35011,3,109,61,48
35011,4,115,60,55
35011,5,75,43,32
35011,6,68,35,33
35011,7,86,45,41
35011,8,107,57,50
35011,9,68,34,34
35011,10,82,42,40
35011,11,90,48,42
35011,12,144,75,69
35011,13,124,45,79
35011,14,156,95,61
35011,15,131,58,73
35011,16,80,37,43
35011,17,57,26,31
35011,18,73,27,46
35013,0,217522,106762,110760
35013,1,13944,7043,6901
35013,2,15068,7685,7383
35013,3,15202,7687,7515
35013,4,17287,8595,8692
35013,5,23124,11659,11465
35013,6,15482,8033,7449
35013,7,12866,6621,6245
35013,8,12790,6498,6292
35013,9,11190,5281,5909
35013,10,11134,5294,5840
35013,11,11051,5177,5874
35013,12,12331,5705,6626
35013,13,11715,5497,6218
35013,14,10633,5000,5633
35013,15,9072,4375,4697
35013,16,6294,2891,3403
35013,17,4307,2037,2270
35013,18,4032,1684,2348
35015,0,57900,29150,28750
35015,1,4265,2212,2053
35015,2,4357,2167,2190
35015,3,4199,2076,2123
35015,4,3994,1991,2003
35015,5,3626,1878,1748
35015,6,4156,2195,1961
35015,7,4131,2148,1983
35015,8,3893,2080,1813
35015,9,3223,1615,1608
35015,10,3189,1601,1588
35015,11,3252,1682,1570
35015,12,3641,1829,1812
35015,13,3568,1782,1786
35015,14,2766,1373,1393
35015,15,2031,978,1053
35015,16,1443,663,780
35015,17,1060,474,586
35015,18,1106,406,700
35017,0,27346,13428,13918
35017,1,1435,727,708
35017,2,1515,766,749
35017,3,1536,794,742
35017,4,1685,883,802
35017,5,1450,779,671
35017,6,1311,683,628
35017,7,1324,649,675
35017,8,1420,682,738
35017,9,1340,651,689
35017,10,1322,635,687
35017,11,1401,660,741
35017,12,1877,890,987
35017,13,2146,999,1147
35017,14,2429,1168,1261
35017,15,1961,972,989
35017,16,1421,715,706
35017,17,870,411,459
35017,18,903,364,539
35019,0,4341,2473,1868
35019,1,212,122,90
35019,2,242,127,115
35019,3,268,146,122
35019,4,275,141,134
35019,5,263,174,89
35019,6,304,213,91
35019,7,344,230,114
35019,8,308,177,131
35019,9,248,151,97
35019,10,209,125,84
35019,11,235,127,108
35019,12,298,164,134
35019,13,285,143,142
35019,14,242,139,103
35019,15,184,99,85
35019,16,164,70,94
35019,17,133,66,67
35019,18,127,59,68
35021,0,655,335,320
35021,1,25,7,18
35021,2,27,15,12
35021,3,20,11,9
35021,4,22,15,7
35021,5,20,8,12
35021,6,24,11,13
35021,7,30,17,13
35021,8,33,20,13
35021,9,23,14,9
35021,10,20,10,10
35021,11,38,20,18
35021,12,53,25,28
35021,13,73,42,31
35021,14,68,25,43
35021,15,63,30,33
35021,16,29,13,16
35021,17,32,18,14
35021,18,55,34,21
35023,0,4240,2101,2139
35023,1,267,137,130
35023,2,272,122,150
35023,3,273,144,129
35023,4,254,126,128
35023,5,246,125,121
35023,6,246,137,109
35023,7,228,126,102
35023,8,198,113,85
35023,9,172,83,89
35023,10,225,98,127
35023,11,292,148,144
35023,12,336,159,177
35023,13,283,136,147
35023,14,300,143,157
35023,15,232,123,109
35023,16,168,83,85
35023,17,125,53,72
35023,18,123,45,78
35025,0,69611,35768,33843
35025,1,5434,2813,2621
35025,2,5980,3049,2931
35025,3,6041,3101,2940
35025,4,5305,2749,2556
35025,5,4712,2489,2223
35025,6,5017,2706,2311
35025,7,5117,2723,2394
35025,8,4851,2597,2254
35025,9,4059,2137,1922
35025,10,3884,1966,1918
35025,11,3716,1932,1784
35025,12,4052,2115,1937
35025,13,3495,1777,1718
35025,14,2674,1298,1376
35025,15,1960,899,1061
35025,16,1329,578,751
35025,17,1010,478,532
35025,18,975,361,614
35027,0,19556,9546,10010
35027,1,915,451,464
35027,2,993,524,469
35027,3,1062,558,504
35027,4,978,491,487
35027,5,829,447,382
35027,6,881,466,415
35027,7,955,452,503
35027,8,996,475,521
35027,9,853,405,448
35027,10,980,492,488
35027,11,1178,566,612
35027,12,1589,719,870
35027,13,1730,816,914
35027,14,1749,807,942
35027,15,1599,810,789
35027,16,1062,504,558
35027,17,688,321,367
35027,18,519,242,277
35028,0,19101,9705,9396
35028,1,1008,516,492
35028,2,1160,594,566
35028,3,1283,646,637
35028,4,1214,624,590
35028,5,926,481,445
35028,6,1063,537,526
35028,7,1306,753,553
35028,8,1255,661,594
35028,9,1103,550,553
35028,10,1191,580,611
35028,11,1345,671,674
35028,12,1536,789,747
35028,13,1301,681,620
35028,14,1108,548,560
35028,15,827,402,425
35028,16,610,291,319
35028,17,412,193,219
35028,18,453,188,265
35029,0,23963,12045,11918
35029,1,1814,912,902
35029,2,1753,895,858
35029,3,1687,852,835
35029,4,1587,806,781
35029,5,1543,824,719
35029,6,1566,855,711
35029,7,1379,755,624
35029,8,1202,596,606
35029,9,1133,549,584
35029,10,1196,591,605
35029,11,1239,626,613
35029,12,1434,719,715
35029,13,1378,640,738
35029,14,1337,631,706
35029,15,1418,678,740
35029,16,1022,516,506
35029,17,683,341,342
35029,18,592,259,333
35031,0,72290,34976,37314
35031,1,5169,2704,2465
35031,2,6152,3213,2939
35031,3,6056,3091,2965
35031,4,5470,2734,2736
35031,5,4897,2450,2447
35031,6,5869,2880,2989
35031,7,5005,2547,2458
35031,8,4282,2119,2163
35031,9,3974,1886,2088
35031,10,3991,1937,2054
35031,11,4115,1913,2202
35031,12,4334,1991,2343
35031,13,4007,1842,2165
35031,14,3087,1316,1771
35031,15,2188,929,1259
35031,16,1611,679,932
35031,17,1041,375,666
35031,18,1042,370,672
35033,0,4506,2304,2202
35033,1,207,91,116
35033,2,213,101,112
35033,3,218,112,106
35033,4,259,139,120
35033,5,205,119,86
35033,6,213,107,106
35033,7,200,117,83
35033,8,256,121,135
35033,9,178,88,90
35033,10,241,123,118
35033,11,296,136,160
35033,12,352,184,168
35033,13,372,189,183
35033,14,434,226,208
35033,15,344,192,152
35033,16,219,121,98
35033,17,145,67,78
35033,18,154,71,83
35035,0,66781,34530,32251
35035,1,4582,2414,2168
35035,2,4367,2198,2169
35035,3,4210,2173,2037
35035,4,4024,2103,1921
35035,5,5248,3237,2011
35035,6,5480,3175,2305
35035,7,4728,2538,2190
35035,8,4074,2119,1955
35035,9,3492,1805,1687
35035,10,3289,1559,1730
35035,11,3451,1679,1772
35035,12,4281,2078,2203
35035,13,4081,1951,2130
35035,14,3478,1713,1765
35035,15,2907,1456,1451
35035,16,2128,1030,1098
35035,17,1613,777,836
35035,18,1348,525,823
35037,0,8253,4029,4224
35037,1,419,199,220
35037,2,493,224,269
35037,3,526,280,246
35037,4,486,235,251
35037,5,352,201,151
35037,6,449,248,201
35037,7,376,186,190
35037,8,466,232,234
35037,9,382,190,192
35037,10,432,189,243
35037,11,514,252,262
35037,12,607,301,306
35037,13,650,289,361
35037,14,643,313,330
35037,15,568,271,297
35037,16,430,224,206
35037,17,242,110,132
35037,18,218,85,133
35039,0,39006,19075,19931
35039,1,2418,1214,1204
35039,2,2585,1253,1332
35039,3,2553,1267,1286
35039,4,2514,1285,1229
35039,5,2176,1085,1091
35039,6,2295,1162,1133
35039,7,2253,1113,1140
35039,8,2194,1084,1110
35039,9,2072,1053,1019
35039,10,2341,1138,1203
35039,11,2384,1165,1219
35039,12,2792,1413,1379
35039,13,2871,1365,1506
35039,14,2456,1196,1260
35039,15,1959,919,1040
35039,16,1367,673,694
35039,17,946,388,558
35039,18,830,302,528
35041,0,18743,9375,9368
35041,1,1325,659,666
35041,2,1267,663,604
35041,3,1238,649,589
35041,4,1644,818,826
35041,5,2407,1228,1179
35041,6,1336,723,613
35041,7,1112,595,517
35041,8,983,501,482
35041,9,915,456,459
35041,10,961,458,503
35041,11,913,476,437
35041,12,983,473,510
35041,13,987,450,537
35041,14,854,416,438
35041,15,621,296,325
35041,16,488,218,270
35041,17,388,178,210
35041,18,321,118,203
35043,0,145179,71144,74035
35043,1,7991,4222,3769
35043,2,9366,4754,4612
35043,3,10251,5206,5045
35043,4,9609,4943,4666
35043,5,7806,3939,3867
35043,6,8703,4377,4326
35043,7,9227,4618,4609
35043,8,9567,4733,4834
35043,9,8765,4252,4513
35043,10,9238,4544,4694
35043,11,8834,4324,4510
35043,12,10202,4856,5346
35043,13,9864,4618,5246
35043,14,9158,4195,4963
35043,15,7142,3403,3739
35043,16,4530,2161,2369
35043,17,2507,1102,1405
35043,18,2419,897,1522
35045,0,125043,61898,63145
35045,1,8328,4232,4096
35045,2,9221,4702,4519
35045,3,9783,4971,4812
35045,4,8831,4429,4402
35045,5,7307,3699,3608
35045,6,8833,4473,4360
35045,7,8384,4278,4106
35045,8,8472,4301,4171
35045,9,7216,3587,3629
35045,10,6830,3342,3488
35045,11,6932,3351,3581
35045,12,8321,4183,4138
35045,13,7900,3943,3957
35045,14,6318,3047,3271
35045,15,4613,2096,2517
35045,16,3241,1451,1790
35045,17,2268,949,1319
35045,18,2245,864,1381
35047,0,27591,13671,13920
35047,1,1292,646,646
35047,2,1363,698,665
35047,3,1376,694,682
35047,4,2025,1041,984
35047,5,1825,935,890
35047,6,1750,942,808
35047,7,1499,766,733
35047,8,1451,726,725
35047,9,1373,652,721
35047,10,1655,806,849
35047,11,1668,849,819
35047,12,2194,1120,1074
35047,13,2128,1024,1104
35047,14,1988,945,1043
35047,15,1573,752,821
35047,16,1151,526,625
35047,17,716,351,365
35047,18,564,198,366
35049,0,150056,72711,77345
35049,1,6449,3294,3155
35049,2,7296,3663,3633
35049,3,8354,4140,4214
35049,4,8029,4004,4025
35049,5,7791,3968,3823
35049,6,8372,4230,4142
35049,7,8470,4313,4157
35049,8,8624,4353,4271
35049,9,8224,4149,4075
35049,10,9010,4447,4563
35049,11,9573,4653,4920
35049,12,11377,5288,6089
35049,13,12002,5554,6448
35049,14,12957,5910,7047
35049,15,10389,4957,5432
35049,16,6340,2938,3402
35049,17,3535,1620,1915
35049,18,3264,1230,2034
35051,0,10968,5489,5479
35051,1,552,284,268
35051,2,456,229,227
35051,3,440,221,219
35051,4,427,236,191
35051,5,433,230,203
35051,6,500,252,248
35051,7,435,239,196
35051,8,439,222,217
35051,9,422,206,216
35051,10,495,241,254
35051,11,627,293,334
35051,12,787,381,406
35051,13,949,430,519
35051,14,1136,574,562
35051,15,1030,513,517
35051,16,801,406,395
35051,17,551,305,246
35051,18,488,227,261
35053,0,16735,8396,8339
35053,1,962,455,507
35053,2,1062,524,538
35053,3,1114,542,572
35053,4,1255,703,552
35053,5,1216,710,506
35053,6,1040,542,498
35053,7,940,471,469
35053,8,880,455,425
35053,9,854,427,427
35053,10,845,433,412
35053,11,950,460,490
35053,12,1191,582,609
35053,13,1196,558,638
35053,14,1049,531,518
35053,15,869,407,462
35053,16,621,296,325
35053,17,351,171,180
35053,18,340,129,211
35055,0,32835,16164,16671
35055,1,1448,719,729
35055,2,1517,794,723
35055,3,1753,902,851
35055,4,1718,925,793
35055,5,1524,808,716
35055,6,1638,842,796
35055,7,1662,848,814
35055,8,1852,957,895
35055,9,1787,950,837
35055,10,1912,954,958
35055,11,2119,1015,1104
35055,12,2485,1155,1330
35055,13,2732,1304,1428
35055,14,3004,1434,1570
35055,15,2344,1074,1270
35055,16,1528,715,813
35055,17,942,441,501
35055,18,870,327,543
35057,0,15591,8264,7327
35057,1,778,399,379
35057,2,851,464,387
35057,3,998,471,527
35057,4,997,530,467
35057,5,884,527,357
35057,6,958,591,367
35057,7,861,519,342
35057,8,920,505,415
35057,9,864,482,382
35057,10,908,492,416
35057,11,941,449,492
35057,12,1172,579,593
35057,13,1228,624,604
35057,14,1152,590,562
35057,15,867,450,417
35057,16,568,281,287
35057,17,353,182,171
35057,18,291,129,162
35059,0,4118,2304,1814
35059,1,193,98,95
35059,2,223,112,111
35059,3,226,111,115
35059,4,198,101,97
35059,5,230,158,72
35059,6,324,229,95
35059,7,289,195,94
35059,8,298,192,106
35059,9,248,159,89
35059,10,260,155,105
35059,11,206,127,79
35059,12,272,137,135
35059,13,289,162,127
35059,14,238,110,128
35059,15,223,98,125
35059,16,149,69,80
35059,17,128,53,75
35059,18,124,38,86
35061,0,76456,38350,38106
35061,1,4339,2168,2171
35061,2,5053,2618,2435
35061,3,5377,2840,2537
35061,4,5133,2573,2560
35061,5,4745,2465,2280
35061,6,5048,2702,2346
35061,7,4510,2270,2240
35061,8,4554,2385,2169
35061,9,4275,2154,2121
35061,10,4527,2294,2233
35061,11,4791,2376,2415
35061,12,5582,2734,2848
35061,13,5020,2414,2606
35061,14,4603,2220,2383
35061,15,3649,1755,1894
35061,16,2445,1140,1305
35061,17,1506,683,823
35061,18,1299,559,740
36001,0,307117,148733,158384
36001,1,15326,7935,7391
36001,2,15450,7878,7572
36001,3,15482,7925,7557
36001,4,22663,11084,11579
36001,5,32432,15993,16439
36001,6,21150,10548,10602
36001,7,19583,9936,9647
36001,8,18904,9313,9591
36001,9,16359,8036,8323
36001,10,17789,8764,9025
36001,11,19468,9433,10035
36001,12,20806,10082,10724
36001,13,19632,9471,10161
36001,14,17005,7974,9031
36001,15,12764,5849,6915
36001,16,8637,3722,4915
36001,17,5900,2306,3594
36001,18,7767,2484,5283
36003,0,46430,23569,22861
36003,1,2432,1302,1130
36003,2,2569,1307,1262
36003,3,2645,1371,1274
36003,4,4418,2376,2042
36003,5,4147,2242,1905
36003,6,2284,1141,1143
36003,7,2445,1236,1209
36003,8,2385,1178,1207
36003,9,2293,1152,1141
36003,10,2524,1274,1250
36003,11,2778,1354,1424
36003,12,3328,1694,1634
36003,13,3367,1711,1656
36003,14,2922,1454,1468
36003,15,2243,1157,1086
36003,16,1523,712,811
36003,17,1071,504,567
36003,18,1056,404,652
36005,0,1432132,674900,757232
36005,1,102439,51774,50665
36005,2,100964,51560,49404
36005,3,94039,47951,46088
36005,4,95438,48839,46599
36005,5,104295,52109,52186
36005,6,123314,60442,62872
36005,7,106667,51090,55577
36005,8,95542,44726,50816
36005,9,85837,39366,46471
36005,10,87335,40225,47110
36005,11,91999,42378,49621
36005,12,86730,39149,47581
36005,13,74158,33222,40936
36005,14,57334,25151,32183
36005,15,44680,18301,26379
36005,16,32911,12590,20321
36005,17,22623,8316,14307
36005,18,25827,7711,18116
36007,0,191659,94240,97419
36007,1,10042,5207,4835
36007,2,10070,5173,4897
36007,3,10326,5305,5021
36007,4,14623,7642,6981
36007,5,19105,9718,9387
36007,6,11326,5836,5490
36007,7,10389,5214,5175
36007,8,10435,5219,5216
36007,9,9252,4568,4684
36007,10,10215,5075,5140
36007,11,11862,5777,6085
36007,12,14182,7009,7173
36007,13,13290,6557,6733
36007,14,10869,5261,5608
36007,15,8529,3925,4604
36007,16,6353,2792,3561
36007,17,4883,1981,2902
36007,18,5908,1981,3927
36009,0,76840,38148,38692
36009,1,4272,2208,2064
36009,2,4613,2288,2325
36009,3,5009,2529,2480
36009,4,5231,2712,2519
36009,5,4771,2449,2322
36009,6,4263,2203,2060
36009,7,4215,2104,2111
36009,8,4229,2143,2086
36009,9,4110,2045,2065
36009,10,4561,2236,2325
36009,11,5157,2595,2562
36009,12,5915,2938,2977
36009,13,5765,2838,2927
36009,14,4942,2432,2510
36009,15,3645,1817,1828
36009,16,2544,1181,1363
36009,17,1752,786,966
36009,18,1846,644,1202
36011,0,77145,39522,37623
36011,1,3846,1999,1847
36011,2,4163,2153,2010
36011,3,4320,2239,2081
36011,4,4561,2284,2277
36011,5,4653,2523,2130
36011,6,4958,2746,2212
36011,7,4729,2623,2106
36011,8,4690,2461,2229
36011,9,4181,2288,1893
36011,10,4822,2535,2287
36011,11,5522,2858,2664
36011,12,6111,3064,3047
36011,13,5839,2893,2946
36011,14,4742,2409,2333
36011,15,3745,1810,1935
36011,16,2549,1181,1368
36011,17,1694,764,930
36011,18,2020,692,1328
36013,0,127939,63165,64774
36013,1,6915,3437,3478
36013,2,6935,3501,3434
36013,3,7438,3849,3589
36013,4,9042,4519,4523
36013,5,8232,4377,3855
36013,6,7691,4051,3640
36013,7,7198,3676,3522
36013,8,6883,3431,3452
36013,9,6626,3246,3380
36013,10,7497,3742,3755
36013,11,8339,4162,4177
36013,12,9692,4787,4905
36013,13,9747,4834,4913
36013,14,8119,4064,4055
36013,15,6134,2848,3286
36013,16,4594,2094,2500
36013,17,3085,1256,1829
36013,18,3772,1291,2481
36015,0,84254,41850,42404
36015,1,4713,2427,2286
36015,2,5048,2585,2463
36015,3,5070,2584,2486
36015,4,5165,2578,2587
36015,5,4934,2554,2380
36015,6,5279,2817,2462
36015,7,5197,2717,2480
36015,8,5100,2619,2481
36015,9,4725,2479,2246
36015,10,5106,2636,2470
36015,11,5581,2756,2825
36015,12,6247,3026,3221
36015,13,6114,2981,3133
36015,14,5097,2439,2658
36015,15,3870,1803,2067
36015,16,2718,1203,1515
36015,17,2015,863,1152
36015,18,2275,783,1492
36017,0,47536,23814,23722
36017,1,2569,1278,1291
36017,2,2638,1312,1326
36017,3,2785,1485,1300
36017,4,2793,1424,1369
36017,5,2599,1343,1256
36017,6,2881,1514,1367
36017,7,2495,1308,1187
36017,8,2571,1294,1277
36017,9,2509,1274,1235
36017,10,3011,1466,1545
36017,11,3348,1676,1672
36017,12,3850,1944,1906
36017,13,3804,1886,1918
36017,14,3020,1514,1506
36017,15,2564,1247,1317
36017,16,1804,894,910
36017,17,1138,505,633
36017,18,1157,450,707
36019,0,80695,41527,39168
36019,1,3914,2008,1906
36019,2,4053,2059,1994
36019,3,4054,2059,1995
36019,4,5454,2748,2706
36019,5,7481,3767,3714
36019,6,5151,2897,2254
36019,7,5054,2919,2135
36019,8,4960,2715,2245
36019,9,4546,2557,1989
36019,10,5039,2720,2319
36019,11,5585,2849,2736
36019,12,6086,3075,3011
36019,13,5554,2806,2748
36019,14,4545,2240,2305
36019,15,3431,1644,1787
36019,16,2388,1097,1291
36019,17,1734,749,985
36019,18,1666,618,1048
36021,0,59916,30001,29915
36021,1,2500,1282,1218
36021,2,2710,1417,1293
36021,3,3000,1614,1386
36021,4,3256,1800,1456
36021,5,3018,1600,1418
36021,6,3378,1741,1637
36021,7,3113,1533,1580
36021,8,3170,1557,1613
36021,9,3120,1574,1546
36021,10,3825,1933,1892
36021,11,4560,2271,2289
36021,12,5034,2551,2483
36021,13,4977,2476,2501
36021,14,4498,2187,2311
36021,15,3692,1820,1872
36021,16,2593,1223,1370
36021,17,1594,690,904
36021,18,1878,732,1146
36023,0,47823,23370,24453
36023,1,2527,1327,1200
36023,2,2404,1227,1177
36023,3,2643,1360,1283
36023,4,4528,2129,2399
36023,5,5801,2709,3092
36023,6,2811,1438,1373
36023,7,2496,1244,1252
36023,8,2535,1295,1240
36023,9,2367,1220,1147
36023,10,2690,1334,1356
36023,11,2933,1463,1470
36023,12,3235,1599,1636
36023,13,2963,1461,1502
36023,14,2568,1245,1323
36023,15,1981,952,1029
36023,16,1390,625,765
36023,17,948,403,545
36023,18,1003,339,664
36025,0,44527,22496,22031
36025,1,1709,862,847
36025,2,2017,1027,990
36025,3,2187,1082,1105
36025,4,3189,1755,1434
36025,5,2689,1434,1255
36025,6,2353,1266,1087
36025,7,2178,1124,1054
36025,8,2157,1047,1110
36025,9,2127,1076,1051
36025,10,2597,1323,1274
36025,11,3000,1488,1512
36025,12,3630,1785,1845
36025,13,3792,1940,1852
36025,14,3360,1716,1644
36025,15,2842,1450,1392
36025,16,2030,980,1050
36025,17,1338,616,722
36025,18,1332,525,807
36027,0,293718,146277,147441
36027,1,13331,6798,6533
36027,2,14594,7525,7069
36027,3,16135,8343,7792
36027,4,21009,10508,10501
36027,5,21428,10799,10629
36027,6,18299,9879,8420
36027,7,16713,8759,7954
36027,8,17127,8750,8377
36027,9,16749,8574,8175
36027,10,19624,9876,9748
36027,11,22407,11051,11356
36027,12,23843,11911,11932
36027,13,20826,10355,10471
36027,14,16192,7835,8357
36027,15,12954,5963,6991
36027,16,9005,4058,4947
36027,17,6335,2739,3596
36027,18,7147,2554,4593
36029,0,919719,444942,474777
36029,1,50045,25650,24395
36029,2,50695,25656,25039
36029,3,51832,26375,25457
36029,4,57837,29401,28436
36029,5,60345,30154,30191
36029,6,68252,34643,33609
36029,7,63545,31764,31781
36029,8,54877,27044,27833
36029,9,47907,23633,24274
36029,10,55260,26855,28405
36029,11,61408,29796,31612
36029,12,67705,32380,35325
36029,13,64959,30872,34087
36029,14,52390,24542,27848
36029,15,39689,18078,21611
36029,16,28701,12261,16440
36029,17,20122,7953,12169
36029,18,24150,7885,16265
36031,0,37300,19255,18045
36031,1,1455,766,689
36031,2,1653,812,841
36031,3,1755,916,839
36031,4,1901,1029,872
36031,5,1887,1063,824
36031,6,2201,1293,908
36031,7,2238,1271,967
36031,8,2132,1184,948
36031,9,2045,1060,985
36031,10,2337,1236,1101
36031,11,2690,1338,1352
36031,12,3121,1550,1571
36031,13,3142,1567,1575
36031,14,2843,1424,1419
36031,15,2186,1092,1094
36031,16,1603,791,812
36031,17,1007,450,557
36031,18,1104,413,691
36033,0,50293,27683,22610
36033,1,2405,1215,1190
36033,2,2749,1445,1304
36033,3,2883,1487,1396
36033,4,3040,1682,1358
36033,5,3527,2268,1259
36033,6,3670,2364,1306
36033,7,3477,2153,1324
36033,8,3267,1906,1361
36033,9,2972,1785,1187
36033,10,3204,1816,1388
36033,11,3542,1927,1615
36033,12,3680,1886,1794
36033,13,3425,1731,1694
36033,14,2779,1438,1341
36033,15,2203,1090,1113
36033,16,1469,680,789
36033,17,986,415,571
36033,18,1015,395,620
36035,0,53591,26670,26921
36035,1,2676,1341,1335
36035,2,2963,1559,1404
36035,3,3130,1582,1548
36035,4,3042,1579,1463
36035,5,2950,1534,1416
36035,6,3356,1781,1575
36035,7,3158,1605,1553
36035,8,3287,1692,1595
36035,9,2907,1479,1428
36035,10,3595,1809,1786
36035,11,3941,1968,1973
36035,12,4209,2127,2082
36035,13,3878,1909,1969
36035,14,3381,1625,1756
36035,15,2688,1304,1384
36035,16,1785,783,1002
36035,17,1239,558,681
36035,18,1406,435,971
36037,0,57511,28611,28900
36037,1,2992,1503,1489
36037,2,3235,1591,1644
36037,3,3409,1737,1672
36037,4,3425,1725,1700
36037,5,3396,1776,1620
36037,6,3682,1998,1684
36037,7,3432,1814,1618
36037,8,3369,1722,1647
36037,9,2996,1523,1473
36037,10,3703,1853,1850
36037,11,4218,2090,2128
36037,12,4557,2288,2269
36037,13,4347,2163,2184
36037,14,3315,1609,1706
36037,15,2601,1247,1354
36037,16,1935,886,1049
36037,17,1367,581,786
36037,18,1532,505,1027
36039,0,47491,24854,22637
36039,1,1967,1009,958
36039,2,2157,1106,1051
36039,3,2178,1155,1023
36039,4,2747,1670,1077
36039,5,3080,1987,1093
36039,6,2859,1584,1275
36039,7,2726,1450,1276
36039,8,2547,1384,1163
36039,9,2619,1334,1285
36039,10,3019,1559,1460
36039,11,3470,1783,1687
36039,12,3961,1991,1970
36039,13,3653,1849,1804
36039,14,3299,1602,1697
36039,15,2864,1394,1470
36039,16,1917,968,949
36039,17,1196,557,639
36039,18,1232,472,760
36041,0,4434,2222,2212
36041,1,116,53,63
36041,2,151,76,75
36041,3,182,103,79
36041,4,190,93,97
36041,5,192,103,89
36041,6,182,83,99
36041,7,155,82,73
36041,8,204,101,103
36041,9,181,94,87
36041,10,248,121,127
36041,11,325,168,157
36041,12,420,208,212
36041,13,502,249,253
36041,14,497,253,244
36041,15,363,189,174
36041,16,244,129,115
36041,17,127,59,68
36041,18,155,58,97
36043,0,61833,30591,31242
36043,1,3158,1651,1507
36043,2,3534,1805,1729
36043,3,3754,1848,1906
36043,4,3940,2040,1900
36043,5,3484,1741,1743
36043,6,3671,1890,1781
36043,7,3357,1673,1684
36043,8,3491,1811,1680
36043,9,3166,1577,1589
36043,10,3775,1848,1927
36043,11,4246,2136,2110
36043,12,4846,2393,2453
36043,13,4596,2278,2318
36043,14,4136,2037,2099
36043,15,3159,1588,1571
36043,16,2269,1020,1249
36043,17,1537,675,862
36043,18,1714,580,1134
36045,0,111755,58764,52991
36045,1,8720,4462,4258
36045,2,7593,3920,3673
36045,3,6741,3418,3323
36045,4,6412,3438,2974
36045,5,11062,7031,4031
36045,6,10580,6165,4415
36045,7,8510,4688,3822
36045,8,7413,4034,3379
36045,9,5589,2966,2623
36045,10,5620,2820,2800
36045,11,6014,2991,3023
36045,12,6413,3136,3277
36045,13,5812,2778,3034
36045,14,4906,2385,2521
36045,15,4003,1926,2077
36045,16,2637,1232,1405
36045,17,1790,769,1021
36045,18,1940,605,1335
36047,0,2582830,1223764,1359066
36047,1,187240,96346,90894
36047,2,164579,84434,80145
36047,3,150122,76378,73744
36047,4,136789,69117,67672
36047,5,159267,76330,82937
36047,6,243474,117584,125890
36047,7,231343,113008,118335
36047,8,195823,94865,100958
36047,9,164002,77871,86131
36047,10,155030,72464,82566
36047,11,148169,68383,79786
36047,12,149208,68095,81113
36047,13,138538,62155,76383
36047,14,116624,51265,65359
36047,15,87765,37502,50263
36047,16,60437,24271,36166
36047,17,44006,16943,27063
36047,18,50414,16753,33661
36049,0,26447,13398,13049
36049,1,1631,828,803
36049,2,1689,876,813
36049,3,1676,890,786
36049,4,1608,809,799
36049,5,1438,730,708
36049,6,1535,812,723
36049,7,1523,791,732
36049,8,1552,775,777
36049,9,1396,710,686
36049,10,1621,842,779
36049,11,1773,900,873
36049,12,2117,1081,1036
36049,13,2043,1048,995
36049,14,1625,817,808
36049,15,1125,553,572
36049,16,850,414,436
36049,17,628,286,342
36049,18,617,236,381
36051,0,63227,31760,31467
36051,1,2708,1408,1300
36051,2,3055,1565,1490
36051,3,3321,1664,1657
36051,4,5212,2538,2674
36051,5,6397,3085,3312
36051,6,3481,2033,1448
36051,7,3342,1822,1520
36051,8,3459,1815,1644
36051,9,3130,1709,1421
36051,10,3865,2011,1854
36051,11,4397,2207,2190
36051,12,4972,2459,2513
36051,13,4581,2279,2302
36051,14,3705,1812,1893
36051,15,2861,1357,1504
36051,16,1923,867,1056
36051,17,1315,595,720
36051,18,1503,534,969
36053,0,70795,34933,35862
36053,1,3287,1767,1520
36053,2,3611,1868,1743
36053,3,4016,2013,2003
36053,4,5979,2836,3143
36053,5,5626,2787,2839
36053,6,3755,1924,1831
36053,7,3743,1896,1847
36053,8,3870,1962,1908
36053,9,3588,1771,1817
36053,10,4226,2058,2168
36053,11,5128,2565,2563
36053,12,5679,2822,2857
36053,13,5332,2629,2703
36053,14,4291,2148,2143
36053,15,3227,1589,1638
36053,16,2358,1065,1293
36053,17,1520,665,855
36053,18,1559,568,991
36055,0,742474,358365,384109
36055,1,40620,20799,19821
36055,2,42537,21615,20922
36055,3,43775,22379,21396
36055,4,50128,25723,24405
36055,5,50791,25339,25452
36055,6,54505,27302,27203
36055,7,50934,24951,25983
36055,8,44955,21766,23189
36055,9,39234,18710,20524
36055,10,44910,21498,23412
36055,11,49224,23642,25582
36055,12,53537,25489,28048
36055,13,49275,23669,25606
36055,14,40796,18996,21800
36055,15,31963,14453,17510
36055,16,22066,9640,12426
36055,17,14904,6187,8717
36055,18,18320,6207,12113
36057,0,49455,24350,25105
36057,1,3068,1559,1509
36057,2,3028,1566,1462
36057,3,3209,1651,1558
36057,4,3005,1566,1439
36057,5,2873,1451,1422
36057,6,3022,1576,1446
36057,7,3167,1543,1624
36057,8,3004,1458,1546
36057,9,2643,1345,1298
36057,10,2941,1442,1499
36057,11,3238,1589,1649
36057,12,3541,1672,1869
36057,13,3513,1750,1763
36057,14,2912,1464,1448
36057,15,2310,1139,1171
36057,16,1488,665,823
36057,17,1029,418,611
36057,18,1464,496,968
36059,0,1358343,661427,696916
36059,1,74286,38135,36151
36059,2,79685,40823,38862
36059,3,84427,43123,41304
36059,4,86141,44343,41798
36059,5,86139,43660,42479
36059,6,81542,41700,39842
36059,7,77599,38755,38844
36059,8,81406,40191,41215
36059,9,81743,40412,41331
36059,10,89940,43758,46182
36059,11,99241,47737,51504
36059,12,102717,49664,53053
36059,13,92194,44278,47916
36059,14,74826,35317,39509
36059,15,58036,26933,31103
36059,16,40312,17395,22917
36059,17,29599,11854,17745
36059,18,38510,13349,25161
36061,0,1628701,771151,857550
36061,1,76939,39106,37833
36061,2,64902,32719,32183
36061,3,57993,29101,28892
36061,4,67977,31560,36417
36061,5,111265,50390,60875
36061,6,188858,89468,99390
36061,7,174670,86098,88572
36061,8,129336,64345,64991
36061,9,104009,51424,52585
36061,10,101387,50339,51048
36061,11,98015,48893,49122
36061,12,94588,46239,48349
36061,13,89860,41662,48198
36061,14,79862,34939,44923
36061,15,66479,27508,38971
36061,16,49528,20154,29374
36061,17,33825,13446,20379
36061,18,39208,13760,25448
36063,0,210433,102493,107940
36063,1,11064,5624,5440
36063,2,11486,5821,5665
36063,3,11847,5993,5854
36063,4,12678,6426,6252
36063,5,12289,6220,6069
36063,6,13699,6936,6763
36063,7,12789,6444,6345
36063,8,12139,5953,6186
36063,9,11120,5432,5688
36063,10,12941,6432,6509
36063,11,14877,7153,7724
36063,12,16956,8247,8709
36063,13,16439,8064,8375
36063,14,12959,6271,6688
36063,15,9949,4691,5258
36063,16,6771,2951,3820
36063,17,4834,1968,2866
36063,18,5596,1867,3729
36065,0,229577,114334,115243
36065,1,12799,6504,6295
36065,2,13801,6992,6809
36065,3,13751,6984,6767
36065,4,14755,7655,7100
36065,5,15170,8112,7058
36065,6,14563,7591,6972
36065,7,14137,7386,6751
36065,8,13403,6934,6469
36065,9,12050,6199,5851
36065,10,14300,7291,7009
36065,11,15397,7719,7678
36065,12,16745,8400,8345
36065,13,15647,7616,8031
36065,14,13123,6393,6730
36065,15,10421,4853,5568
36065,16,7389,3224,4165
36065,17,5272,2144,3128
36065,18,6854,2337,4517
36067,0,461809,222674,239135
36067,1,26136,13238,12898
36067,2,27152,13907,13245
36067,3,27293,13987,13306
36067,4,32698,16091,16607
36067,5,32453,15857,16596
36067,6,31133,15512,15621
36067,7,30409,14884,15525
36067,8,27520,13464,14056
36067,9,24398,11778,12620
36067,10,27594,13244,14350
36067,11,31195,15027,16168
36067,12,34025,16427,17598
36067,13,31168,14950,16218
36067,14,25540,12183,13357
36067,15,18817,8513,10304
36067,16,13259,5809,7450
36067,17,9388,3868,5520
36067,18,11631,3935,7696
36069,0,109864,53826,56038
36069,1,5448,2731,2717
36069,2,6026,3082,2944
36069,3,6489,3334,3155
36069,4,7146,3665,3481
36069,5,6926,3561,3365
36069,6,6179,3238,2941
36069,7,6158,3114,3044
36069,8,6326,3087,3239
36069,9,5734,2809,2925
36069,10,6943,3415,3528
36069,11,7884,3845,4039
36069,12,8623,4202,4421
36069,13,8089,3945,4144
36069,14,7176,3403,3773
36069,15,5735,2704,3031
36069,16,3728,1726,2002
36069,17,2517,1066,1451
36069,18,2737,899,1838
36071,0,381951,191531,190420
36071,1,25255,12987,12268
36071,2,26505,13585,12920
36071,3,28051,14480,13571
36071,4,28875,15387,13488
36071,5,28646,16269,12377
36071,6,23082,11965,11117
36071,7,21905,11124,10781
36071,8,22773,11284,11489
36071,9,22280,11033,11247
36071,10,25307,12414,12893
36071,11,27099,13297,13802
36071,12,26491,13010,13481
36071,13,22141,11060,11081
36071,14,17789,8325,9464
36071,15,13739,6391,7348
36071,16,9228,4127,5101
36071,17,6133,2516,3617
36071,18,6652,2277,4375
36073,0,40612,20278,20334
36073,1,2070,1082,988
36073,2,2056,1059,997
36073,3,2252,1122,1130
36073,4,2472,1269,1203
36073,5,2525,1348,1177
36073,6,2786,1490,1296
36073,7,2432,1248,1184
36073,8,2398,1196,1202
36073,9,2256,1102,1154
36073,10,2658,1301,1357
36073,11,3033,1522,1511
36073,12,3332,1670,1662
36073,13,3065,1539,1526
36073,14,2431,1207,1224
36073,15,1837,875,962
36073,16,1291,603,688
36073,17,858,368,490
36073,18,860,277,583
36075,0,117898,59114,58784
36075,1,6410,3308,3102
36075,2,6774,3549,3225
36075,3,7147,3625,3522
36075,4,8707,4408,4299
36075,5,8333,4274,4059
36075,6,7673,4007,3666
36075,7,6898,3559,3339
36075,8,6691,3347,3344
36075,9,6101,3009,3092
36075,10,7434,3673,3761
36075,11,8781,4429,4352
36075,12,9446,4760,4686
36075,13,8238,4210,4028
36075,14,6644,3273,3371
36075,15,4904,2407,2497
36075,16,3464,1584,1880
36075,17,2085,911,1174
36075,18,2168,781,1387
36077,0,59749,28984,30765
36077,1,2530,1333,1197
36077,2,2577,1373,1204
36077,3,2637,1300,1337
36077,4,5144,2346,2798
36077,5,6662,3130,3532
36077,6,3118,1580,1538
36077,7,2856,1460,1396
36077,8,2965,1530,1435
36077,9,2680,1350,1330
36077,10,3311,1634,1677
36077,11,3738,1846,1892
36077,12,4515,2219,2296
36077,13,4359,2071,2288
36077,14,4021,1964,2057
36077,15,3200,1524,1676
36077,16,2308,1095,1213
36077,17,1416,621,795
36077,18,1712,608,1104
36079,0,98892,49406,49486
36079,1,4444,2270,2174
36079,2,5064,2596,2468
36079,3,5998,3092,2906
36079,4,6288,3224,3064
36079,5,6160,3278,2882
36079,6,5471,2948,2523
36079,7,5403,2779,2624
36079,8,5639,2931,2708
36079,9,5904,2940,2964
36079,10,7277,3616,3661
36079,11,8378,4199,4179
36079,12,8509,4179,4330
36079,13,7188,3558,3630
36079,14,5675,2725,2950
36079,15,4472,2149,2323
36079,16,3142,1466,1676
36079,17,1900,783,1117
36079,18,1980,673,1307
36081,0,2278906,1105389,1173517
36081,1,141209,72395,68814
36081,2,126951,65172,61779
36081,3,118937,60929,58008
36081,4,114778,58711,56067
36081,5,130841,64391,66450
36081,6,186616,92619,93997
36081,7,179467,90453,89014
36081,8,163548,81456,82092
36081,9,149404,73676,75728
36081,10,153212,75383,77829
36081,11,155338,75568,79770
36081,12,157714,76085,81629
36081,13,143374,67595,75779
36081,14,115074,52633,62441
36081,15,85915,37897,48018
36081,16,62063,25723,36340
36081,17,44020,17545,26475
36081,18,50445,17158,33287
36083,0,159442,78763,80679
36083,1,8391,4299,4092
36083,2,8651,4508,4143
36083,3,8668,4427,4241
36083,4,10524,5714,4810
36083,5,10868,5883,4985
36083,6,11601,5976,5625
36083,7,11096,5492,5604
36083,8,9845,4829,5016
36083,9,8959,4444,4515
36083,10,9988,4891,5097
36083,11,10865,5168,5697
36083,12,11887,5735,6152
36083,13,11068,5354,5714
36083,14,9228,4452,4776
36083,15,6836,3212,3624
36083,16,4488,1984,2504
36083,17,2998,1227,1771
36083,18,3481,1168,2313
36085,0,476179,230765,245414
36085,1,27413,13935,13478
36085,2,28324,14593,13731
36085,3,29902,15338,14564
36085,4,29185,14992,14193
36085,5,28704,14454,14250
36085,6,33845,17004,16841
36085,7,31046,15620,15426
36085,8,29726,14522,15204
36085,9,29588,14338,15250
36085,10,32043,15366,16677
36085,11,33525,16102,17423
36085,12,34435,16479,17956
36085,13,31390,14789,16601
36085,14,25521,11759,13762
36085,15,19864,8926,10938
36085,16,13289,5859,7430
36085,17,8660,3468,5192
36085,18,9719,3221,6498
36087,0,325695,159777,165918
36087,1,26349,13312,13037
36087,2,24665,12547,12118
36087,3,25527,13094,12433
36087,4,23717,12235,11482
36087,5,21479,10954,10525
36087,6,19909,10252,9657
36087,7,18004,9272,8732
36087,8,18437,9157,9280
36087,9,17352,8656,8696
36087,10,18867,9167,9700
36087,11,20786,10021,10765
36087,12,21038,10185,10853
36087,13,18458,8953,9505
36087,14,15161,7109,8052
36087,15,12552,5539,7013
36087,16,9024,3905,5119
36087,17,6638,2745,3893
36087,18,7732,2674,5058
36089,0,108047,55194,52853
36089,1,5535,2822,2713
36089,2,6017,3122,2895
36089,3,6439,3315,3124
36089,4,9103,4686,4417
36089,5,9065,4981,4084
36089,6,6474,3608,2866
36089,7,6318,3435,2883
36089,8,6030,3110,2920
36089,9,5750,3024,2726
36089,10,6520,3367,3153
36089,11,7002,3571,3431
36089,12,7742,3811,3931
36089,13,7226,3647,3579
36089,14,6114,3027,3087
36089,15,4772,2339,2433
36089,16,3284,1515,1769
36089,17,2374,1033,1341
36089,18,2282,781,1501
36091,0,230163,113980,116183
36091,1,11788,6047,5741
36091,2,12643,6433,6210
36091,3,13167,6735,6432
36091,4,14026,7143,6883
36091,5,13429,7007,6422
36091,6,13727,7252,6475
36091,7,14261,7301,6960
36091,8,14462,7259,7203
36091,9,13828,6860,6968
36091,10,16351,8159,8192
36091,11,17376,8580,8796
36091,12,17735,8639,9096
36091,13,15642,7630,8012
36091,14,13780,6626,7154
36091,15,11177,5233,5944
36091,16,7367,3397,3970
36091,17,4463,1930,2533
36091,18,4941,1749,3192
36093,0,155350,75706,79644
36093,1,8948,4619,4329
36093,2,9283,4825,4458
36093,3,9454,4887,4567
36093,4,9562,4849,4713
36093,5,10050,5111,4939
36093,6,10210,5125,5085
36093,7,10344,5190,5154
36093,8,10042,4934,5108
36093,9,9121,4509,4612
36093,10,9726,4805,4921
36093,11,10543,5078,5465
36093,12,11150,5335,5815
36093,13,10327,4979,5348
36093,14,8376,3971,4405
36093,15,6348,2944,3404
36093,16,4372,1857,2515
36093,17,3122,1221,1901
36093,18,4372,1467,2905
36095,0,31097,15596,15501
36095,1,1265,701,564
36095,2,1528,764,764
36095,3,1585,824,761
36095,4,2263,1130,1133
36095,5,2030,1056,974
36095,6,1684,860,824
36095,7,1613,857,756
36095,8,1654,841,813
36095,9,1593,768,825
36095,10,1877,966,911
36095,11,2235,1121,1114
36095,12,2511,1213,1298
36095,13,2462,1228,1234
36095,14,2207,1062,1145
36095,15,1802,910,892
36095,16,1254,609,645
36095,17,790,388,402
36095,18,744,298,446
36097,0,17912,8930,8982
36097,1,906,484,422
36097,2,948,473,475
36097,3,966,501,465
36097,4,975,499,476
36097,5,858,441,417
36097,6,1064,572,492
36097,7,962,481,481
36097,8,989,449,540
36097,9,984,469,515
36097,10,1161,592,569
36097,11,1304,677,627
36097,12,1485,722,763
36097,13,1488,745,743
36097,14,1301,666,635
36097,15,981,483,498
36097,16,657,329,328
36097,17,439,188,251
36097,18,444,159,285
36099,0,34300,18005,16295
36099,1,1768,928,840
36099,2,1846,948,898
36099,3,1962,1019,943
36099,4,1937,1026,911
36099,5,2279,1347,932
36099,6,2434,1452,982
36099,7,2208,1266,942
36099,8,2012,1099,913
36099,9,1797,989,808
36099,10,2084,1110,974
36099,11,2187,1137,1050
36099,12,2637,1332,1305
36099,13,2558,1299,1259
36099,14,2149,1038,1111
36099,15,1737,828,909
36099,16,1124,533,591
36099,17,761,334,427
36099,18,820,320,500
36101,0,95796,47749,48047
36101,1,5193,2738,2455
36101,2,5674,2880,2794
36101,3,5923,3017,2906
36101,4,5813,3050,2763
36101,5,5247,2693,2554
36101,6,5726,2885,2841
36101,7,5438,2760,2678
36101,8,5655,2882,2773
36101,9,5186,2597,2589
36101,10,6125,3032,3093
36101,11,6667,3359,3308
36101,12,7335,3685,3650
36101,13,6964,3490,3474
36101,14,6138,3030,3108
36101,15,4701,2217,2484
36101,16,3281,1546,1735
36101,17,2275,1025,1250
36101,18,2455,863,1592
36103,0,1481093,729117,751976
36103,1,79299,40414,38885
36103,2,82660,42187,40473
36103,3,91648,47076,44572
36103,4,96707,49652,47055
36103,5,96541,49044,47497
36103,6,92355,48062,44293
36103,7,83549,42731,40818
36103,8,85642,43313,42329
36103,9,88238,44037,44201
36103,10,102769,50380,52389
36103,11,116372,57222,59150
36103,12,117553,57918,59635
36103,13,98004,47797,50207
36103,14,76998,36401,40597
36103,15,63170,28795,34375
36103,16,44866,19545,25321
36103,17,29973,12515,17458
36103,18,34749,12028,22721
36105,0,75498,38865,36633
36105,1,4280,2217,2063
36105,2,4381,2231,2150
36105,3,4546,2337,2209
36105,4,4505,2379,2126
36105,5,4278,2274,2004
36105,6,4644,2510,2134
36105,7,4367,2324,2043
36105,8,4465,2297,2168
36105,9,4215,2267,1948
36105,10,4752,2498,2254
36105,11,5632,2955,2677
36105,12,5879,3011,2868
36105,13,5316,2698,2618
36105,14,4801,2416,2385
36105,15,3796,1849,1947
36105,16,2681,1328,1353
36105,17,1561,732,829
36105,18,1399,542,857
36107,0,48560,24129,24431
36107,1,2501,1236,1265
36107,2,2717,1428,1289
36107,3,3054,1584,1470
36107,4,2972,1543,1429
36107,5,2533,1308,1225
36107,6,2593,1330,1263
36107,7,2629,1304,1325
36107,8,2839,1431,1408
36107,9,2639,1323,1316
36107,10,2904,1441,1463
36107,11,3387,1660,1727
36107,12,4157,2041,2116
36107,13,3781,1910,1871
36107,14,2918,1452,1466
36107,15,2549,1211,1338
36107,16,1777,856,921
36107,17,1329,597,732
36107,18,1281,474,807
36109,0,102793,50524,52269
36109,1,3920,1972,1948
36109,2,4198,2114,2084
36109,3,4119,2131,1988
36109,4,11582,5750,5832
36109,5,18426,9506,8920
36109,6,7300,3724,3576
36109,7,5818,2858,2960
36109,8,5745,2783,2962
36109,9,4952,2417,2535
36109,10,4975,2439,2536
36109,11,5385,2600,2785
36109,12,5658,2668,2990
36109,13,5815,2753,3062
36109,14,5283,2561,2722
36109,15,3848,1840,2008
36109,16,2425,1108,1317
36109,17,1506,648,858
36109,18,1838,652,1186
36111,0,178599,88505,90094
36111,1,7834,4007,3827
36111,2,8438,4224,4214
36111,3,9415,4719,4696
36111,4,10797,5312,5485
36111,5,11318,5850,5468
36111,6,11645,6119,5526
36111,7,10818,5681,5137
36111,8,10423,5378,5045
36111,9,10246,5259,4987
36111,10,11691,5963,5728
36111,11,13007,6463,6544
36111,12,14478,7172,7306
36111,13,13161,6451,6710
36111,14,11547,5550,5997
36111,15,9212,4273,4939
36111,16,6128,2831,3297
36111,17,3820,1630,2190
36111,18,4621,1623,2998
36113,0,64265,31572,32693
36113,1,2887,1475,1412
36113,2,3256,1682,1574
36113,3,3408,1769,1639
36113,4,3381,1797,1584
36113,5,3376,1720,1656
36113,6,3957,2029,1928
36113,7,3691,1841,1850
36113,8,3496,1775,1721
36113,9,3325,1665,1660
36113,10,4114,1944,2170
36113,11,4717,2294,2423
36113,12,5352,2571,2781
36113,13,5014,2437,2577
36113,14,4657,2262,2395
36113,15,3646,1771,1875
36113,16,2588,1224,1364
36113,17,1607,695,912
36113,18,1793,621,1172
36115,0,61197,31674,29523
36115,1,2862,1460,1402
36115,2,3146,1675,1471
36115,3,3349,1696,1653
36115,4,3387,1896,1491
36115,5,3570,2066,1504
36115,6,3790,2081,1709
36115,7,3760,2016,1744
36115,8,3538,1918,1620
36115,9,3657,2017,1640
36115,10,4107,2204,1903
36115,11,4670,2347,2323
36115,12,4790,2396,2394
36115,13,4652,2343,2309
36115,14,3805,1895,1910
36115,15,3102,1522,1580
36115,16,2153,991,1162
36115,17,1375,613,762
36115,18,1484,538,946
36117,0,90064,44703,45361
36117,1,4836,2448,2388
36117,2,5389,2793,2596
36117,3,5619,2847,2772
36117,4,5182,2568,2614
36117,5,4976,2567,2409
36117,6,5287,2719,2568
36117,7,5070,2541,2529
36117,8,5175,2578,2597
36117,9,4639,2356,2283
36117,10,5890,2937,2953
36117,11,6764,3352,3412
36117,12,7427,3679,3748
36117,13,6808,3347,3461
36117,14,5602,2823,2779
36117,15,4490,2125,2365
36117,16,2997,1412,1585
36117,17,1891,868,1023
36117,18,2022,743,1279
36119,0,967612,468720,498892
36119,1,53786,27736,26050
36119,2,57474,29620,27854
36119,3,61624,31717,29907
36119,4,64485,32969,31516
36119,5,59911,29615,30296
36119,6,54967,27864,27103
36119,7,56320,28334,27986
36119,8,60984,30052,30932
36119,9,62418,30537,31881
36119,10,67692,32887,34805
36119,11,70955,34113,36842
36119,12,70213,33925,36288
36119,13,61775,29385,32390
36119,14,49412,22900,26512
36119,15,38669,17521,21148
36119,16,28454,11910,16544
36119,17,20834,8303,12531
36119,18,27639,9332,18307
36121,0,40085,21705,18380
36121,1,1978,1002,976
36121,2,2088,1081,1007
36121,3,2123,1055,1068
36121,4,2142,1099,1043
36121,5,2193,1226,967
36121,6,2861,1736,1125
36121,7,2798,1736,1062
36121,8,2598,1549,1049
36121,9,2354,1391,963
36121,10,2779,1624,1155
36121,11,3015,1625,1390
36121,12,3065,1623,1442
36121,13,2903,1497,1406
36121,14,2511,1293,1218
36121,15,1875,938,937
36121,16,1255,598,657
36121,17,781,353,428
36121,18,766,279,487
36123,0,24841,12070,12771
36123,1,1490,773,717
36123,2,1564,800,764
36123,3,1434,704,730
36123,4,1763,861,902
36123,5,1898,843,1055
36123,6,1421,717,704
36123,7,1261,652,609
36123,8,1224,586,638
36123,9,1105,551,554
36123,10,1306,640,666
36123,11,1423,706,717
36123,12,1850,859,991
36123,13,1930,921,1009
36123,14,1722,830,892
36123,15,1345,711,634
36123,16,903,442,461
36123,17,597,255,342
36123,18,605,219,386
37001,0,166436,78937,87499
37001,1,9632,4933,4699
37001,2,10150,5224,4926
37001,3,10645,5422,5223
37001,4,12950,6282,6668
37001,5,10920,5165,5755
37001,6,10734,5099,5635
37001,7,9991,4832,5159
37001,8,9542,4502,5040
37001,9,9564,4576,4988
37001,10,11047,5317,5730
37001,11,11344,5431,5913
37001,12,11436,5444,5992
37001,13,10354,4899,5455
37001,14,8538,3844,4694
37001,15,7273,3184,4089
37001,16,5160,2182,2978
37001,17,3476,1370,2106
37001,18,3680,1231,2449
37003,0,37353,19008,18345
37003,1,1826,920,906
37003,2,1996,1044,952
37003,3,2329,1206,1123
37003,4,2068,1026,1042
37003,5,2067,1135,932
37003,6,2412,1350,1062
37003,7,1957,1055,902
37003,8,2235,1181,1054
37003,9,2258,1240,1018
37003,10,2653,1409,1244
37003,11,2751,1377,1374
37003,12,2731,1418,1313
37003,13,2581,1248,1333
37003,14,2334,1134,1200
37003,15,2036,968,1068
37003,16,1474,665,809
37003,17,910,381,529
37003,18,735,251,484
37005,0,11161,5528,5633
37005,1,518,267,251
37005,2,493,245,248
37005,3,574,288,286
37005,4,534,278,256
37005,5,527,269,258
37005,6,564,313,251
37005,7,480,235,245
37005,8,542,290,252
37005,9,569,296,273
37005,10,699,362,337
37005,11,755,371,384
37005,12,910,450,460
37005,13,973,464,509
37005,14,925,444,481
37005,15,813,398,415
37005,16,548,250,298
37005,17,386,171,215
37005,18,351,137,214
37007,0,24877,12939,11938
37007,1,1276,629,647
37007,2,1313,687,626
37007,3,1388,686,702
37007,4,1425,723,702
37007,5,1585,900,685
37007,6,1938,1189,749
37007,7,1626,979,647
37007,8,1508,888,620
37007,9,1510,857,653
37007,10,1559,821,738
37007,11,1727,849,878
37007,12,1671,851,820
37007,13,1757,895,862
37007,14,1524,725,799
37007,15,1190,550,640
37007,16,839,351,488
37007,17,529,193,336
37007,18,512,166,346
37009,0,27109,13300,13809
37009,1,1106,552,554
37009,2,1359,703,656
37009,3,1442,686,756
37009,4,1370,693,677
37009,5,1211,639,572
37009,6,1373,741,632
37009,7,1298,678,620
37009,8,1473,742,731
37009,9,1532,776,756
37009,10,1720,879,841
37009,11,1860,901,959
37009,12,2153,1077,1076
37009,13,2245,1061,1184
37009,14,2203,1040,1163
37009,15,1868,945,923
37009,16,1306,577,729
37009,17,854,375,479
37009,18,736,235,501
37011,0,17505,9527,7978
37011,1,653,340,313
37011,2,702,355,347
37011,3,772,396,376
37011,4,994,462,532
37011,5,1151,639,512
37011,6,1135,729,406
37011,7,1050,681,369
37011,8,1078,659,419
37011,9,1134,690,444
37011,10,1284,805,479
37011,11,1177,690,487
37011,12,1262,670,592
37011,13,1222,590,632
37011,14,1230,612,618
37011,15,1033,491,542
37011,16,741,358,383
37011,17,455,204,251
37011,18,432,156,276
37013,0,47079,22487,24592
37013,1,2277,1148,1129
37013,2,2574,1309,1265
37013,3,2811,1425,1386
37013,4,2809,1438,1371
37013,5,2344,1167,1177
37013,6,2509,1190,1319
37013,7,2226,1096,1130
37013,8,2454,1157,1297
37013,9,2647,1274,1373
37013,10,2901,1371,1530
37013,11,3012,1468,1544
37013,12,3526,1660,1866
37013,13,3708,1727,1981
37013,14,3639,1708,1931
37013,15,3132,1465,1667
37013,16,2120,963,1157
37013,17,1224,545,679
37013,18,1166,376,790
37015,0,19026,9599,9427
37015,1,818,434,384
37015,2,927,489,438
37015,3,995,516,479
37015,4,951,517,434
37015,5,1120,655,465
37015,6,1268,780,488
37015,7,1155,672,483
37015,8,958,493,465
37015,9,1047,585,462
37015,10,1101,558,543
37015,11,1247,583,664
37015,12,1489,710,779
37015,13,1571,753,818
37015,14,1384,621,763
37015,15,1072,485,587
37015,16,764,333,431
37015,17,562,208,354
37015,18,597,207,390
37017,0,33190,15833,17357
37017,1,1684,887,797
37017,2,1821,908,913
37017,3,2031,1021,1010
37017,4,1951,977,974
37017,5,1793,898,895
37017,6,1916,981,935
37017,7,1661,781,880
37017,8,1803,878,925
37017,9,1968,958,1010
37017,10,2100,993,1107
37017,11,2151,986,1165
37017,12,2441,1145,1296
37017,13,2623,1227,1396
37017,14,2431,1142,1289
37017,15,1954,921,1033
37017,16,1260,535,725
37017,17,862,347,515
37017,18,740,248,492
37019,0,136744,65301,71443
37019,1,5304,2693,2611
37019,2,5833,3028,2805
37019,3,6145,3150,2995
37019,4,5634,2881,2753
37019,5,5257,2609,2648
37019,6,6225,3134,3091
37019,7,6081,2887,3194
37019,8,6623,3139,3484
37019,9,6375,3076,3299
37019,10,7290,3558,3732
37019,11,8073,3704,4369
37019,12,10750,4748,6002
37019,13,14084,6180,7904
37019,14,16137,7476,8661
37019,15,12979,6404,6575
37019,16,7467,3800,3667
37019,17,3569,1715,1854
37019,18,2918,1119,1799
37021,0,259103,124207,134896
37021,1,12875,6612,6263
37021,2,13061,6628,6433
37021,3,13534,6885,6649
37021,4,13881,7118,6763
37021,5,14116,6920,7196
37021,6,18299,8933,9366
37021,7,18040,8777,9263
37021,8,17822,8831,8991
37021,9,16603,8217,8386
37021,10,16947,8435,8512
37021,11,16244,7833,8411
37021,12,17533,8137,9396
37021,13,18320,8324,9996
37021,14,17148,7792,9356
37021,15,13566,6222,7344
37021,16,8897,3931,4966
37021,17,5836,2414,3422
37021,18,6381,2198,4183
37023,0,90382,45182,45200
37023,1,4366,2258,2108
37023,2,4458,2278,2180
37023,3,4931,2489,2442
37023,4,5821,3528,2293
37023,5,5360,3020,2340
37023,6,5718,2952,2766
37023,7,4819,2475,2344
37023,8,4964,2462,2502
37023,9,5108,2568,2540
37023,10,6293,3103,3190
37023,11,6685,3372,3313
37023,12,7162,3510,3652
37023,13,6403,3080,3323
37023,14,5721,2696,3025
37023,15,4690,2161,2529
37023,16,3539,1572,1967
37023,17,2229,922,1307
37023,18,2115,736,1379
37025,0,211342,102992,108350
37025,1,13684,7017,6667
37025,2,14724,7577,7147
37025,3,16074,8312,7762
37025,4,14720,7509,7211
37025,5,11884,6013,5871
37025,6,13073,6426,6647
37025,7,13546,6507,7039
37025,8,15063,7143,7920
37025,9,15026,7287,7739
37025,10,16197,7912,8285
37025,11,14676,7278,7398
37025,12,13475,6566,6909
37025,13,11252,5323,5929
37025,14,9408,4354,5054
37025,15,7436,3423,4013
37025,16,4985,2135,2850
37025,17,3137,1207,1930
37025,18,2982,1003,1979
37027,0,82029,40637,41392
37027,1,4195,2164,2031
37027,2,4258,2201,2057
37027,3,4973,2560,2413
37027,4,4815,2495,2320
37027,5,4458,2326,2132
37027,6,5010,2509,2501
37027,7,4327,2178,2149
37027,8,4435,2240,2195
37027,9,4842,2457,2385
37027,10,6047,3058,2989
37027,11,6195,3147,3048
37027,12,6269,3115,3154
37027,13,5903,2849,3054
37027,14,5288,2534,2754
37027,15,4404,2040,2364
37027,16,3134,1454,1680
37027,17,1966,801,1165
37027,18,1510,509,1001
37029,0,10710,5336,5374
37029,1,567,280,287
37029,2,634,315,319
37029,3,770,397,373
37029,4,694,348,346
37029,5,492,264,228
37029,6,583,302,281
37029,7,619,307,312
37029,8,729,348,381
37029,9,704,347,357
37029,10,785,372,413
37029,11,791,421,370
37029,12,826,418,408
37029,13,766,396,370
37029,14,532,263,269
37029,15,487,240,247
37029,16,357,165,192
37029,17,189,81,108
37029,18,185,72,113
37031,0,69524,34054,35470
37031,1,2869,1492,1377
37031,2,3267,1704,1563
37031,3,3807,2049,1758
37031,4,3504,1788,1716
37031,5,3139,1644,1495
37031,6,3535,1899,1636
37031,7,3564,1751,1813
37031,8,3796,1905,1891
37031,9,3760,1851,1909
37031,10,4331,2117,2214
37031,11,4900,2403,2497
37031,12,5647,2599,3048
37031,13,6042,2786,3256
37031,14,5776,2714,3062
37031,15,4764,2331,2433
37031,16,3148,1519,1629
37031,17,1879,804,1075
37031,18,1796,698,1098
37033,0,22698,11525,11173
37033,1,1097,557,540
37033,2,1122,538,584
37033,3,1238,636,602
37033,4,1229,662,567
37033,5,1198,673,525
37033,6,1400,820,580
37033,7,1218,676,542
37033,8,1210,674,536
37033,9,1289,707,582
37033,10,1571,852,719
37033,11,1624,808,816
37033,12,1792,903,889
37033,13,1829,858,971
37033,14,1635,753,882
37033,15,1259,619,640
37033,16,865,390,475
37033,17,614,231,383
37033,18,508,168,340
37035,0,158652,77479,81173
37035,1,8919,4443,4476
37035,2,9460,4789,4671
37035,3,10272,5213,5059
37035,4,10281,5272,5009
37035,5,9434,4750,4684
37035,6,9994,4996,4998
37035,7,8827,4375,4452
37035,8,9060,4452,4608
37035,9,9468,4733,4735
37035,10,11148,5419,5729
37035,11,11326,5676,5650
37035,12,11604,5792,5812
37035,13,10522,5053,5469
37035,14,9184,4308,4876
37035,15,7719,3594,4125
37035,16,5264,2315,2949
37035,17,3206,1328,1878
37035,18,2964,971,1993
37037,0,73139,34953,38186
37037,1,3573,1755,1818
37037,2,3968,1970,1998
37037,3,4579,2276,2303
37037,4,4012,2015,1997
37037,5,3234,1649,1585
37037,6,3172,1573,1599
37037,7,3397,1611,1786
37037,8,4027,1933,2094
37037,9,4300,2127,2173
37037,10,5089,2522,2567
37037,11,4996,2443,2553
37037,12,5570,2657,2913
37037,13,5365,2535,2830
37037,14,5442,2501,2941
37037,15,4786,2151,2635
37037,16,3306,1486,1820
37037,17,2122,882,1240
37037,18,2201,867,1334
37039,0,28383,13832,14551
37039,1,1194,628,566
37039,2,1254,633,621
37039,3,1418,743,675
37039,4,1379,729,650
37039,5,1226,631,595
37039,6,1355,662,693
37039,7,1185,597,588
37039,8,1359,643,716
37039,9,1417,685,732
37039,10,1699,850,849
37039,11,1834,912,922
37039,12,2186,1034,1152
37039,13,2480,1146,1334
37039,14,2663,1278,1385
37039,15,2321,1071,1250
37039,16,1659,820,839
37039,17,968,466,502
37039,18,786,304,482
37041,0,14029,6677,7352
37041,1,663,344,319
37041,2,751,381,370
37041,3,873,431,442
37041,4,830,425,405
37041,5,699,378,321
37041,6,730,395,335
37041,7,733,345,388
37041,8,720,345,375
37041,9,749,355,394
37041,10,754,373,381
37041,11,837,370,467
37041,12,1086,507,579
37041,13,1148,542,606
37041,14,1084,479,605
37041,15,895,397,498
37041,16,605,290,315
37041,17,447,182,265
37041,18,425,138,287
37043,0,11139,5435,5704
37043,1,481,246,235
37043,2,492,266,226
37043,3,573,294,279
37043,4,569,309,260
37043,5,440,250,190
37043,6,493,258,235
37043,7,435,218,217
37043,8,520,260,260
37043,9,535,255,280
37043,10,650,321,329
37043,11,665,312,353
37043,12,821,401,420
37043,13,1001,451,550
37043,14,1100,494,606
37043,15,997,461,536
37043,16,683,330,353
37043,17,369,199,170
37043,18,315,110,205
37045,0,97645,46924,50721
37045,1,5460,2782,2678
37045,2,5880,2965,2915
37045,3,6325,3186,3139
37045,4,6409,3281,3128
37045,5,6155,3075,3080
37045,6,6343,3125,3218
37045,7,5138,2466,2672
37045,8,5184,2388,2796
37045,9,5363,2638,2725
37045,10,6550,3107,3443
37045,11,6991,3414,3577
37045,12,6965,3388,3577
37045,13,6698,3202,3496
37045,14,5897,2737,3160
37045,15,4968,2229,2739
37045,16,3447,1475,1972
37045,17,2140,854,1286
37045,18,1732,612,1120
37047,0,55655,27545,28110
37047,1,2901,1497,1404
37047,2,3094,1483,1611
37047,3,3434,1768,1666
37047,4,3433,1715,1718
37047,5,3435,1856,1579
37047,6,3654,2068,1586
37047,7,3202,1677,1525
37047,8,3273,1759,1514
37047,9,3216,1672,1544
37047,10,3525,1771,1754
37047,11,3640,1789,1851
37047,12,3861,1819,2042
37047,13,3796,1855,1941
37047,14,3462,1620,1842
37047,15,3112,1400,1712
37047,16,2091,902,1189
37047,17,1385,537,848
37047,18,1141,357,784
37049,0,102912,52028,50884
37049,1,6440,3274,3166
37049,2,6131,3125,3006
37049,3,6082,2984,3098
37049,4,6132,3235,2897
37049,5,9865,6388,3477
37049,6,7732,4291,3441
37049,7,6178,3109,3069
37049,8,5961,3112,2849
37049,9,5145,2595,2550
37049,10,5221,2553,2668
37049,11,5377,2567,2810
37049,12,6464,2981,3483
37049,13,6584,3058,3526
37049,14,6034,2748,3286
37049,15,5302,2487,2815
37049,16,3598,1658,1940
37049,17,2340,1035,1305
37049,18,2326,828,1498
37051,0,332330,164493,167837
37051,1,25155,12721,12434
37051,2,22957,11731,11226
37051,3,21434,10847,10587
37051,4,22660,11983,10677
37051,5,32901,19592,13309
37051,6,32283,17462,14821
37051,7,24708,12272,12436
37051,8,21571,10400,11171
37051,9,17849,8403,9446
37051,10,17797,8144,9653
37051,11,17944,8262,9682
37051,12,18641,8363,10278
37051,13,16813,7642,9171
37051,14,13279,6016,7263
37051,15,10166,4527,5639
37051,16,7187,2898,4289
37051,17,4784,1857,2927
37051,18,4201,1373,2828
37053,0,27072,13404,13668
37053,1,1545,798,747
37053,2,1679,838,841
37053,3,1766,891,875
37053,4,1582,792,790
37053,5,1296,660,636
37053,6,1586,806,780
37053,7,1733,846,887
37053,8,1644,812,832
37053,9,1563,754,809
37053,10,1891,972,919
37053,11,2049,986,1063
37053,12,2314,1156,1158
37053,13,2026,1008,1018
37053,14,1622,770,852
37053,15,1199,596,603
37053,16,795,396,399
37053,17,421,189,232
37053,18,361,134,227
37055,0,36501,17998,18503
37055,1,1647,856,791
37055,2,1845,918,927
37055,3,2184,1127,1057
37055,4,1857,962,895
37055,5,1606,852,754
37055,6,1773,927,846
37055,7,1929,975,954
37055,8,2212,1066,1146
37055,9,2142,1075,1067
37055,10,2422,1196,1226
37055,11,2574,1266,1308
37055,12,3076,1441,1635
37055,13,3415,1647,1768
37055,14,2917,1388,1529
37055,15,2196,1078,1118
37055,16,1257,599,658
37055,17,768,358,410
37055,18,681,267,414
37057,0,166614,81509,85105
37057,1,9297,4692,4605
37057,2,9578,4947,4631
37057,3,10969,5732,5237
37057,4,10344,5274,5070
37057,5,9078,4537,4541
37057,6,10217,5104,5113
37057,7,8992,4434,4558
37057,8,9594,4646,4948
37057,9,9737,4672,5065
37057,10,12217,6024,6193
37057,11,12321,6141,6180
37057,12,12507,6176,6331
37057,13,11386,5558,5828
37057,14,9566,4536,5030
37057,15,8259,3818,4441
37057,16,5670,2575,3095
37057,17,3683,1525,2158
37057,18,3199,1118,2081
37059,0,42733,20849,21884
37059,1,2086,1078,1008
37059,2,2448,1265,1183
37059,3,2725,1405,1320
37059,4,2664,1348,1316
37059,5,2252,1172,1080
37059,6,2139,1068,1071
37059,7,2006,990,1016
37059,8,2278,1069,1209
37059,9,2460,1203,1257
37059,10,3101,1521,1580
37059,11,3209,1569,1640
37059,12,3218,1581,1637
37059,13,3103,1501,1602
37059,14,2805,1336,1469
37059,15,2283,1104,1179
37059,16,1612,727,885
37059,17,1156,492,664
37059,18,1188,420,768
37061,0,58856,28664,30192
37061,1,3604,1865,1739
37061,2,3873,1936,1937
37061,3,4109,2113,1996
37061,4,3721,1978,1743
37061,5,3341,1710,1631
37061,6,3496,1755,1741
37061,7,3173,1526,1647
37061,8,3373,1692,1681
37061,9,3517,1734,1783
37061,10,3743,1797,1946
37061,11,3683,1813,1870
37061,12,4219,2020,2199
37061,13,3998,1854,2144
37061,14,3485,1667,1818
37061,15,2883,1349,1534
37061,16,1954,866,1088
37061,17,1299,523,776
37061,18,1385,466,919
37063,0,316739,151221,165518
37063,1,20417,10478,9939
37063,2,18116,9275,8841
37063,3,17262,8790,8472
37063,4,20326,9908,10418
37063,5,21487,10598,10889
37063,6,29560,14166,15394
37063,7,28155,13717,14438
37063,8,24157,11749,12408
37063,9,20254,9845,10409
37063,10,20176,9823,10353
37063,11,18458,8784,9674
37063,12,18926,8589,10337
37063,13,17975,8129,9846
37063,14,14976,6540,8436
37063,15,10734,4682,6052
37063,16,6637,2832,3805
37063,17,4240,1750,2490
37063,18,4883,1566,3317
37065,0,52005,24036,27969
37065,1,2922,1472,1450
37065,2,3322,1678,1644
37065,3,3386,1777,1609
37065,4,3206,1620,1586
37065,5,3024,1461,1563
37065,6,3386,1570,1816
37065,7,2751,1247,1504
37065,8,2917,1311,1606
37065,9,2702,1257,1445
37065,10,3005,1362,1643
37065,11,3264,1485,1779
37065,12,3879,1774,2105
37065,13,3988,1788,2200
37065,14,3435,1521,1914
37065,15,2687,1181,1506
37065,16,1709,705,1004
37065,17,1219,459,760
37065,18,1203,368,835
37067,0,379099,179783,199316
37067,1,22538,11581,10957
37067,2,24127,12338,11789
37067,3,25172,12815,12357
37067,4,26836,13071,13765
37067,5,24866,11994,12872
37067,6,26059,12497,13562
37067,7,24210,11516,12694
37067,8,23163,11016,12147
37067,9,22299,10582,11717
37067,10,24763,11732,13031
37067,11,24974,12043,12931
37067,12,26019,12194,13825
37067,13,23456,10667,12789
37067,14,20070,9031,11039
37067,15,15458,6871,8587
37067,16,10417,4440,5977
37067,17,7128,2905,4223
37067,18,7544,2490,5054
37069,0,67560,33391,34169
37069,1,3768,1879,1889
37069,2,3942,2011,1931
37069,3,4396,2247,2149
37069,4,4378,2286,2092
37069,5,3837,2126,1711
37069,6,4126,2130,1996
37069,7,3790,1876,1914
37069,8,4039,2046,1993
37069,9,4148,2104,2044
37069,10,4900,2403,2497
37069,11,4879,2404,2475
37069,12,5221,2545,2676
37069,13,4784,2304,2480
37069,14,3928,1844,2084
37069,15,3011,1423,1588
37069,16,1939,829,1110
37069,17,1308,554,754
37069,18,1166,380,786
37071,0,222846,107389,115457
37071,1,13216,6757,6459
37071,2,13827,7011,6816
37071,3,14422,7342,7080
37071,4,13936,7207,6729
37071,5,12765,6532,6233
37071,6,15528,7593,7935
37071,7,14248,6820,7428
37071,8,13667,6520,7147
37071,9,13813,6559,7254
37071,10,16417,7915,8502
37071,11,15909,7862,8047
37071,12,15329,7432,7897
37071,13,13982,6592,7390
37071,14,11907,5540,6367
37071,15,9492,4197,5295
37071,16,6279,2629,3650
37071,17,4195,1648,2547
37071,18,3914,1233,2681
37073,0,11573,5731,5842
37073,1,535,294,241
37073,2,602,305,297
37073,3,741,388,353
37073,4,705,371,334
37073,5,580,324,256
37073,6,647,331,316
37073,7,592,285,307
37073,8,604,282,322
37073,9,554,266,288
37073,10,784,369,415
37073,11,916,472,444
37073,12,1078,529,549
37073,13,895,445,450
37073,14,709,326,383
37073,15,661,316,345
37073,16,433,215,218
37073,17,261,115,146
37073,18,276,98,178
37075,0,8484,4239,4245
37075,1,408,208,200
37075,2,442,237,205
37075,3,528,298,230
37075,4,503,264,239
37075,5,411,217,194
37075,6,468,223,245
37075,7,420,209,211
37075,8,467,232,235
37075,9,454,241,213
37075,10,521,268,253
37075,11,587,296,291
37075,12,601,284,317
37075,13,655,325,330
37075,14,581,282,299
37075,15,513,238,275
37075,16,419,209,210
37075,17,260,118,142
37075,18,246,90,156
37077,0,60115,30635,29480
37077,1,3031,1545,1486
37077,2,3227,1631,1596
37077,3,3759,1977,1782
37077,4,3725,2067,1658
37077,5,3597,2126,1471
37077,6,3680,1871,1809
37077,7,3455,1827,1628
37077,8,3533,1863,1670
37077,9,3733,1891,1842
37077,10,4476,2323,2153
37077,11,4778,2441,2337
37077,12,4684,2388,2296
37077,13,4144,2069,2075
37077,14,3525,1684,1841
37077,15,2725,1277,1448
37077,16,1773,817,956
37077,17,1178,494,684
37077,18,1092,344,748
37079,0,21012,11481,9531
37079,1,1014,515,499
37079,2,1170,609,561
37079,3,1300,659,641
37079,4,1180,624,556
37079,5,1337,809,528
37079,6,1502,980,522
37079,7,1456,937,519
37079,8,1433,932,501
37079,9,1431,853,578
37079,10,1359,807,552
37079,11,1350,751,599
37079,12,1537,792,745
37079,13,1462,688,774
37079,14,1229,608,621
37079,15,902,445,457
37079,16,566,229,337
37079,17,389,134,255
37079,18,395,109,286
37081,0,533670,252687,280983
37081,1,31411,16142,15269
37081,2,32503,16490,16013
37081,3,34248,17329,16919
37081,4,40311,19307,21004
37081,5,38057,18223,19834
37081,6,39484,18944,20540
37081,7,34339,16058,18281
37081,8,33453,15726,17727
37081,9,31871,15051,16820
37081,10,35898,17134,18764
37081,11,34757,16518,18239
37081,12,34972,16647,18325
37081,13,31417,14654,16763
37081,14,26654,12019,14635
37081,15,20943,9361,11582
37081,16,14171,5990,8181
37081,17,9293,3747,5546
37081,18,9888,3347,6541
37083,0,50574,24282,26292
37083,1,2772,1403,1369
37083,2,2880,1482,1398
37083,3,3164,1627,1537
37083,4,3035,1523,1512
37083,5,2715,1399,1316
37083,6,3247,1667,1580
37083,7,2715,1354,1361
37083,8,2795,1385,1410
37083,9,2572,1305,1267
37083,10,3002,1432,1570
37083,11,3550,1714,1836
37083,12,3921,1871,2050
37083,13,3727,1692,2035
37083,14,3414,1579,1835
37083,15,2627,1159,1468
37083,16,1891,804,1087
37083,17,1312,506,806
37083,18,1235,380,855
37085,0,134214,66478,67736
37085,1,9938,5191,4747
37085,2,10012,5118,4894
37085,3,9645,4860,4785
37085,4,9084,4538,4546
37085,5,8248,4152,4096
37085,6,10325,5229,5096
37085,7,10797,5516,5281
37085,8,9865,5014,4851
37085,9,8364,4196,4168
37085,10,8452,4274,4178
37085,11,8063,4045,4018
37085,12,7778,3829,3949
37085,13,6920,3299,3621
37085,14,5754,2678,3076
37085,15,4456,1967,2489
37085,16,3052,1326,1726
37085,17,1932,756,1176
37085,18,1529,490,1039
37087,0,61971,29956,32015
37087,1,2998,1574,1424
37087,2,3062,1593,1469
37087,3,3216,1690,1526
37087,4,3104,1635,1469
37087,5,2831,1422,1409
37087,6,3664,1880,1784
37087,7,3422,1635,1787
37087,8,3356,1639,1717
37087,9,3402,1687,1715
37087,10,3961,1921,2040
37087,11,4238,2045,2193
37087,12,4704,2188,2516
37087,13,4765,2233,2532
37087,14,4614,2168,2446
37087,15,4112,1891,2221
37087,16,2886,1322,1564
37087,17,1920,843,1077
37087,18,1716,590,1126
37089,0,116748,56031,60717
37089,1,5623,2865,2758
37089,2,6000,3076,2924
37089,3,6510,3314,3196
37089,4,6109,3093,3016
37089,5,5471,2733,2738
37089,6,6015,3015,3000
37089,7,6078,2960,3118
37089,8,6388,3157,3231
37089,9,6492,3150,3342
37089,10,7361,3687,3674
37089,11,7505,3675,3830
37089,12,8292,3839,4453
37089,13,8830,4084,4746
37089,14,8919,4021,4898
37089,15,7973,3615,4358
37089,16,5903,2699,3204
37089,17,3591,1606,1985
37089,18,3688,1442,2246
37091,0,23659,11623,12036
37091,1,1084,558,526
37091,2,1220,591,629
37091,3,1340,691,649
37091,4,1894,1021,873
37091,5,1561,795,766
37091,6,1554,854,700
37091,7,1309,739,570
37091,8,1310,674,636
37091,9,1269,662,607
37091,10,1295,676,619
37091,11,1514,733,781
37091,12,1786,854,932
37091,13,1844,836,1008
37091,14,1504,715,789
37091,15,1162,502,660
37091,16,827,329,498
37091,17,603,219,384
37091,18,583,174,409
37093,0,54764,27067,27697
37093,1,4600,2382,2218
37093,2,4408,2232,2176
37093,3,3849,1983,1866
37093,4,3303,1717,1586
37093,5,3173,1600,1573
37093,6,4892,2458,2434
37093,7,4796,2441,2355
37093,8,4411,2201,2210
37093,9,3388,1657,1731
37093,10,3347,1672,1675
37093,11,3094,1478,1616
37093,12,3198,1521,1677
37093,13,2797,1272,1525
37093,14,2184,1013,1171
37093,15,1422,656,766
37093,16,898,409,489
37093,17,559,227,332
37093,18,445,148,297
37095,0,5230,2862,2368
37095,1,206,105,101
37095,2,242,128,114
37095,3,256,126,130
37095,4,251,120,131
37095,5,282,186,96
37095,6,329,217,112
37095,7,364,257,107
37095,8,349,230,119
37095,9,352,226,126
37095,10,361,200,161
37095,11,317,157,160
37095,12,378,191,187
37095,13,462,223,239
37095,14,377,193,184
37095,15,261,132,129
37095,16,189,90,99
37095,17,142,49,93
37095,18,112,32,80
37097,0,178435,87826,90609
37097,1,9937,5111,4826
37097,2,10922,5581,5341
37097,3,12448,6327,6121
37097,4,11799,6104,5695
37097,5,10235,5241,4994
37097,6,10878,5574,5304
37097,7,10217,5084,5133
37097,8,10995,5381,5614
37097,9,11518,5667,5851
37097,10,13436,6601,6835
37097,11,13359,6584,6775
37097,12,13198,6425,6773
37097,13,11190,5481,5709
37097,14,9374,4461,4913
37097,15,7816,3622,4194
37097,16,5190,2326,2864
37097,17,3296,1381,1915
37097,18,2627,875,1752
37099,0,43327,21253,22074
37099,1,1927,964,963
37099,2,1994,997,997
37099,3,2018,1041,977
37099,4,4094,2011,2083
37099,5,5078,2520,2558
37099,6,2663,1367,1296
37099,7,2326,1228,1098
37099,8,2266,1178,1088
37099,9,2074,972,1102
37099,10,2404,1235,1169
37099,11,2329,1157,1172
37099,12,2783,1309,1474
37099,13,2844,1354,1490
37099,14,2825,1309,1516
37099,15,2394,1154,1240
37099,16,1597,786,811
37099,17,911,376,535
37099,18,800,295,505
37101,0,202675,99289,103386
37101,1,12907,6627,6280
37101,2,14164,7135,7029
37101,3,15569,8030,7539
37101,4,13743,7066,6677
37101,5,11051,5642,5409
37101,6,12317,6134,6183
37101,7,12654,6178,6476
37101,8,13784,6741,7043
37101,9,14352,6957,7395
37101,10,16025,7868,8157
37101,11,14558,7242,7316
37101,12,13208,6519,6689
37101,13,11354,5382,5972
37101,14,9586,4367,5219
37101,15,7614,3473,4141
37101,16,4679,2063,2616
37101,17,2808,1131,1677
37101,18,2302,734,1568
37103,0,9637,4721,4916
37103,1,469,276,193
37103,2,470,233,237
37103,3,528,269,259
37103,4,509,251,258
37103,5,469,249,220
37103,6,559,299,260
37103,7,513,267,246
37103,8,535,276,259
37103,9,471,223,248
37103,10,584,289,295
37103,11,672,320,352
37103,12,806,380,426
37103,13,874,421,453
37103,14,702,324,378
37103,15,590,282,308
37103,16,374,168,206
37103,17,263,117,146
37103,18,249,77,172
37105,0,61452,30064,31388
37105,1,3940,2059,1881
37105,2,4079,2069,2010
37105,3,4302,2199,2103
37105,4,3871,2024,1847
37105,5,3651,1832,1819
37105,6,4099,2075,2024
37105,7,3697,1773,1924
37105,8,3784,1932,1852
37105,9,3580,1803,1777
37105,10,4097,1972,2125
37105,11,4124,2035,2089
37105,12,4197,2014,2183
37105,13,3913,1872,2041
37105,14,3306,1577,1729
37105,15,2612,1198,1414
37105,16,1754,760,994
37105,17,1150,435,715
37105,18,1296,435,861
37107,0,55976,26660,29316
37107,1,3209,1639,1570
37107,2,3408,1697,1711
37107,3,3758,1928,1830
37107,4,3452,1830,1622
37107,5,3257,1647,1610
37107,6,3301,1633,1668
37107,7,2970,1437,1533
37107,8,3030,1413,1617
37107,9,3049,1460,1589
37107,10,3364,1634,1730
37107,11,3627,1691,1936
37107,12,4252,2019,2233
37107,13,4211,1957,2254
37107,14,3439,1558,1881
37107,15,2948,1279,1669
37107,16,1979,841,1138
37107,17,1430,550,880
37107,18,1292,447,845
37109,0,83770,41594,42176
37109,1,4326,2242,2084
37109,2,4722,2380,2342
37109,3,5318,2758,2560
37109,4,4998,2625,2373
37109,5,4329,2254,2075
37109,6,4866,2494,2372
37109,7,4552,2274,2278
37109,8,4703,2340,2363
37109,9,5412,2651,2761
37109,10,6522,3241,3281
37109,11,6513,3358,3155
37109,12,6646,3246,3400
37109,13,6061,2972,3089
37109,14,4935,2368,2567
37109,15,4211,1998,2213
37109,16,2750,1297,1453
37109,17,1601,656,945
37109,18,1305,440,865
37111,0,45507,22711,22796
37111,1,2328,1168,1160
37111,2,2487,1381,1106
37111,3,2720,1473,1247
37111,4,2545,1306,1239
37111,5,2440,1251,1189
37111,6,2891,1521,1370
37111,7,2433,1239,1194
37111,8,2553,1353,1200
37111,9,2727,1391,1336
37111,10,3148,1602,1546
37111,11,3183,1609,1574
37111,12,3405,1661,1744
37111,13,3330,1565,1765
37111,14,3005,1447,1558
37111,15,2466,1170,1296
37111,16,1699,780,919
37111,17,1127,471,656
37111,18,1020,323,697
37113,0,35285,17116,18169
37113,1,1759,940,819
37113,2,1751,905,846
37113,3,1948,975,973
37113,4,1827,948,879
37113,5,1584,833,751
37113,6,1753,859,894
37113,7,1732,861,871
37113,8,1751,836,915
37113,9,1644,851,793
37113,10,1908,985,923
37113,11,2166,1036,1130
37113,12,2656,1241,1415
37113,13,2750,1319,1431
37113,14,3010,1368,1642
37113,15,2695,1259,1436
37113,16,1991,915,1076
37113,17,1268,570,698
37113,18,1092,415,677
37115,0,21763,10726,11037
37115,1,1030,511,519
37115,2,1017,542,475
37115,3,1098,568,530
37115,4,1503,796,707
37115,5,1415,760,655
37115,6,1230,608,622
37115,7,1173,586,587
37115,8,1208,571,637
37115,9,1261,653,608
37115,10,1348,679,669
37115,11,1443,730,713
37115,12,1528,735,793
37115,13,1649,776,873
37115,14,1630,797,833
37115,15,1295,613,682
37115,16,837,378,459
37115,17,559,250,309
37115,18,539,173,366
37117,0,22671,10657,12014
37117,1,1215,600,615
37117,2,1236,615,621
37117,3,1316,667,649
37117,4,1290,626,664
37117,5,1146,573,573
37117,6,1308,639,669
37117,7,1133,543,590
37117,8,1064,495,569
37117,9,1124,513,611
37117,10,1432,666,766
37117,11,1540,743,797
37117,12,1666,805,861
37117,13,1955,914,1041
37117,14,1669,766,903
37117,15,1408,637,771
37117,16,943,403,540
37117,17,680,269,411
37117,18,546,183,363
37119,0,1093901,526014,567887
37119,1,72712,37292,35420
37119,2,70568,35696,34872
37119,3,72324,36455,35869
37119,4,69725,34559,35166
37119,5,71289,34882,36407
37119,6,96626,47427,49199
37119,7,89871,44242,45629
37119,8,84116,40756,43360
37119,9,75889,35940,39949
37119,10,77794,37332,40462
37119,11,69764,33411,36353
37119,12,65420,31059,34361
37119,13,55254,25645,29609
37119,14,43324,19123,24201
37119,15,32093,14132,17961
37119,16,20065,8535,11530
37119,17,12933,4915,8018
37119,18,14134,4613,9521
37121,0,15000,7393,7607
37121,1,712,359,353
37121,2,737,374,363
37121,3,793,405,388
37121,4,774,410,364
37121,5,706,393,313
37121,6,854,421,433
37121,7,778,395,383
37121,8,746,372,374
37121,9,834,423,411
37121,10,959,504,455
37121,11,1040,510,530
37121,12,1128,542,586
37121,13,1198,561,637
37121,14,1130,545,585
37121,15,986,490,496
37121,16,730,358,372
37121,17,488,216,272
37121,18,407,115,292
37123,0,27271,13316,13955
37123,1,1448,715,733
37123,2,1594,789,805
37123,3,1773,898,875
37123,4,1812,945,867
37123,5,1574,809,765
37123,6,1615,839,776
37123,7,1358,628,730
37123,8,1424,681,743
37123,9,1585,789,796
37123,10,1722,811,911
37123,11,1798,897,901
37123,12,1957,962,995
37123,13,2014,981,1033
37123,14,1838,899,939
37123,15,1522,739,783
37123,16,1017,457,560
37123,17,626,283,343
37123,18,594,194,400
37125,0,98682,47539,51143
37125,1,5763,2986,2777
37125,2,5820,2912,2908
37125,3,5974,3029,2945
37125,4,5325,2721,2604
37125,5,4325,2154,2171
37125,6,5464,2747,2717
37125,7,6022,2971,3051
37125,8,6100,3055,3045
37125,9,5475,2664,2811
37125,10,5644,2766,2878
37125,11,5866,2838,3028
37125,12,6555,3078,3477
37125,13,6721,3092,3629
37125,14,6417,2861,3556
37125,15,6083,2799,3284
37125,16,4552,2117,2435
37125,17,3163,1428,1735
37125,18,3413,1321,2092
37127,0,94016,45066,48950
37127,1,5188,2629,2559
37127,2,5594,2823,2771
37127,3,6028,3052,2976
37127,4,6193,3267,2926
37127,5,5796,2885,2911
37127,6,5983,2981,3002
37127,7,5140,2508,2632
37127,8,5236,2529,2707
37127,9,5450,2532,2918
37127,10,6123,2960,3163
37127,11,6453,3106,3347
37127,12,6908,3311,3597
37127,13,6498,3023,3475
37127,14,5898,2672,3226
37127,15,4686,2174,2512
37127,16,3066,1314,1752
37127,17,1945,727,1218
37127,18,1831,573,1258
37129,0,232274,110744,121530
37129,1,11442,5909,5533
37129,2,11730,5963,5767
37129,3,12380,6316,6064
37129,4,15380,7251,8129
37129,5,21660,10384,11276
37129,6,16459,8207,8252
37129,7,14557,7107,7450
37129,8,14747,7234,7513
37129,9,13855,6801,7054
37129,10,14930,7381,7549
37129,11,13964,6721,7243
37129,12,15073,6891,8182
37129,13,14886,6648,8238
37129,14,13764,6089,7675
37129,15,11234,5128,6106
37129,16,7079,3185,3894
37129,17,4475,1928,2547
37129,18,4659,1601,3058
37131,0,19676,9597,10079
37131,1,905,490,415
37131,2,883,458,425
37131,3,1059,573,486
37131,4,921,470,451
37131,5,1016,536,480
37131,6,1188,642,546
37131,7,883,497,386
37131,8,951,458,493
37131,9,937,496,441
37131,10,1125,575,550
37131,11,1283,615,668
37131,12,1630,714,916
37131,13,1805,891,914
37131,14,1544,729,815
37131,15,1355,595,760
37131,16,934,435,499
37131,17,597,227,370
37131,18,660,196,464
37133,0,197683,109144,88539
37133,1,17315,8811,8504
37133,2,13752,7006,6746
37133,3,11369,5730,5639
37133,4,14583,9545,5038
37133,5,33687,24471,9216
37133,6,20740,11952,8788
37133,7,15906,8398,7508
37133,8,11710,5881,5829
37133,9,8824,4434,4390
37133,10,7978,3795,4183
37133,11,7670,3602,4068
37133,12,8277,3775,4502
37133,13,7606,3596,4010
37133,14,6013,2842,3171
37133,15,4770,2205,2565
37133,16,3372,1474,1898
37133,17,2211,915,1296
37133,18,1900,712,1188
37135,0,146027,69739,76288
37135,1,6624,3363,3261
37135,2,7782,4039,3743
37135,3,8891,4620,4271
37135,4,13084,6163,6921
37135,5,17545,7942,9603
37135,6,10262,5009,5253
37135,7,8182,4004,4178
37135,8,8375,4031,4344
37135,9,8615,4178,4437
37135,10,9443,4584,4859
37135,11,9143,4437,4706
37135,12,9068,4272,4796
37135,13,8574,4036,4538
37135,14,7558,3546,4012
37135,15,5422,2500,2922
37135,16,3402,1518,1884
37135,17,2018,799,1219
37135,18,2039,698,1341
37137,0,12670,6412,6258
37137,1,449,221,228
37137,2,478,245,233
37137,3,610,316,294
37137,4,553,290,263
37137,5,566,316,250
37137,6,655,360,295
37137,7,669,394,275
37137,8,614,340,274
37137,9,565,308,257
37137,10,696,369,327
37137,11,750,392,358
37137,12,1102,509,593
37137,13,1184,577,607
37137,14,1213,556,657
37137,15,999,488,511
37137,16,734,383,351
37137,17,417,176,241
37137,18,416,172,244
37139,0,39639,19393,20246
37139,1,2466,1213,1253
37139,2,2355,1199,1156
37139,3,2508,1332,1176
37139,4,2562,1319,1243
37139,5,2585,1318,1267
37139,6,2752,1467,1285
37139,7,2754,1420,1334
37139,8,2512,1250,1262
37139,9,2184,1097,1087
37139,10,2348,1168,1180
37139,11,2453,1157,1296
37139,12,2785,1360,1425
37139,13,2685,1213,1472
37139,14,2139,964,1175
37139,15,1849,836,1013
37139,16,1195,499,696
37139,17,726,301,425
37139,18,781,280,501
37141,0,62162,31012,31150
37141,1,3540,1791,1749
37141,2,3752,1926,1826
37141,3,4034,2073,1961
37141,4,3723,1929,1794
37141,5,2979,1574,1405
37141,6,3340,1706,1634
37141,7,3550,1806,1744
37141,8,4029,2017,2012
37141,9,3899,2023,1876
37141,10,4436,2210,2226
37141,11,4369,2208,2161
37141,12,4809,2418,2391
37141,13,4512,2156,2356
37141,14,3840,1824,2016
37141,15,3113,1506,1607
37141,16,2019,944,1075
37141,17,1184,523,661
37141,18,1034,378,656
37143,0,13422,6452,6970
37143,1,605,307,298
37143,2,678,337,341
37143,3,754,366,388
37143,4,669,350,319
37143,5,587,308,279
37143,6,648,300,348
37143,7,690,350,340
37143,8,689,333,356
37143,9,618,304,314
37143,10,771,374,397
37143,11,873,409,464
37143,12,1080,516,564
37143,13,1157,562,595
37143,14,1029,461,568
37143,15,1019,485,534
37143,16,714,314,400
37143,17,473,230,243
37143,18,368,146,222
37145,0,39507,19115,20392
37145,1,2128,1065,1063
37145,2,2222,1123,1099
37145,3,2364,1218,1146
37145,4,2377,1265,1112
37145,5,2127,1069,1058
37145,6,2372,1206,1166
37145,7,2076,1006,1070
37145,8,2115,1057,1058
37145,9,2257,1102,1155
37145,10,2756,1302,1454
37145,11,2760,1358,1402
37145,12,3113,1517,1596
37145,13,3115,1475,1640
37145,14,2544,1171,1373
37145,15,2043,953,1090
37145,16,1394,608,786
37145,17,919,369,550
37145,18,825,251,574
37147,0,179914,84481,95433
37147,1,10303,5259,5044
37147,2,10582,5443,5139
37147,3,11099,5721,5378
37147,4,14991,7126,7865
37147,5,22806,10549,12257
37147,6,14207,6821,7386
37147,7,10967,5174,5793
37147,8,10852,5041,5811
37147,9,10119,4717,5402
37147,10,10230,4756,5474
37147,11,9753,4571,5182
37147,12,10258,4694,5564
37147,13,9958,4421,5537
37147,14,8313,3826,4487
37147,15,6167,2817,3350
37147,16,3973,1752,2221
37147,17,2700,1036,1664
37147,18,2636,757,1879
37149,0,20611,9889,10722
37149,1,761,400,361
37149,2,856,413,443
37149,3,1038,527,511
37149,4,1037,560,477
37149,5,914,478,436
37149,6,891,440,451
37149,7,793,402,391
37149,8,874,461,413
37149,9,951,476,475
37149,10,1233,577,656
37149,11,1373,686,687
37149,12,1709,839,870
37149,13,1773,773,1000
37149,14,1812,816,996
37149,15,1561,741,820
37149,16,1270,591,679
37149,17,831,374,457
37149,18,934,335,599
37151,0,143351,70703,72648
37151,1,8084,4053,4031
37151,2,8666,4490,4176
37151,3,9477,4835,4642
37151,4,9302,4841,4461
37151,5,8163,4224,3939
37151,6,8897,4539,4358
37151,7,7984,3970,4014
37151,8,8031,3880,4151
37151,9,8474,4126,4348
37151,10,10252,5156,5096
37151,11,10435,5251,5184
37151,12,10571,5239,5332
37151,13,9575,4717,4858
37151,14,8166,3888,4278
37151,15,6972,3216,3756
37151,16,4658,2118,2540
37151,17,2976,1249,1727
37151,18,2668,911,1757
37153,0,44887,21990,22897
37153,1,2687,1383,1304
37153,2,2870,1482,1388
37153,3,2941,1530,1411
37153,4,2806,1474,1332
37153,5,2898,1579,1319
37153,6,3188,1613,1575
37153,7,2363,1143,1220
37153,8,2519,1222,1297
37153,9,2641,1268,1373
37153,10,2962,1449,1513
37153,11,2905,1443,1462
37153,12,3139,1503,1636
37153,13,2912,1413,1499
37153,14,2640,1208,1432
37153,15,2152,991,1161
37153,16,1486,619,867
37153,17,965,386,579
37153,18,813,284,529
37155,0,131831,63581,68250
37155,1,8725,4444,4281
37155,2,9205,4577,4628
37155,3,9357,4815,4542
37155,4,9919,5014,4905
37155,5,8939,4565,4374
37155,6,9066,4476,4590
37155,7,7629,3704,3925
37155,8,7649,3602,4047
37155,9,7969,3831,4138
37155,10,8309,4053,4256
37155,11,8018,3860,4158
37155,12,8696,4121,4575
37155,13,8285,3798,4487
37155,14,6872,3141,3731
37155,15,5538,2604,2934
37155,16,3511,1515,1996
37155,17,2213,849,1364
37155,18,1931,612,1319
37157,0,90690,43698,46992
37157,1,4660,2360,2300
37157,2,4973,2511,2462
37157,3,5365,2748,2617
37157,4,5293,2730,2563
37157,5,4793,2396,2397
37157,6,5403,2702,2701
37157,7,4691,2279,2412
37157,8,4731,2274,2457
37157,9,5100,2451,2649
37157,10,6193,3048,3145
37157,11,6697,3199,3498
37157,12,7230,3556,3674
37157,13,7009,3315,3694
37157,14,5923,2809,3114
37157,15,4816,2225,2591
37157,16,3439,1542,1897
37157,17,2265,867,1398
37157,18,2109,686,1423
37159,0,141262,69730,71532
37159,1,8134,4178,3956
37159,2,8226,4236,3990
37159,3,9311,4807,4504
37159,4,9132,4793,4339
37159,5,8650,4360,4290
37159,6,9407,4859,4548
37159,7,8192,4008,4184
37159,8,8284,4147,4137
37159,9,8156,4084,4072
37159,10,9541,4739,4802
37159,11,9655,4790,4865
37159,12,10372,5080,5292
37159,13,9372,4618,4754
37159,14,8012,3846,4166
37159,15,6492,3012,3480
37159,16,4606,2112,2494
37159,17,2844,1107,1737
37159,18,2876,954,1922
37161,0,66826,32232,34594
37161,1,3412,1762,1650
37161,2,3665,1871,1794
37161,3,4137,2088,2049
37161,4,3958,2010,1948
37161,5,3496,1779,1717
37161,6,3829,1868,1961
37161,7,3314,1594,1720
37161,8,3454,1695,1759
37161,9,3785,1838,1947
37161,10,4554,2219,2335
37161,11,4769,2321,2448
37161,12,5034,2462,2572
37161,13,4998,2343,2655
37161,14,4582,2186,2396
37161,15,3892,1827,2065
37161,16,2737,1210,1527
37161,17,1658,669,989
37161,18,1552,490,1062
37163,0,63626,31415,32211
37163,1,4103,2096,2007
37163,2,4114,2103,2011
37163,3,4480,2328,2152
37163,4,4424,2343,2081
37163,5,3811,1977,1834
37163,6,3830,1941,1889
37163,7,3283,1685,1598
37163,8,3709,1831,1878
37163,9,3852,1948,1904
37163,10,4075,2078,1997
37163,11,4277,2151,2126
37163,12,4189,2113,2076
37163,13,4143,1972,2171
37163,14,3675,1695,1980
37163,15,2908,1326,1582
37163,16,2035,859,1176
37163,17,1408,541,867
37163,18,1310,428,882
37165,0,34810,17282,17528
37165,1,2210,1133,1077
37165,2,2171,1112,1059
37165,3,2271,1180,1091
37165,4,2158,1163,995
37165,5,2417,1207,1210
37165,6,2441,1335,1106
37165,7,1894,1031,863
37165,8,2010,1061,949
37165,9,1929,980,949
37165,10,2263,1193,1070
37165,11,2082,1013,1069
37165,12,2320,1117,1203
37165,13,2275,1061,1214
37165,14,2109,940,1169
37165,15,1707,807,900
37165,16,1107,477,630
37165,17,708,253,455
37165,18,738,219,519
37167,0,62075,30979,31096
37167,1,3606,1877,1729
37167,2,3520,1823,1697
37167,3,3906,1952,1954
37167,4,3798,1994,1804
37167,5,3700,1926,1774
37167,6,4142,2207,1935
37167,7,3681,1909,1772
37167,8,3531,1761,1770
37167,9,3402,1773,1629
37167,10,4162,2114,2048
37167,11,4397,2219,2178
37167,12,4336,2144,2192
37167,13,4161,2038,2123
37167,14,3679,1780,1899
37167,15,3187,1459,1728
37167,16,2255,1010,1245
37167,17,1374,601,773
37167,18,1238,392,846
37169,0,45467,22364,23103
37169,1,2041,1084,957
37169,2,2279,1198,1081
37169,3,2528,1274,1254
37169,4,2572,1344,1228
37169,5,2433,1243,1190
37169,6,2514,1249,1265
37169,7,2231,1135,1096
37169,8,2326,1177,1149
37169,9,2563,1266,1297
37169,10,3348,1641,1707
37169,11,3542,1773,1769
37169,12,3770,1864,1906
37169,13,3652,1760,1892
37169,14,2945,1449,1496
37169,15,2596,1216,1380
37169,16,1831,807,1024
37169,17,1206,506,700
37169,18,1090,378,712
37171,0,71948,35001,36947
37171,1,3801,1943,1858
37171,2,4060,2032,2028
37171,3,4562,2342,2220
37171,4,4371,2225,2146
37171,5,4041,2090,1951
37171,6,4293,2254,2039
37171,7,3450,1674,1776
37171,8,3841,1877,1964
37171,9,4264,2073,2191
37171,10,5056,2517,2539
37171,11,5213,2548,2665
37171,12,5320,2627,2693
37171,13,4932,2348,2584
37171,14,4526,2200,2326
37171,15,3894,1767,2127
37171,16,2741,1196,1545
37171,17,1805,703,1102
37171,18,1778,585,1193
37173,0,14245,6864,7381
37173,1,962,501,461
37173,2,841,425,416
37173,3,849,438,411
37173,4,799,395,404
37173,5,883,438,445
37173,6,978,490,488
37173,7,813,379,434
37173,8,826,411,415
37173,9,816,394,422
37173,10,898,424,474
37173,11,897,442,455
37173,12,981,475,506
37173,13,973,444,529
37173,14,844,373,471
37173,15,757,358,399
37173,16,529,247,282
37173,17,314,123,191
37173,18,285,107,178
37175,0,34215,16539,17676
37175,1,1406,735,671
37175,2,1425,743,682
37175,3,1556,748,808
37175,4,1744,951,793
37175,5,1790,993,797
37175,6,1651,847,804
37175,7,1610,769,841
37175,8,1621,774,847
37175,9,1741,874,867
37175,10,1832,895,937
37175,11,1977,915,1062
37175,12,2521,1171,1350
37175,13,2896,1345,1551
37175,14,2881,1350,1531
37175,15,2740,1276,1464
37175,16,2137,957,1180
37175,17,1356,675,681
37175,18,1331,521,810
37177,0,4131,2291,1840
37177,1,223,115,108
37177,2,211,95,116
37177,3,216,118,98
37177,4,201,107,94
37177,5,230,158,72
37177,6,323,223,100
37177,7,293,204,89
37177,8,288,188,100
37177,9,255,168,87
37177,10,248,136,112
37177,11,263,142,121
37177,12,284,133,151
37177,13,297,148,149
37177,14,210,108,102
37177,15,208,98,110
37177,16,152,68,84
37177,17,124,50,74
37177,18,105,32,73
37179,0,235908,115992,119916
37179,1,13353,6747,6606
37179,2,16814,8598,8216
37179,3,20275,10254,10021
37179,4,20197,10396,9801
37179,5,13974,7094,6880
37179,6,11247,5598,5649
37179,7,11688,5704,5984
37179,8,14968,6964,8004
37179,9,16932,8154,8778
37179,10,20271,10087,10184
37179,11,18147,9149,8998
37179,12,15754,8007,7747
37179,13,12360,6015,6345
37179,14,10198,4686,5512
37179,15,8312,3843,4469
37179,16,5558,2497,3061
37179,17,3164,1342,1822
37179,18,2696,857,1839
37181,0,44582,20839,23743
37181,1,2752,1440,1312
37181,2,2927,1454,1473
37181,3,2973,1528,1445
37181,4,2983,1469,1514
37181,5,2729,1390,1339
37181,6,3039,1446,1593
37181,7,2302,1035,1267
37181,8,2425,1085,1340
37181,9,2315,1081,1234
37181,10,2849,1345,1504
37181,11,2907,1343,1564
37181,12,3003,1356,1647
37181,13,3134,1422,1712
37181,14,2730,1218,1512
37181,15,2153,972,1181
37181,16,1461,628,833
37181,17,950,380,570
37181,18,950,247,703
37183,0,1092305,531546,560759
37183,1,67753,34589,33164
37183,2,71913,36582,35331
37183,3,76649,38862,37787
37183,4,75694,38228,37466
37183,5,69041,34414,34627
37183,6,80478,39964,40514
37183,7,80634,39157,41477
37183,8,82253,39691,42562
37183,9,80757,39396,41361
37183,10,82030,40214,41816
37183,11,73857,36242,37615
37183,12,68143,32904,35239
37183,13,56217,26432,29785
37183,14,44539,20045,24494
37183,15,34405,15461,18944
37183,16,21063,9326,11737
37183,17,13293,5429,7864
37183,18,13586,4610,8976
37185,0,19807,9775,10032
37185,1,946,455,491
37185,2,941,461,480
37185,3,1108,555,553
37185,4,1005,508,497
37185,5,1010,539,471
37185,6,1133,632,501
37185,7,1009,548,461
37185,8,1040,573,467
37185,9,966,493,473
37185,10,1066,541,525
37185,11,1255,644,611
37185,12,1568,755,813
37185,13,1728,833,895
37185,14,1591,749,842
37185,15,1333,599,734
37185,16,900,451,449
37185,17,575,231,344
37185,18,633,208,425
37187,0,11859,5630,6229
37187,1,614,298,316
37187,2,672,356,316
37187,3,690,342,348
37187,4,635,326,309
37187,5,683,378,305
37187,6,718,367,351
37187,7,497,220,277
37187,8,528,273,255
37187,9,550,251,299
37187,10,656,264,392
37187,11,790,354,436
37187,12,875,413,462
37187,13,1062,513,549
37187,14,943,451,492
37187,15,726,335,391
37187,16,491,217,274
37187,17,377,166,211
37187,18,352,106,246
37189,0,55945,27936,28009
37189,1,1852,948,904
37189,2,1951,998,953
37189,3,2147,1098,1049
37189,4,5965,2782,3183
37189,5,11138,5800,5338
37189,6,3659,1947,1712
37189,7,2634,1444,1190
37189,8,2661,1372,1289
37189,9,2618,1324,1294
37189,10,2844,1440,1404
37189,11,2874,1451,1423
37189,12,3309,1550,1759
37189,13,3440,1646,1794
37189,14,3109,1488,1621
37189,15,2331,1139,1192
37189,16,1584,768,816
37189,17,931,429,502
37189,18,898,312,586
37191,0,123248,59930,63318
37191,1,8174,4131,4043
37191,2,8041,4069,3972
37191,3,8132,4155,3977
37191,4,7968,4158,3810
37191,5,8915,4791,4124
37191,6,9006,4726,4280
37191,7,7693,3745,3948
37191,8,7062,3510,3552
37191,9,6796,3216,3580
37191,10,7326,3400,3926
37191,11,7715,3798,3917
37191,12,8269,3933,4336
37191,13,7885,3685,4200
37191,14,6708,3057,3651
37191,15,5189,2319,2870
37191,16,3615,1502,2113
37191,17,2543,1007,1536
37191,18,2211,728,1483
37193,0,68557,33729,34828
37193,1,3461,1735,1726
37193,2,3641,1830,1811
37193,3,4179,2095,2084
37193,4,4221,2244,1977
37193,5,3668,1896,1772
37193,6,3900,1985,1915
37193,7,3513,1768,1745
37193,8,3606,1836,1770
37193,9,3966,1968,1998
37193,10,4621,2336,2285
37193,11,4804,2444,2360
37193,12,5140,2515,2625
37193,13,5060,2492,2568
37193,14,4531,2151,2380
37193,15,3959,1824,2135
37193,16,2747,1248,1499
37193,17,1879,783,1096
37193,18,1661,579,1082
37195,0,81455,38539,42916
37195,1,4794,2436,2358
37195,2,5149,2679,2470
37195,3,5418,2790,2628
37195,4,5385,2644,2741
37195,5,4866,2421,2445
37195,6,5186,2502,2684
37195,7,4611,2184,2427
37195,8,4665,2254,2411
37195,9,4635,2072,2563
37195,10,5201,2470,2731
37195,11,5310,2503,2807
37195,12,5773,2734,3039
37195,13,5581,2562,3019
37195,14,4849,2225,2624
37195,15,3887,1707,2180
37195,16,2635,1142,1493
37195,17,1797,684,1113
37195,18,1713,530,1183
37197,0,37543,18479,19064
37197,1,1952,986,966
37197,2,2159,1120,1039
37197,3,2257,1203,1054
37197,4,2241,1161,1080
37197,5,2102,1121,981
37197,6,2170,1097,1073
37197,7,1910,922,988
37197,8,1983,984,999
37197,9,2084,1031,1053
37197,10,2713,1375,1338
37197,11,2897,1409,1488
37197,12,2932,1464,1468
37197,13,2577,1262,1315
37197,14,2302,1077,1225
37197,15,1953,920,1033
37197,16,1497,677,820
37197,17,933,373,560
37197,18,881,297,584
37199,0,17903,8800,9103
37199,1,822,423,399
37199,2,823,429,394
37199,3,1007,551,456
37199,4,958,516,442
37199,5,858,415,443
37199,6,1018,542,476
37199,7,880,474,406
37199,8,912,442,470
37199,9,971,472,499
37199,10,1158,579,579
37199,11,1226,622,604
37199,12,1316,608,708
37199,13,1347,639,708
37199,14,1429,687,742
37199,15,1196,542,654
37199,16,866,423,443
37199,17,635,264,371
37199,18,481,172,309
38001,0,2294,1135,1159
38001,1,117,57,60
38001,2,128,65,63
38001,3,117,63,54
38001,4,117,60,57
38001,5,82,44,38
38001,6,98,53,45
38001,7,149,72,77
38001,8,120,74,46
38001,9,110,48,62
38001,10,106,50,56
38001,11,130,65,65
38001,12,185,92,93
38001,13,196,92,104
38001,14,173,87,86
38001,15,139,73,66
38001,16,103,50,53
38001,17,101,49,52
38001,18,123,41,82
38003,0,10542,5315,5227
38003,1,555,288,267
38003,2,554,283,271
38003,3,615,327,288
38003,4,720,366,354
38003,5,694,368,326
38003,6,570,326,244
38003,7,531,282,249
38003,8,600,311,289
38003,9,519,272,247
38003,10,573,284,289
38003,11,624,320,304
38003,12,812,407,405
38003,13,774,392,382
38003,14,726,366,360
38003,15,538,274,264
38003,16,435,192,243
38003,17,293,126,167
38003,18,409,131,278
38005,0,6962,3555,3407
38005,1,766,390,376
38005,2,663,365,298
38005,3,689,331,358
38005,4,519,284,235
38005,5,381,183,198
38005,6,421,222,199
38005,7,394,209,185
38005,8,367,192,175
38005,9,282,132,150
38005,10,296,146,150
38005,11,374,195,179
38005,12,417,205,212
38005,13,425,213,212
38005,14,362,182,180
38005,15,223,104,119
38005,16,164,87,77
38005,17,120,62,58
38005,18,99,53,46
38007,0,919,501,418
38007,1,69,39,30
38007,2,45,26,19
38007,3,46,18,28
38007,4,37,15,22
38007,5,35,22,13
38007,6,51,25,26
38007,7,71,48,23
38007,8,69,38,31
38007,9,47,29,18
38007,10,46,25,21
38007,11,63,29,34
38007,12,66,37,29
38007,13,68,33,35
38007,14,65,37,28
38007,15,48,31,17
38007,16,28,16,12
38007,17,32,16,16
38007,18,33,17,16
38009,0,6411,3313,3098
38009,1,348,165,183
38009,2,385,217,168
38009,3,400,193,207
38009,4,402,220,182
38009,5,348,194,154
38009,6,343,200,143
38009,7,311,165,146
38009,8,349,188,161
38009,9,297,151,146
38009,10,308,164,144
38009,11,369,183,186
38009,12,499,255,244
38009,13,523,286,237
38009,14,516,271,245
38009,15,376,184,192
38009,16,258,121,137
38009,17,170,68,102
38009,18,209,88,121
38011,0,3076,1548,1528
38011,1,192,97,95
38011,2,227,114,113
38011,3,215,111,104
38011,4,171,97,74
38011,5,155,71,84
38011,6,156,75,81
38011,7,167,98,69
38011,8,191,96,95
38011,9,158,87,71
38011,10,154,85,69
38011,11,140,71,69
38011,12,215,102,113
38011,13,276,132,144
38011,14,190,100,90
38011,15,142,68,74
38011,16,117,57,60
38011,17,93,44,49
38011,18,117,43,74
38013,0,2100,1095,1005
38013,1,175,79,96
38013,2,135,70,65
38013,3,134,71,63
38013,4,122,68,54
38013,5,88,53,35
38013,6,129,71,58
38013,7,107,57,50
38013,8,131,67,64
38013,9,102,56,46
38013,10,99,48,51
38013,11,109,64,45
38013,12,163,95,68
38013,13,170,88,82
38013,14,153,83,70
38013,15,114,56,58
38013,16,69,34,35
38013,17,42,18,24
38013,18,58,17,41
38015,0,95273,47746,47527
38015,1,6551,3292,3259
38015,2,6163,3181,2982
38015,3,6069,3094,2975
38015,4,5911,3028,2883
38015,5,5989,3040,2949
38015,6,6923,3716,3207
38015,7,6921,3698,3223
38015,8,6778,3595,3183
38015,9,5576,2904,2672
38015,10,5347,2746,2601
38015,11,5360,2767,2593
38015,12,6407,3047,3360
38015,13,5963,2875,3088
38015,14,4980,2386,2594
38015,15,3561,1692,1869
38015,16,2461,1127,1334
38015,17,1859,728,1131
38015,18,2454,830,1624
38017,0,181516,91810,89706
38017,1,12904,6631,6273
38017,2,11545,5926,5619
38017,3,10665,5413,5252
38017,4,11523,5940,5583
38017,5,19984,10015,9969
38017,6,17379,9166,8213
38017,7,14395,7621,6774
38017,8,13286,6962,6324
38017,9,10433,5528,4905
38017,10,9533,4948,4585
38017,11,9238,4757,4481
38017,12,9676,4707,4969
38017,13,9161,4425,4736
38017,14,7537,3700,3837
38017,15,5114,2480,2634
38017,16,3240,1453,1787
38017,17,2551,1028,1523
38017,18,3352,1110,2242
38019,0,3829,1958,1871
38019,1,270,134,136
38019,2,228,124,104
38019,3,222,117,105
38019,4,197,108,89
38019,5,197,105,92
38019,6,173,88,85
38019,7,189,109,80
38019,8,163,76,87
38019,9,165,86,79
38019,10,183,97,86
38019,11,224,110,114
38019,12,296,156,140
38019,13,290,166,124
38019,14,285,146,139
38019,15,232,121,111
38019,16,179,83,96
38019,17,156,66,90
38019,18,180,66,114
38021,0,4903,2435,2468
38021,1,323,153,170
38021,2,307,173,134
38021,3,363,185,178
38021,4,360,186,174
38021,5,318,152,166
38021,6,240,121,119
38021,7,242,126,116
38021,8,268,143,125
38021,9,244,127,117
38021,10,254,122,132
38021,11,277,141,136
38021,12,336,174,162
38021,13,369,184,185
38021,14,258,135,123
38021,15,229,116,113
38021,16,195,86,109
38021,17,132,50,82
38021,18,188,61,127
38023,0,2283,1194,1089
38023,1,143,90,53
38023,2,136,85,51
38023,3,162,75,87
38023,4,101,49,52
38023,5,80,45,35
38023,6,107,58,49
38023,7,123,75,48
38023,8,124,62,62
38023,9,97,51,46
38023,10,89,50,39
38023,11,159,67,92
38023,12,202,98,104
38023,13,183,99,84
38023,14,157,93,64
38023,15,149,82,67
38023,16,87,41,46
38023,17,78,41,37
38023,18,106,33,73
38025,0,4332,2306,2026
38025,1,326,169,157
38025,2,296,134,162
38025,3,267,152,115
38025,4,222,109,113
38025,5,219,118,101
38025,6,327,183,144
38025,7,304,175,129
38025,8,264,153,111
38025,9,223,123,100
38025,10,209,119,90
38025,11,266,138,128
38025,12,366,199,167
38025,13,353,189,164
38025,14,249,136,113
38025,15,126,59,67
38025,16,110,53,57
38025,17,118,62,56
38025,18,87,35,52
38027,0,2313,1148,1165
38027,1,163,86,77
38027,2,132,73,59
38027,3,154,85,69
38027,4,145,66,79
38027,5,97,51,46
38027,6,114,59,55
38027,7,123,65,58
38027,8,109,54,55
38027,9,122,61,61
38027,10,98,50,48
38027,11,143,67,76
38027,12,183,98,85
38027,13,198,103,95
38027,14,168,86,82
38027,15,104,52,52
38027,16,82,37,45
38027,17,74,30,44
38027,18,104,25,79
38029,0,3295,1672,1623
38029,1,171,81,90
38029,2,166,88,78
38029,3,191,93,98
38029,4,180,94,86
38029,5,193,111,82
38029,6,144,77,67
38029,7,120,62,58
38029,8,139,63,76
38029,9,144,76,68
38029,10,164,83,81
38029,11,211,100,111
38029,12,273,157,116
38029,13,280,148,132
38029,14,245,132,113
38029,15,201,94,107
38029,16,156,71,85
38029,17,149,73,76
38029,18,168,69,99
38031,0,3216,1594,1622
38031,1,205,88,117
38031,2,166,81,85
38031,3,205,101,104
38031,4,168,72,96
38031,5,176,91,85
38031,6,172,94,78
38031,7,171,106,65
38031,8,154,80,74
38031,9,175,96,79
38031,10,184,95,89
38031,11,182,82,100
38031,12,271,143,128
38031,13,263,141,122
38031,14,181,89,92
38031,15,177,85,92
38031,16,106,47,59
38031,17,106,49,57
38031,18,154,54,100
38033,0,1769,880,889
38033,1,107,56,51
38033,2,87,41,46
38033,3,105,55,50
38033,4,121,64,57
38033,5,75,48,27
38033,6,81,46,35
38033,7,79,40,39
38033,8,115,51,64
38033,9,109,60,49
38033,10,81,38,43
38033,11,100,51,49
38033,12,123,58,65
38033,13,154,84,70
38033,14,152,83,69
38033,15,77,30,47
38033,16,62,26,36
38033,17,55,21,34
38033,18,86,28,58
38035,0,70770,36545,34225
38035,1,4914,2496,2418
38035,2,4255,2115,2140
38035,3,3797,1990,1807
38035,4,5105,2673,2432
38035,5,10981,5886,5095
38035,6,6675,3770,2905
38035,7,4888,2731,2157
38035,8,4167,2234,1933
38035,9,3179,1705,1474
38035,10,3136,1589,1547
38035,11,3071,1516,1555
38035,12,3952,1964,1988
38035,13,3673,1834,1839
38035,14,3011,1523,1488
38035,15,2169,1006,1163
38035,16,1492,687,805
38035,17,1010,409,601
38035,18,1295,417,878
38037,0,2374,1185,1189
38037,1,148,65,83
38037,2,158,75,83
38037,3,121,50,71
38037,4,96,50,46
38037,5,94,46,48
38037,6,103,52,51
38037,7,113,57,56
38037,8,106,55,51
38037,9,105,62,43
38037,10,119,60,59
38037,11,129,69,60
38037,12,192,100,92
38037,13,180,91,89
38037,14,210,118,92
38037,15,170,81,89
38037,16,132,69,63
38037,17,91,36,55
38037,18,107,49,58
38039,0,2232,1149,1083
38039,1,115,55,60
38039,2,141,69,72
38039,3,124,62,62
38039,4,114,69,45
38039,5,100,58,42
38039,6,82,42,40
38039,7,92,41,51
38039,8,115,64,51
38039,9,94,48,46
38039,10,111,62,49
38039,11,115,61,54
38039,12,167,85,82
38039,13,188,96,92
38039,14,194,112,82
38039,15,173,102,71
38039,16,112,56,56
38039,17,77,34,43
38039,18,118,33,85
38041,0,2514,1218,1296
38041,1,179,87,92
38041,2,171,84,87
38041,3,179,87,92
38041,4,131,67,64
38041,5,104,44,60
38041,6,164,71,93
38041,7,142,66,76
38041,8,131,63,68
38041,9,123,49,74
38041,10,124,69,55
38041,11,139,69,70
38041,12,182,90,92
38041,13,181,96,85
38041,14,145,81,64
38041,15,121,56,65
38041,16,93,48,45
38041,17,102,47,55
38041,18,103,44,59
38043,0,2450,1268,1182
38043,1,149,71,78
38043,2,144,76,68
38043,3,139,69,70
38043,4,128,71,57
38043,5,95,50,45
38043,6,108,63,45
38043,7,143,82,61
38043,8,140,72,68
38043,9,111,59,52
38043,10,131,64,67
38043,11,139,71,68
38043,12,183,95,88
38043,13,240,127,113
38043,14,179,95,84
38043,15,133,76,57
38043,16,113,56,57
38043,17,92,43,49
38043,18,83,28,55
38045,0,4062,2096,1966
38045,1,228,119,109
38045,2,228,131,97
38045,3,252,135,117
38045,4,231,126,105
38045,5,179,99,80
38045,6,188,92,96
38045,7,176,83,93
38045,8,186,97,89
38045,9,184,99,85
38045,10,205,108,97
38045,11,213,110,103
38045,12,341,188,153
38045,13,353,176,177
38045,14,293,164,129
38045,15,237,125,112
38045,16,182,85,97
38045,17,164,72,92
38045,18,222,87,135
38047,0,1903,983,920
38047,1,127,80,47
38047,2,116,63,53
38047,3,124,62,62
38047,4,107,48,59
38047,5,101,54,47
38047,6,81,46,35
38047,7,82,41,41
38047,8,79,43,36
38047,9,89,44,45
38047,10,98,51,47
38047,11,106,58,48
38047,12,157,85,72
38047,13,142,78,64
38047,14,117,55,62
38047,15,111,54,57
38047,16,99,51,48
38047,17,80,35,45
38047,18,87,35,52
38049,0,5816,3012,2804
38049,1,359,183,176
38049,2,402,228,174
38049,3,404,198,206
38049,4,347,190,157
38049,5,215,120,95
38049,6,304,161,143
38049,7,328,184,144
38049,8,350,167,183
38049,9,317,179,138
38049,10,312,160,152
38049,11,408,224,184
38049,12,410,212,198
38049,13,473,240,233
38049,14,336,167,169
38049,15,309,166,143
38049,16,207,106,101
38049,17,152,68,84
38049,18,183,59,124
38051,0,2585,1261,1324
38051,1,121,65,56
38051,2,145,75,70
38051,3,142,72,70
38051,4,110,60,50
38051,5,126,64,62
38051,6,101,42,59
38051,7,124,59,65
38051,8,116,59,57
38051,9,92,43,49
38051,10,104,69,35
38051,11,162,78,84
38051,12,225,118,107
38051,13,224,124,100
38051,14,162,81,81
38051,15,152,71,81
38051,16,139,63,76
38051,17,145,63,82
38051,18,195,55,140
38053,0,13632,7277,6355
38053,1,1354,707,647
38053,2,1251,663,588
38053,3,1083,570,513
38053,4,879,448,431
38053,5,836,413,423
38053,6,1242,700,542
38053,7,1154,656,498
38053,8,960,541,419
38053,9,705,391,314
38053,10,726,387,339
38053,11,719,384,335
38053,12,798,432,366
38053,13,677,375,302
38053,14,483,249,234
38053,15,276,142,134
38053,16,200,93,107
38053,17,133,67,66
38053,18,156,59,97
38055,0,9541,4867,4674
38055,1,603,320,283
38055,2,592,274,318
38055,3,584,290,294
38055,4,455,239,216
38055,5,417,223,194
38055,6,502,251,251
38055,7,496,265,231
38055,8,531,275,256
38055,9,498,269,229
38055,10,512,259,253
38055,11,520,283,237
38055,12,735,365,370
38055,13,848,427,421
38055,14,737,390,347
38055,15,598,304,294
38055,16,388,200,188
38055,17,266,137,129
38055,18,259,96,163
38057,0,8267,4269,3998
38057,1,518,276,242
38057,2,558,256,302
38057,3,519,269,250
38057,4,451,255,196
38057,5,368,208,160
38057,6,428,229,199
38057,7,490,262,228
38057,8,497,278,219
38057,9,428,218,210
38057,10,404,211,193
38057,11,529,272,257
38057,12,762,411,351
38057,13,723,381,342
38057,14,501,276,225
38057,15,382,172,210
38057,16,272,143,129
38057,17,202,73,129
38057,18,235,79,156
38059,0,31095,15731,15364
38059,1,2235,1123,1112
38059,2,1991,1017,974
38059,3,1941,986,955
38059,4,1561,793,768
38059,5,1713,861,852
38059,6,2442,1310,1132
38059,7,2321,1256,1065
38059,8,2198,1192,1006
38059,9,1810,953,857
38059,10,1726,879,847
38059,11,1789,922,867
38059,12,2086,1051,1035
38059,13,2079,1035,1044
38059,14,1641,836,805
38059,15,1201,597,604
38059,16,811,374,437
38059,17,670,280,390
38059,18,880,266,614
38061,0,10218,5482,4736
38061,1,864,427,437
38061,2,800,404,396
38061,3,655,336,319
38061,4,649,347,302
38061,5,706,426,280
38061,6,932,543,389
38061,7,745,437,308
38061,8,650,373,277
38061,9,597,333,264
38061,10,582,297,285
38061,11,559,273,286
38061,12,666,360,306
38061,13,620,341,279
38061,14,455,218,237
38061,15,295,166,129
38061,16,204,97,107
38061,17,104,45,59
38061,18,135,59,76
38063,0,2869,1472,1397
38063,1,148,63,85
38063,2,153,83,70
38063,3,160,82,78
38063,4,140,69,71
38063,5,127,77,50
38063,6,118,66,52
38063,7,135,74,61
38063,8,139,80,59
38063,9,135,74,61
38063,10,128,58,70
38063,11,169,81,88
38063,12,270,139,131
38063,13,275,145,130
38063,14,214,115,99
38063,15,186,103,83
38063,16,135,68,67
38063,17,109,47,62
38063,18,128,48,80
38065,0,1952,1020,932
38065,1,128,69,59
38065,2,141,56,85
38065,3,146,78,68
38065,4,114,62,52
38065,5,63,37,26
38065,6,82,42,40
38065,7,111,65,46
38065,8,107,55,52
38065,9,93,50,43
38065,10,92,56,36
38065,11,131,70,61
38065,12,143,65,78
38065,13,168,90,78
38065,14,168,92,76
38065,15,114,56,58
38065,16,62,36,26
38065,17,36,19,17
38065,18,53,22,31
38067,0,6947,3669,3278
38067,1,395,201,194
38067,2,398,229,169
38067,3,390,202,188
38067,4,380,189,191
38067,5,304,165,139
38067,6,318,172,146
38067,7,485,292,193
38067,8,427,245,182
38067,9,354,204,150
38067,10,321,172,149
38067,11,392,181,211
38067,12,564,287,277
38067,13,612,315,297
38067,14,522,314,208
38067,15,344,179,165
38067,16,253,128,125
38067,17,195,78,117
38067,18,293,116,177
38069,0,4081,2089,1992
38069,1,221,119,102
38069,2,292,149,143
38069,3,258,118,140
38069,4,217,114,103
38069,5,212,134,78
38069,6,213,128,85
38069,7,187,102,85
38069,8,221,113,108
38069,9,238,120,118
38069,10,195,115,80
38069,11,253,130,123
38069,12,287,144,143
38069,13,325,173,152
38069,14,257,129,128
38069,15,209,112,97
38069,16,167,74,93
38069,17,120,51,69
38069,18,209,64,145
38071,0,11481,5783,5698
38071,1,810,408,402
38071,2,778,385,393
38071,3,710,376,334
38071,4,703,347,356
38071,5,666,346,320
38071,6,699,375,324
38071,7,654,336,318
38071,8,620,333,287
38071,9,571,287,284
38071,10,586,299,287
38071,11,703,341,362
38071,12,863,439,424
38071,13,836,426,410
38071,14,689,351,338
38071,15,526,272,254
38071,16,404,191,213
38071,17,287,135,152
38071,18,376,136,240
38073,0,5237,2723,2514
38073,1,320,188,132
38073,2,308,156,152
38073,3,358,191,167
38073,4,315,170,145
38073,5,279,151,128
38073,6,271,151,120
38073,7,233,136,97
38073,8,300,147,153
38073,9,294,145,149
38073,10,321,167,154
38073,11,347,181,166
38073,12,406,207,199
38073,13,404,195,209
38073,14,307,173,134
38073,15,236,137,99
38073,16,158,72,86
38073,17,150,69,81
38073,18,230,87,143
38075,0,2374,1241,1133
38075,1,144,84,60
38075,2,148,73,75
38075,3,143,76,67
38075,4,149,73,76
38075,5,108,55,53
38075,6,128,77,51
38075,7,126,74,52
38075,8,135,80,55
38075,9,114,51,63
38075,10,140,76,64
38075,11,164,79,85
38075,12,208,119,89
38075,13,185,87,98
38075,14,145,75,70
38075,15,107,61,46
38075,16,76,37,39
38075,17,72,34,38
38075,18,82,30,52
38077,0,16239,8369,7870
38077,1,1024,512,512
38077,2,983,498,485
38077,3,1005,517,488
38077,4,1275,690,585
38077,5,1491,843,648
38077,6,985,520,465
38077,7,857,451,406
38077,8,929,472,457
38077,9,742,394,348
38077,10,761,402,359
38077,11,899,430,469
38077,12,1187,631,556
38077,13,1197,609,588
38077,14,896,489,407
38077,15,630,315,315
38077,16,465,228,237
38077,17,388,168,220
38077,18,525,200,325
38079,0,14301,7121,7180
38079,1,1304,687,617
38079,2,1439,738,701
38079,3,1422,706,716
38079,4,1063,570,493
38079,5,856,442,414
38079,6,896,441,455
38079,7,834,398,436
38079,8,830,413,417
38079,9,737,368,369
38079,10,725,360,365
38079,11,796,369,427
38079,12,913,461,452
38079,13,815,402,413
38079,14,609,280,329
38079,15,425,216,209
38079,16,276,121,155
38079,17,192,89,103
38079,18,169,60,109
38081,0,3870,2080,1790
38081,1,221,112,109
38081,2,228,127,101
38081,3,224,121,103
38081,4,199,102,97
38081,5,204,114,90
38081,6,248,150,98
38081,7,194,110,84
38081,8,215,118,97
38081,9,208,126,82
38081,10,218,114,104
38081,11,258,130,128
38081,12,302,171,131
38081,13,279,165,114
38081,14,287,145,142
38081,15,218,115,103
38081,16,157,73,84
38081,17,90,43,47
38081,18,120,44,76
38083,0,1349,677,672
38083,1,76,41,35
38083,2,66,31,35
38083,3,61,32,29
38083,4,71,39,32
38083,5,50,29,21
38083,6,49,23,26
38083,7,65,30,35
38083,8,54,28,26
38083,9,39,26,13
38083,10,73,36,37
38083,11,88,40,48
38083,12,107,58,49
38083,13,113,63,50
38083,14,96,51,45
38083,15,95,41,54
38083,16,87,48,39
38083,17,70,23,47
38083,18,89,38,51
38085,0,4358,2173,2185
38085,1,447,205,242
38085,2,423,202,221
38085,3,433,219,214
38085,4,414,225,189
38085,5,287,151,136
38085,6,303,157,146
38085,7,275,133,142
38085,8,257,122,135
38085,9,234,118,116
38085,10,222,119,103
38085,11,277,132,145
38085,12,262,131,131
38085,13,171,88,83
38085,14,123,58,65
38085,15,81,34,47
38085,16,71,38,33
38085,17,43,22,21
38085,18,35,19,16
38087,0,763,399,364
38087,1,43,19,24
38087,2,48,20,28
38087,3,40,20,20
38087,4,41,28,13
38087,5,33,17,16
38087,6,36,22,14
38087,7,33,16,17
38087,8,45,26,19
38087,9,31,20,11
38087,10,33,15,18
38087,11,47,30,17
38087,12,78,38,40
38087,13,80,44,36
38087,14,53,23,30
38087,15,49,29,20
38087,16,17,11,6
38087,17,28,10,18
38087,18,28,11,17
38089,0,30997,16051,14946
38089,1,2679,1391,1288
38089,2,2348,1211,1137
38089,3,2148,1121,1027
38089,4,1766,876,890
38089,5,1779,909,870
38089,6,2780,1480,1300
38089,7,2531,1426,1105
38089,8,2302,1257,1045
38089,9,1578,895,683
38089,10,1552,837,715
38089,11,1651,841,810
38089,12,1966,1002,964
38089,13,1713,908,805
38089,14,1230,661,569
38089,15,913,438,475
38089,16,651,285,366
38089,17,570,237,333
38089,18,840,276,564
38091,0,1903,995,908
38091,1,136,68,68
38091,2,109,57,52
38091,3,105,59,46
38091,4,96,45,51
38091,5,103,51,52
38091,6,107,53,54
38091,7,84,45,39
38091,8,90,53,37
38091,9,86,41,45
38091,10,101,53,48
38091,11,106,57,49
38091,12,162,85,77
38091,13,159,94,65
38091,14,150,82,68
38091,15,112,57,55
38091,16,87,49,38
38091,17,63,25,38
38091,18,47,21,26
38093,0,20917,10758,10159
38093,1,1123,581,542
38093,2,1178,549,629
38093,3,1205,606,599
38093,4,1290,659,631
38093,5,1619,908,711
38093,6,1318,743,575
38093,7,1258,725,533
38093,8,1268,681,587
38093,9,1153,640,513
38093,10,1116,599,517
38093,11,1277,668,609
38093,12,1544,797,747
38093,13,1575,796,779
38093,14,1312,675,637
38093,15,868,394,474
38093,16,634,287,347
38093,17,495,221,274
38093,18,684,229,455
38095,0,2192,1107,1085
38095,1,122,66,56
38095,2,138,66,72
38095,3,123,59,64
38095,4,111,58,53
38095,5,105,58,47
38095,6,71,40,31
38095,7,106,54,52
38095,8,103,57,46
38095,9,82,37,45
38095,10,111,57,54
38095,11,168,84,84
38095,12,191,113,78
38095,13,211,109,102
38095,14,159,79,80
38095,15,114,54,60
38095,16,95,49,46
38095,17,91,44,47
38095,18,91,23,68
38097,0,8037,4079,3958
38097,1,502,260,242
38097,2,493,261,232
38097,3,500,263,237
38097,4,582,289,293
38097,5,475,257,218
38097,6,460,257,203
38097,7,465,234,231
38097,8,417,207,210
38097,9,439,230,209
38097,10,443,218,225
38097,11,518,274,244
38097,12,595,317,278
38097,13,573,292,281
38097,14,452,242,210
38097,15,333,165,168
38097,16,277,129,148
38097,17,205,93,112
38097,18,308,91,217
38099,0,10667,5460,5207
38099,1,721,366,355
38099,2,659,376,283
38099,3,636,336,300
38099,4,636,341,295
38099,5,529,276,253
38099,6,625,344,281
38099,7,521,267,254
38099,8,584,306,278
38099,9,535,252,283
38099,10,592,302,290
38099,11,677,355,322
38099,12,856,461,395
38099,13,834,438,396
38099,14,650,334,316
38099,15,509,260,249
38099,16,418,194,224
38099,17,305,119,186
38099,18,380,133,247
38101,0,67744,35487,32257
38101,1,5196,2680,2516
38101,2,4434,2212,2222
38101,3,4104,2115,1989
38101,4,4123,2234,1889
38101,5,6709,4057,2652
38101,6,6960,3915,3045
38101,7,5386,2987,2399
38101,8,4702,2502,2200
38101,9,3564,1831,1733
38101,10,3399,1750,1649
38101,11,3204,1608,1596
38101,12,3849,1938,1911
38101,13,3474,1706,1768
38101,14,2648,1368,1280
38101,15,2011,949,1062
38101,16,1442,655,787
38101,17,1153,460,693
38101,18,1386,520,866
38103,0,3957,2006,1951
38103,1,231,127,104
38103,2,241,122,119
38103,3,224,121,103
38103,4,204,103,101
38103,5,150,79,71
38103,6,172,88,84
38103,7,211,126,85
38103,8,158,83,75
38103,9,160,84,76
38103,10,187,95,92
38103,11,266,131,135
38103,12,334,153,181
38103,13,320,176,144
38103,14,283,142,141
38103,15,239,113,126
38103,16,205,107,98
38103,17,164,71,93
38103,18,208,85,123
38105,0,35350,19043,16307
38105,1,3405,1750,1655
38105,2,2886,1448,1438
38105,3,2570,1343,1227
38105,4,2013,1019,994
38105,5,2284,1250,1034
38105,6,3534,2044,1490
38105,7,3205,1874,1331
38105,8,2539,1447,1092
38105,9,1985,1141,844
38105,10,1882,1026,856
38105,11,1835,987,848
38105,12,2042,1152,890
38105,13,1782,983,799
38105,14,1166,641,525
38105,15,749,366,383
38105,16,529,227,302
38105,17,414,169,245
38105,18,530,176,354
39001,0,27724,13750,13974
39001,1,1651,843,808
39001,2,1777,930,847
39001,3,1974,1032,942
39001,4,1821,925,896
39001,5,1426,709,717
39001,6,1630,805,825
39001,7,1434,697,737
39001,8,1521,744,777
39001,9,1713,842,871
39001,10,1886,937,949
39001,11,1841,921,920
39001,12,2075,1031,1044
39001,13,2004,988,1016
39001,14,1652,832,820
39001,15,1259,644,615
39001,16,958,432,526
39001,17,615,265,350
39001,18,487,173,314
39003,0,102663,51787,50876
39003,1,6323,3236,3087
39003,2,6420,3333,3087
39003,3,6797,3501,3296
39003,4,7206,3884,3322
39003,5,6905,3815,3090
39003,6,6944,3840,3104
39003,7,5702,2926,2776
39003,8,6173,3135,3038
39003,9,5813,2887,2926
39003,10,5901,3025,2876
39003,11,6338,3231,3107
39003,12,7085,3516,3569
39003,13,6939,3409,3530
39003,14,5927,2917,3010
39003,15,4339,2047,2292
39003,16,3109,1355,1754
39003,17,2178,903,1275
39003,18,2564,827,1737
39005,0,53745,26466,27279
39005,1,3108,1608,1500
39005,2,3290,1707,1583
39005,3,3490,1769,1721
39005,4,4102,2031,2071
39005,5,3975,1974,2001
39005,6,3058,1563,1495
39005,7,2907,1457,1450
39005,8,2985,1540,1445
39005,9,2826,1434,1392
39005,10,3174,1562,1612
39005,11,3345,1644,1701
39005,12,3632,1763,1869
39005,13,3797,1829,1968
39005,14,3155,1543,1612
39005,15,2441,1168,1273
39005,16,1914,858,1056
39005,17,1238,564,674
39005,18,1308,452,856
39007,0,97493,49141,48352
39007,1,5562,2881,2681
39007,2,5843,3004,2839
39007,3,6281,3268,3013
39007,4,5892,3085,2807
39007,5,5337,2848,2489
39007,6,5965,3208,2757
39007,7,5352,2811,2541
39007,8,5523,2833,2690
39007,9,5380,2735,2645
39007,10,6360,3294,3066
39007,11,6778,3396,3382
39007,12,7265,3634,3631
39007,13,7366,3614,3752
39007,14,6068,2983,3085
39007,15,4658,2195,2463
39007,16,3406,1618,1788
39007,17,2180,943,1237
39007,18,2277,791,1486
39009,0,65818,32768,33050
39009,1,2545,1325,1220
39009,2,2548,1282,1266
39009,3,2708,1368,1340
39009,4,8430,4033,4397
39009,5,11915,6121,5794
39009,6,4531,2411,2120
39009,7,3735,1990,1745
39009,8,3610,1803,1807
39009,9,3095,1613,1482
39009,10,3331,1666,1665
39009,11,3360,1668,1692
39009,12,3685,1827,1858
39009,13,3654,1793,1861
39009,14,3166,1529,1637
39009,15,2194,1034,1160
39009,16,1471,664,807
39009,17,952,379,573
39009,18,888,262,626
39011,0,45804,22885,22919
39011,1,2926,1497,1429
39011,2,3032,1520,1512
39011,3,3164,1653,1511
39011,4,2936,1522,1414
39011,5,2595,1389,1206
39011,6,2709,1378,1331
39011,7,2522,1274,1248
39011,8,2675,1337,1338
39011,9,2532,1307,1225
39011,10,2767,1393,1374
39011,11,2994,1484,1510
39011,12,3329,1706,1623
39011,13,3197,1600,1597
39011,14,2700,1347,1353
39011,15,1994,930,1064
39011,16,1421,653,768
39011,17,1105,480,625
39011,18,1206,415,791
39013,0,67505,34507,32998
39013,1,3242,1625,1617
39013,2,3579,1872,1707
39013,3,3627,1831,1796
39013,4,3544,1917,1627
39013,5,3808,2271,1537
39013,6,4463,2565,1898
39013,7,4071,2306,1765
39013,8,4052,2169,1883
39013,9,3831,2037,1794
39013,10,4289,2275,2014
39013,11,4352,2190,2162
39013,12,5220,2575,2645
39013,13,5355,2621,2734
39013,14,4639,2269,2370
39013,15,3411,1648,1763
39013,16,2312,1017,1295
39013,17,1736,674,1062
39013,18,1974,645,1329
39015,0,43602,21616,21986
39015,1,2506,1267,1239
39015,2,2710,1378,1332
39015,3,2927,1476,1451
39015,4,2727,1387,1340
39015,5,2319,1136,1183
39015,6,2583,1319,1264
39015,7,2355,1207,1148
39015,8,2570,1240,1330
39015,9,2579,1340,1239
39015,10,2959,1470,1489
39015,11,2961,1493,1468
39015,12,3368,1650,1718
39015,13,3176,1556,1620
39015,14,2478,1213,1265
39015,15,2025,988,1037
39015,16,1482,691,791
39015,17,1002,457,545
39015,18,875,348,527
39017,0,382378,187579,194799
39017,1,23019,11725,11294
39017,2,24982,12850,12132
39017,3,25889,13257,12632
39017,4,29667,14701,14966
39017,5,32945,16628,16317
39017,6,22961,11432,11529
39017,7,22400,11144,11256
39017,8,24129,11957,12172
39017,9,22001,10821,11180
39017,10,24016,11843,12173
39017,11,24416,12135,12281
39017,12,25878,12607,13271
39017,13,23899,11511,12388
39017,14,19084,8978,10106
39017,15,14184,6691,7493
39017,16,9584,4204,5380
39017,17,6623,2718,3905
39017,18,6701,2377,4324
39019,0,27081,13557,13524
39019,1,1375,720,655
39019,2,1470,753,717
39019,3,1728,938,790
39019,4,1682,844,838
39019,5,1343,685,658
39019,6,1419,734,685
39019,7,1381,700,681
39019,8,1431,736,695
39019,9,1518,743,775
39019,10,1745,893,852
39019,11,1838,941,897
39019,12,2252,1119,1133
39019,13,2179,1093,1086
39019,14,1820,898,922
39019,15,1476,722,754
39019,16,1066,493,573
39019,17,666,306,360
39019,18,692,239,453
39021,0,38754,19307,19447
39021,1,2051,1052,999
39021,2,2301,1188,1113
39021,3,2600,1317,1283
39021,4,2567,1343,1224
39021,5,2321,1232,1089
39021,6,2366,1193,1173
39021,7,2109,1077,1032
39021,8,2128,1060,1068
39021,9,2207,1104,1103
39021,10,2654,1343,1311
39021,11,2781,1418,1363
39021,12,2897,1425,1472
39021,13,2739,1364,1375
39021,14,2201,1052,1149
39021,15,1852,864,988
39021,16,1331,615,716
39021,17,883,383,500
39021,18,766,277,489
39023,0,134585,65152,69433
39023,1,7930,3990,3940
39023,2,8161,4232,3929
39023,3,8730,4519,4211
39023,4,9157,4584,4573
39023,5,8411,4127,4284
39023,6,8130,3995,4135
39023,7,7615,3711,3904
39023,8,7388,3545,3843
39023,9,7165,3463,3702
39023,10,8342,4115,4227
39023,11,8742,4340,4402
39023,12,9476,4573,4903
39023,13,9216,4420,4796
39023,14,8451,3937,4514
39023,15,6469,2982,3487
39023,16,4741,2123,2618
39023,17,3115,1272,1843
39023,18,3346,1224,2122
39025,0,205466,101344,104122
39025,1,11805,6027,5778
39025,2,12963,6591,6372
39025,3,14011,7194,6817
39025,4,12893,6771,6122
39025,5,11417,5741,5676
39025,6,13092,6643,6449
39025,7,12614,6402,6212
39025,8,13157,6700,6457
39025,9,12379,6054,6325
39025,10,13527,6640,6887
39025,11,14135,7017,7118
39025,12,15414,7508,7906
39025,13,14526,6936,7590
39025,14,11536,5517,6019
39025,15,8757,4096,4661
39025,16,5979,2722,3257
39025,17,3624,1535,2089
39025,18,3637,1250,2387
39027,0,42057,20748,21309
39027,1,2516,1296,1220
39027,2,2631,1364,1267
39027,3,2833,1500,1333
39027,4,2902,1435,1467
39027,5,2809,1432,1377
39027,6,2478,1271,1207
39027,7,2355,1172,1183
39027,8,2542,1249,1293
39027,9,2388,1174,1214
39027,10,2630,1288,1342
39027,11,2765,1412,1353
39027,12,3009,1453,1556
39027,13,3023,1482,1541
39027,14,2388,1136,1252
39027,15,1833,883,950
39027,16,1268,567,701
39027,17,834,337,497
39027,18,853,297,556
39029,0,102665,51934,50731
39029,1,5280,2705,2575
39029,2,5817,2981,2836
39029,3,5937,3047,2890
39029,4,5889,3054,2835
39029,5,5404,2823,2581
39029,6,6074,3229,2845
39029,7,5680,3093,2587
39029,8,5997,3318,2679
39029,9,5999,3194,2805
39029,10,6592,3464,3128
39029,11,6877,3512,3365
39029,12,7968,4012,3956
39029,13,8101,3977,4124
39029,14,6904,3440,3464
39029,15,5231,2500,2731
39029,16,3759,1654,2105
39029,17,2492,1028,1464
39029,18,2664,903,1761
39031,0,36629,18159,18470
39031,1,2363,1272,1091
39031,2,2381,1229,1152
39031,3,2434,1255,1179
39031,4,2251,1194,1057
39031,5,1924,963,961
39031,6,2184,1083,1101
39031,7,1988,987,1001
39031,8,2196,1107,1089
39031,9,1895,941,954
39031,10,2248,1114,1134
39031,11,2387,1213,1174
39031,12,2600,1294,1306
39031,13,2647,1289,1358
39031,14,2247,1105,1142
39031,15,1750,844,906
39031,16,1315,562,753
39031,17,963,412,551
39031,18,856,295,561
39033,0,41550,20314,21236
39033,1,2361,1193,1168
39033,2,2465,1256,1209
39033,3,2561,1317,1244
39033,4,2438,1245,1193
39033,5,2305,1190,1115
39033,6,2472,1255,1217
39033,7,2140,1057,1083
39033,8,2269,1084,1185
39033,9,2451,1197,1254
39033,10,2688,1368,1320
39033,11,2692,1385,1307
39033,12,3014,1482,1532
39033,13,2972,1460,1512
39033,14,2703,1270,1433
39033,15,2110,962,1148
39033,16,1642,726,916
39033,17,1146,470,676
39033,18,1121,397,724
39035,0,1243857,593444,650413
39035,1,71339,36695,34644
39035,2,69653,35692,33961
39035,3,71981,36556,35425
39035,4,74415,37765,36650
39035,5,79161,39297,39864
39035,6,93415,45686,47729
39035,7,82700,40370,42330
39035,8,75859,36723,39136
39035,9,67236,32254,34982
39035,10,74768,35654,39114
39035,11,79454,37692,41762
39035,12,90163,42769,47394
39035,13,87730,41293,46437
39035,14,72197,33421,38776
39035,15,53250,23617,29633
39035,16,38769,16056,22713
39035,17,27863,10809,17054
39035,18,33904,11095,22809
39037,0,51323,25478,25845
39037,1,3144,1658,1486
39037,2,3260,1648,1612
39037,3,3588,1838,1750
39037,4,3307,1724,1583
39037,5,2796,1477,1319
39037,6,2848,1436,1412
39037,7,2621,1346,1275
39037,8,2927,1464,1463
39037,9,2828,1447,1381
39037,10,3143,1591,1552
39037,11,3453,1698,1755
39037,12,3745,1858,1887
39037,13,3585,1791,1794
39037,14,3042,1457,1585
39037,15,2431,1123,1308
39037,16,2000,908,1092
39037,17,1267,559,708
39037,18,1338,455,883
39039,0,38165,18932,19233
39039,1,2174,1112,1062
39039,2,2384,1197,1187
39039,3,2554,1330,1224
39039,4,2659,1373,1286
39039,5,2343,1228,1115
39039,6,2297,1195,1102
39039,7,2218,1135,1083
39039,8,2370,1153,1217
39039,9,2125,1032,1093
39039,10,2337,1178,1159
39039,11,2221,1127,1094
39039,12,2602,1241,1361
39039,13,2781,1392,1389
39039,14,2270,1124,1146
39039,15,1785,884,901
39039,16,1313,559,754
39039,17,874,390,484
39039,18,858,282,576
39041,0,204826,101563,103263
39041,1,12440,6291,6149
39041,2,14965,7681,7284
39041,3,16538,8490,8048
39041,4,15161,7770,7391
39041,5,10766,5560,5206
39041,6,8496,4139,4357
39041,7,11582,5525,6057
39041,8,15243,7504,7739
39041,9,15628,7837,7791
39041,10,16808,8499,8309
39041,11,14371,7200,7171
39041,12,13210,6619,6591
39041,13,11556,5568,5988
39041,14,9915,4826,5089
39041,15,7521,3544,3977
39041,16,4738,2137,2601
39041,17,3000,1285,1715
39041,18,2888,1088,1800
39043,0,74615,36441,38174
39043,1,3940,1975,1965
39043,2,3993,2053,1940
39043,3,4340,2181,2159
39043,4,4288,2192,2096
39043,5,4362,2215,2147
39043,6,4529,2303,2226
39043,7,4035,2009,2026
39043,8,4026,1963,2063
39043,9,3801,1881,1920
39043,10,4525,2184,2341
39043,11,4881,2382,2499
39043,12,5662,2714,2948
39043,13,5893,2835,3058
39043,14,5089,2478,2611
39043,15,4209,1975,2234
39043,16,2936,1364,1572
39043,17,1973,882,1091
39043,18,2133,855,1278
39045,0,155782,77509,78273
39045,1,9272,4731,4541
39045,2,10198,5290,4908
39045,3,11026,5676,5350
39045,4,10569,5463,5106
39045,5,9283,5061,4222
39045,6,9127,4761,4366
39045,7,9342,4640,4702
39045,8,10215,4953,5262
39045,9,9872,4914,4958
39045,10,10875,5480,5395
39045,11,10743,5322,5421
39045,12,10971,5431,5540
39045,13,9654,4660,4994
39045,14,8092,3864,4228
39045,15,6464,2995,3469
39045,16,4493,1996,2497
39045,17,2895,1292,1603
39045,18,2691,980,1711
39047,0,28666,14095,14571
39047,1,1704,866,838
39047,2,1886,939,947
39047,3,2000,1040,960
39047,4,1720,902,818
39047,5,1591,826,765
39047,6,1797,935,862
39047,7,1652,815,837
39047,8,1706,840,866
39047,9,1700,819,881
39047,10,1960,970,990
39047,11,1859,928,931
39047,12,2078,1040,1038
39047,13,1922,926,996
39047,14,1699,776,923
39047,15,1292,614,678
39047,16,998,428,570
39047,17,614,271,343
39047,18,488,160,328
39049,0,1310300,640086,670214
39049,1,92798,47294,45504
39049,2,85463,43603,41860
39049,3,80364,40856,39508
39049,4,83395,42257,41138
39049,5,91154,44838,46316
39049,6,126901,62993,63908
39049,7,113177,56902,56275
39049,8,95313,47460,47853
39049,9,80020,39797,40223
39049,10,79775,39336,40439
39049,11,75642,37314,38328
39049,12,78394,37636,40758
39049,13,70513,32933,37580
39049,14,56155,25428,30727
39049,15,39476,17333,22143
39049,16,26330,11038,15292
39049,17,17260,6771,10489
39049,18,18170,6297,11873
39051,0,42276,21003,21273
39051,1,2537,1336,1201
39051,2,2688,1424,1264
39051,3,2915,1499,1416
39051,4,2798,1482,1316
39051,5,2517,1266,1251
39051,6,2423,1246,1177
39051,7,2292,1147,1145
39051,8,2549,1259,1290
39051,9,2394,1204,1190
39051,10,2684,1335,1349
39051,11,2759,1351,1408
39051,12,3130,1541,1589
39051,13,3079,1545,1534
39051,14,2552,1258,1294
39051,15,1787,832,955
39051,16,1300,580,720
39051,17,865,365,500
39051,18,1007,333,674
39053,0,29979,14839,15140
39053,1,1847,945,902
39053,2,1862,985,877
39053,3,1917,997,920
39053,4,1908,1003,905
39053,5,1838,991,847
39053,6,1736,864,872
39053,7,1687,869,818
39053,8,1694,844,850
39053,9,1682,809,873
39053,10,1912,962,950
39053,11,1840,905,935
39053,12,2189,1061,1128
39053,13,2146,1043,1103
39053,14,1834,905,929
39053,15,1369,615,754
39053,16,1133,514,619
39053,17,732,324,408
39053,18,653,203,450
39055,0,94031,46668,47363
39055,1,4962,2518,2444
39055,2,5530,2789,2741
39055,3,6557,3371,3186
39055,4,6676,3447,3229
39055,5,5581,2948,2633
39055,6,4313,2262,2051
39055,7,3915,1932,1983
39055,8,4824,2390,2434
39055,9,4988,2514,2474
39055,10,5932,2917,3015
39055,11,6961,3452,3509
39055,12,7389,3603,3786
39055,13,7244,3691,3553
39055,14,6139,3036,3103
39055,15,4884,2352,2532
39055,16,3519,1618,1901
39055,17,2189,969,1220
39055,18,2428,859,1569
39057,0,167995,82804,85191
39057,1,9512,4913,4599
39057,2,9471,4910,4561
39057,3,9679,4956,4723
39057,4,12199,6088,6111
39057,5,13876,6981,6895
39057,6,11744,6033,5711
39057,7,10635,5437,5198
39057,8,10330,5246,5084
39057,9,8744,4392,4352
39057,10,9598,4683,4915
39057,11,10429,5044,5385
39057,12,11694,5758,5936
39057,13,11255,5323,5932
39057,14,9440,4537,4903
39057,15,7297,3511,3786
39057,16,5039,2254,2785
39057,17,3456,1455,2001
39057,18,3597,1283,2314
39059,0,39022,19472,19550
39059,1,2284,1184,1100
39059,2,2353,1217,1136
39059,3,2492,1294,1198
39059,4,2335,1218,1117
39059,5,2206,1155,1051
39059,6,2454,1241,1213
39059,7,2133,1122,1011
39059,8,2218,1112,1106
39059,9,2054,1026,1028
39059,10,2506,1249,1257
39059,11,2610,1348,1262
39059,12,2906,1414,1492
39059,13,2846,1343,1503
39059,14,2501,1241,1260
39059,15,1915,922,993
39059,16,1395,648,747
39059,17,959,417,542
39059,18,855,321,534
39061,0,816684,394506,422178
39061,1,53083,27269,25814
39061,2,52225,26560,25665
39061,3,51958,26188,25770
39061,4,53338,27391,25947
39061,5,52829,26445,26384
39061,6,65620,32649,32971
39061,7,59312,28929,30383
39061,8,52637,25675,26962
39061,9,44527,21664,22863
39061,10,47386,22971,24415
39061,11,50168,24089,26079
39061,12,55178,26332,28846
39061,13,53172,25045,28127
39061,14,42134,19470,22664
39061,15,29841,13420,16421
39061,16,20888,8819,12069
39061,17,15026,5853,9173
39061,18,17362,5737,11625
39063,0,75930,37555,38375
39063,1,4542,2326,2216
39063,2,4631,2293,2338
39063,3,4733,2422,2311
39063,4,5066,2542,2524
39063,5,4740,2426,2314
39063,6,5439,2783,2656
39063,7,4952,2573,2379
39063,8,4591,2365,2226
39063,9,4245,2081,2164
39063,10,4621,2369,2252
39063,11,4806,2461,2345
39063,12,5438,2662,2776
39063,13,5014,2467,2547
39063,14,4137,1953,2184
39063,15,3292,1563,1729
39063,16,2311,1002,1309
39063,17,1656,689,967
39063,18,1716,578,1138
39065,0,31480,15674,15806
39065,1,1947,993,954
39065,2,2005,1063,942
39065,3,2057,1093,964
39065,4,2652,1339,1313
39065,5,3428,1702,1726
39065,6,1687,879,808
39065,7,1602,830,772
39065,8,1655,794,861
39065,9,1714,886,828
39065,10,1863,928,935
39065,11,1848,923,925
39065,12,2036,1017,1019
39065,13,1933,967,966
39065,14,1635,784,851
39065,15,1274,578,696
39065,16,936,428,508
39065,17,608,257,351
39065,18,600,213,387
39067,0,15174,7552,7622
39067,1,813,435,378
39067,2,814,411,403
39067,3,932,464,468
39067,4,930,496,434
39067,5,724,382,342
39067,6,849,420,429
39067,7,754,375,379
39067,8,808,386,422
39067,9,781,382,399
39067,10,955,497,458
39067,11,1061,533,528
39067,12,1225,591,634
39067,13,1301,665,636
39067,14,1070,542,528
39067,15,780,374,406
39067,16,609,299,310
39067,17,374,173,201
39067,18,394,127,267
39069,0,27086,13378,13708
39069,1,1547,758,789
39069,2,1755,873,882
39069,3,1829,936,893
39069,4,1755,902,853
39069,5,1477,777,700
39069,6,1604,819,785
39069,7,1484,714,770
39069,8,1623,813,810
39069,9,1616,808,808
39069,10,1655,849,806
39069,11,1720,848,872
39069,12,1970,978,992
39069,13,1996,1004,992
39069,14,1586,778,808
39069,15,1178,563,615
39069,16,895,396,499
39069,17,693,314,379
39069,18,703,248,455
39071,0,43058,21138,21920
39071,1,2743,1362,1381
39071,2,2721,1403,1318
39071,3,2939,1456,1483
39071,4,2807,1437,1370
39071,5,2257,1173,1084
39071,6,2610,1295,1315
39071,7,2333,1176,1157
39071,8,2542,1247,1295
39071,9,2493,1245,1248
39071,10,2833,1412,1421
39071,11,2850,1422,1428
39071,12,2972,1440,1532
39071,13,3003,1457,1546
39071,14,2560,1218,1342
39071,15,2018,933,1085
39071,16,1479,701,778
39071,17,941,410,531
39071,18,957,351,606
39073,0,28385,14083,14302
39073,1,1590,791,799
39073,2,1690,869,821
39073,3,1771,900,871
39073,4,1821,943,878
39073,5,1498,769,729
39073,6,1706,851,855
39073,7,1475,756,719
39073,8,1624,797,827
39073,9,1675,803,872
39073,10,1895,978,917
39073,11,1927,955,972
39073,12,2184,1063,1121
39073,13,2113,1062,1051
39073,14,1734,844,890
39073,15,1410,683,727
39073,16,1063,525,538
39073,17,712,299,413
39073,18,497,195,302
39075,0,43892,21977,21915
39075,1,3569,1877,1692
39075,2,3758,1927,1831
39075,3,3860,1939,1921
39075,4,3703,1891,1812
39075,5,3095,1593,1502
39075,6,3083,1600,1483
39075,7,2543,1274,1269
39075,8,2397,1203,1194
39075,9,2370,1167,1203
39075,10,2363,1163,1200
39075,11,2291,1164,1127
39075,12,2544,1307,1237
39075,13,2297,1140,1157
39075,14,1952,940,1012
39075,15,1443,689,754
39075,16,1043,495,548
39075,17,764,318,446
39075,18,817,290,527
39077,0,58504,28903,29601
39077,1,3799,1896,1903
39077,2,3676,1889,1787
39077,3,4113,2092,2021
39077,4,3829,1967,1862
39077,5,3531,1836,1695
39077,6,3604,1872,1732
39077,7,3291,1699,1592
39077,8,3406,1703,1703
39077,9,3301,1636,1665
39077,10,3769,1933,1836
39077,11,3928,1922,2006
39077,12,4231,2057,2174
39077,13,3996,1908,2088
39077,14,3393,1595,1798
39077,15,2566,1222,1344
39077,16,1735,780,955
39077,17,1153,477,676
39077,18,1183,419,764
39079,0,32384,15868,16516
39079,1,2080,1040,1040
39079,2,2110,1085,1025
39079,3,2189,1101,1088
39079,4,2005,1091,914
39079,5,1739,854,885
39079,6,2112,1065,1047
39079,7,1965,1008,957
39079,8,1980,963,1017
39079,9,1939,977,962
39079,10,2085,1037,1048
39079,11,2122,1048,1074
39079,12,2188,1067,1121
39079,13,2268,1090,1178
39079,14,1942,937,1005
39079,15,1476,648,828
39079,16,969,421,548
39079,17,640,261,379
39079,18,575,175,400
39081,0,65767,31955,33812
39081,1,3290,1712,1578
39081,2,3336,1725,1611
39081,3,3706,1885,1821
39081,4,4134,2065,2069
39081,5,4385,2128,2257
39081,6,3873,1895,1978
39081,7,3309,1672,1637
39081,8,3430,1732,1698
39081,9,3406,1648,1758
39081,10,4157,2058,2099
39081,11,4266,2115,2151
39081,12,5015,2419,2596
39081,13,5287,2575,2712
39081,14,4619,2248,2371
39081,15,3476,1645,1831
39081,16,2526,1107,1419
39081,17,1814,756,1058
39081,18,1738,570,1168
39083,0,61893,30310,31583
39083,1,3764,1881,1883
39083,2,3783,1953,1830
39083,3,4041,2097,1944
39083,4,4778,2367,2411
39083,5,4767,2316,2451
39083,6,3505,1787,1718
39083,7,3287,1600,1687
39083,8,3353,1664,1689
39083,9,3273,1657,1616
39083,10,3665,1827,1838
39083,11,3819,1909,1910
39083,12,4329,2105,2224
39083,13,4298,2055,2243
39083,14,3674,1729,1945
39083,15,2836,1352,1484
39083,16,2046,951,1095
39083,17,1306,556,750
39083,18,1369,504,865
39085,0,230514,112549,117965
39085,1,11345,5826,5519
39085,2,12206,6283,5923
39085,3,13806,6963,6843
39085,4,13798,7135,6663
39085,5,12817,6570,6247
39085,6,14371,7346,7025
39085,7,13476,6789,6687
39085,8,13530,6903,6627
39085,9,12650,6218,6432
39085,10,14929,7409,7520
39085,11,15889,7887,8002
39085,12,17954,8682,9272
39085,13,17677,8475,9202
39085,14,14498,6916,7582
39085,15,11585,5228,6357
39085,16,8484,3757,4727
39085,17,5433,2173,3260
39085,18,6066,1989,4077
39087,0,59866,29139,30727
39087,1,3300,1732,1568
39087,2,3550,1811,1739
39087,3,3839,1930,1909
39087,4,3505,1850,1655
39087,5,3243,1613,1630
39087,6,3782,1927,1855
39087,7,3417,1687,1730
39087,8,3691,1773,1918
39087,9,3586,1787,1799
39087,10,4093,1983,2110
39087,11,4165,2036,2129
39087,12,4216,2021,2195
39087,13,4166,1943,2223
39087,14,3586,1718,1868
39087,15,2917,1309,1608
39087,16,2201,968,1233
39087,17,1417,605,812
39087,18,1192,446,746
39089,0,175769,86261,89508
39089,1,10599,5469,5130
39089,2,11322,5820,5502
39089,3,11629,5971,5658
39089,4,11954,6160,5794
39089,5,10988,5575,5413
39089,6,10280,5097,5183
39089,7,10568,5085,5483
39089,8,10950,5413,5537
39089,9,10206,5083,5123
39089,10,11693,5731,5962
39089,11,12012,5936,6076
39089,12,12902,6390,6512
39089,13,11760,5674,6086
39089,14,9428,4518,4910
39089,15,7705,3520,4185
39089,16,5415,2388,3027
39089,17,3298,1373,1925
39089,18,3060,1058,2002
39091,0,45358,22471,22887
39091,1,2652,1336,1316
39091,2,2773,1457,1316
39091,3,3118,1559,1559
39091,4,2903,1558,1345
39091,5,2490,1265,1225
39091,6,2715,1401,1314
39091,7,2481,1203,1278
39091,8,2683,1293,1390
39091,9,2603,1293,1310
39091,10,2842,1441,1401
39091,11,3082,1523,1559
39091,12,3463,1753,1710
39091,13,3328,1649,1679
39091,14,2839,1383,1456
39091,15,2095,982,1113
39091,16,1475,643,832
39091,17,904,406,498
39091,18,912,326,586
39093,0,309461,152269,157192
39093,1,17335,8865,8470
39093,2,18712,9637,9075
39093,3,19636,10039,9597
39093,4,20528,10541,9987
39093,5,18647,9620,9027
39093,6,17847,9221,8626
39093,7,17210,8728,8482
39093,8,18665,9231,9434
39093,9,18395,9185,9210
39093,10,20412,10171,10241
39093,11,21013,10512,10501
39093,12,22709,11014,11695
39093,13,21723,10382,11341
39093,14,18593,8851,9742
39093,15,14294,6674,7620
39093,16,9918,4385,5533
39093,17,6680,2746,3934
39093,18,7144,2467,4677
39095,0,429899,208402,221497
39095,1,27386,14093,13293
39095,2,27207,13834,13373
39095,3,27735,14092,13643
39095,4,26989,13860,13129
39095,5,27264,13702,13562
39095,6,33088,16548,16540
39095,7,28350,13930,14420
39095,8,25877,12707,13170
39095,9,23657,11364,12293
39095,10,26478,12846,13632
39095,11,26605,12817,13788
39095,12,30112,14436,15676
39095,13,29104,13880,15224
39095,14,23782,11147,12635
39095,15,17299,7895,9404
39095,16,11820,5046,6774
39095,17,8013,3191,4822
39095,18,9133,3014,6119
39097,0,44413,24092,20321
39097,1,2250,1159,1091
39097,2,2520,1248,1272
39097,3,2693,1339,1354
39097,4,2598,1418,1180
39097,5,2599,1544,1055
39097,6,2957,1817,1140
39097,7,3080,1877,1203
39097,8,3212,1904,1308
39097,9,3119,1875,1244
39097,10,3285,1928,1357
39097,11,3259,1739,1520
39097,12,3180,1682,1498
39097,13,2798,1440,1358
39097,14,2192,1044,1148
39097,15,1789,875,914
39097,16,1287,575,712
39097,17,879,368,511
39097,18,716,260,456
39099,0,229642,112452,117190
39099,1,12161,6106,6055
39099,2,12242,6349,5893
39099,3,13164,6801,6363
39099,4,13780,7152,6628
39099,5,14010,7189,6821
39099,6,14814,7852,6962
39099,7,12646,6567,6079
39099,8,12986,6543,6443
39099,9,12602,6455,6147
39099,10,13816,6873,6943
39099,11,14504,7228,7276
39099,12,17014,8154,8860
39099,13,17758,8371,9387
39099,14,15421,7356,8065
39099,15,11174,5178,5996
39099,16,8264,3519,4745
39099,17,5929,2384,3545
39099,18,7357,2375,4982
39101,0,65256,34658,30598
39101,1,3738,1872,1866
39101,2,3892,2006,1886
39101,3,3659,1933,1726
39101,4,3688,1961,1727
39101,5,4011,2328,1683
39101,6,4602,2614,1988
39101,7,4144,2398,1746
39101,8,4067,2332,1735
39101,9,3990,2291,1699
39101,10,4351,2513,1838
39101,11,4421,2468,1953
39101,12,4646,2472,2174
39101,13,4469,2267,2202
39101,14,3778,1854,1924
39101,15,2970,1377,1593
39101,16,1992,879,1113
39101,17,1379,546,833
39101,18,1459,547,912
39103,0,179146,88684,90462
39103,1,9585,4964,4621
39103,2,10621,5367,5254
39103,3,12075,6202,5873
39103,4,11697,6112,5585
39103,5,9471,4847,4624
39103,6,9392,4776,4616
39103,7,10012,4989,5023
39103,8,11232,5617,5615
39103,9,10986,5473,5513
39103,10,12617,6263,6354
39103,11,13398,6599,6799
39103,12,13515,6674,6841
39103,13,12555,6147,6408
39103,14,10657,5096,5561
39103,15,8447,4037,4410
39103,16,5769,2673,3096
39103,17,3534,1580,1954
39103,18,3583,1268,2315
39105,0,23106,11391,11715
39105,1,1215,636,579
39105,2,1323,680,643
39105,3,1442,703,739
39105,4,1429,734,695
39105,5,1087,550,537
39105,6,1313,663,650
39105,7,1236,628,608
39105,8,1432,708,724
39105,9,1356,671,685
39105,10,1528,751,777
39105,11,1603,820,783
39105,12,1782,865,917
39105,13,1770,876,894
39105,14,1552,763,789
39105,15,1121,539,582
39105,16,817,397,420
39105,17,571,225,346
39105,18,529,182,347
39107,0,40959,20660,20299
39107,1,3064,1566,1498
39107,2,2826,1463,1363
39107,3,2928,1500,1428
39107,4,2649,1398,1251
39107,5,2289,1181,1108
39107,6,2499,1326,1173
39107,7,2336,1232,1104
39107,8,2320,1200,1120
39107,9,2131,1119,1012
39107,10,2242,1113,1129
39107,11,2421,1221,1200
39107,12,3001,1514,1487
39107,13,2968,1492,1476
39107,14,2363,1176,1187
39107,15,1735,849,886
39107,16,1203,549,654
39107,17,904,383,521
39107,18,1080,378,702
39109,0,106222,52324,53898
39109,1,6394,3258,3136
39109,2,6621,3379,3242
39109,3,7002,3631,3371
39109,4,6541,3316,3225
39109,5,5490,2855,2635
39109,6,6371,3186,3185
39109,7,6360,3227,3133
39109,8,6711,3391,3320
39109,9,6098,3043,3055
39109,10,7036,3477,3559
39109,11,6921,3535,3386
39109,12,7638,3697,3941
39109,13,7266,3504,3762
39109,14,6250,2924,3326
39109,15,5214,2449,2765
39109,16,3636,1616,2020
39109,17,2457,1022,1435
39109,18,2216,814,1402
39111,0,13790,6933,6857
39111,1,696,339,357
39111,2,791,425,366
39111,3,790,382,408
39111,4,784,410,374
39111,5,652,355,297
39111,6,718,353,365
39111,7,727,364,363
39111,8,742,381,361
39111,9,720,366,354
39111,10,885,462,423
39111,11,945,496,449
39111,12,1048,513,535
39111,13,1049,532,517
39111,14,1026,502,524
39111,15,805,395,410
39111,16,630,322,308
39111,17,417,216,201
39111,18,365,120,245
39113,0,532331,256382,275949
39113,1,32518,16714,15804
39113,2,32326,16318,16008
39113,3,32506,16735,15771
39113,4,34044,17456,16588
39113,5,35044,17759,17285
39113,6,38494,19036,19458
39113,7,34209,16914,17295
39113,8,32409,15640,16769
39113,9,28253,13691,14562
39113,10,31799,15308,16491
39113,11,33253,16083,17170
39113,12,36728,17653,19075
39113,13,35165,16443,18722
39113,14,29925,13715,16210
39113,15,23610,10508,13102
39113,16,16875,7228,9647
39113,17,11857,4671,7186
39113,18,13316,4510,8806
39115,0,14604,7284,7320
39115,1,748,361,387
39115,2,802,404,398
39115,3,932,491,441
39115,4,892,498,394
39115,5,747,399,348
39115,6,795,402,393
39115,7,767,381,386
39115,8,847,436,411
39115,9,784,369,415
39115,10,929,453,476
39115,11,967,491,476
39115,12,1174,569,605
39115,13,1101,550,551
39115,14,1013,519,494
39115,15,719,367,352
39115,16,573,284,289
39115,17,451,193,258
39115,18,363,117,246
39117,0,35112,17495,17617
39117,1,1869,918,951
39117,2,2075,1077,998
39117,3,2474,1268,1206
39117,4,2384,1243,1141
39117,5,1706,905,801
39117,6,1967,964,1003
39117,7,1895,941,954
39117,8,2129,1080,1049
39117,9,2187,1109,1078
39117,10,2509,1264,1245
39117,11,2453,1249,1204
39117,12,2753,1385,1368
39117,13,2656,1293,1363
39117,14,2040,1002,1038
39117,15,1533,725,808
39117,16,1089,513,576
39117,17,720,323,397
39117,18,673,236,437
39119,0,86183,41821,44362
39119,1,5190,2669,2521
39119,2,5369,2715,2654
39119,3,5506,2786,2720
39119,4,5410,2816,2594
39119,5,5693,2821,2872
39119,6,5589,2785,2804
39119,7,4887,2384,2503
39119,8,5152,2547,2605
39119,9,4836,2352,2484
39119,10,5441,2641,2800
39119,11,5659,2840,2819
39119,12,6089,2930,3159
39119,13,5981,2903,3078
39119,14,4951,2311,2640
39119,15,3780,1682,2098
39119,16,2820,1229,1591
39119,17,1856,738,1118
39119,18,1974,672,1302
39121,0,14354,8371,5983
39121,1,680,357,323
39121,2,750,389,361
39121,3,755,375,380
39121,4,667,333,334
39121,5,619,294,325
39121,6,675,329,346
39121,7,633,316,317
39121,8,639,336,303
39121,9,532,251,281
39121,10,733,403,330
39121,11,912,558,354
39121,12,1099,699,400
39121,13,1709,1312,397
39121,14,1167,788,379
39121,15,1231,885,346
39121,16,650,380,270
39121,17,475,228,247
39121,18,428,138,290
39123,0,40769,20227,20542
39123,1,1739,882,857
39123,2,2018,1000,1018
39123,3,2302,1123,1179
39123,4,2290,1188,1102
39123,5,1935,1044,891
39123,6,1961,998,963
39123,7,1949,1010,939
39123,8,2089,1036,1053
39123,9,2008,1007,1001
39123,10,2468,1257,1211
39123,11,2720,1338,1382
39123,12,3469,1706,1763
39123,13,3623,1774,1849
39123,14,3296,1647,1649
39123,15,2627,1305,1322
39123,16,1923,931,992
39123,17,1155,535,620
39123,18,1197,446,751
39125,0,18760,9357,9403
39125,1,1082,550,532
39125,2,1130,575,555
39125,3,1391,714,677
39125,4,1208,619,589
39125,5,1016,507,509
39125,6,1033,542,491
39125,7,1055,531,524
39125,8,1106,567,539
39125,9,1062,525,537
39125,10,1161,583,578
39125,11,1257,647,610
39125,12,1435,720,715
39125,13,1339,687,652
39125,14,1166,591,575
39125,15,872,386,486
39125,16,646,306,340
39125,17,397,176,221
39125,18,404,131,273
39127,0,36033,18051,17982
39127,1,2177,1142,1035
39127,2,2296,1191,1105
39127,3,2497,1241,1256
39127,4,2261,1180,1081
39127,5,1953,1033,920
39127,6,2261,1130,1131
39127,7,2076,1055,1021
39127,8,2196,1095,1101
39127,9,2118,1053,1065
39127,10,2421,1220,1201
39127,11,2567,1306,1261
39127,12,2636,1280,1356
39127,13,2632,1404,1228
39127,14,2061,1019,1042
39127,15,1621,761,860
39127,16,1023,470,553
39127,17,669,294,375
39127,18,568,177,391
39129,0,58086,30479,27607
39129,1,3128,1565,1563
39129,2,3376,1685,1691
39129,3,3619,1826,1793
39129,4,3747,2036,1711
39129,5,3758,2246,1512
39129,6,4033,2360,1673
39129,7,3728,2161,1567
39129,8,3886,2141,1745
39129,9,3877,2115,1762
39129,10,4176,2279,1897
39129,11,4097,2232,1865
39129,12,3855,1971,1884
39129,13,3691,1810,1881
39129,14,2903,1351,1552
39129,15,2343,1071,1272
39129,16,1683,774,909
39129,17,1119,465,654
39129,18,1067,391,676
39131,0,28067,13942,14125
39131,1,1727,849,878
39131,2,1732,927,805
39131,3,1916,1013,903
39131,4,1857,1003,854
39131,5,1555,788,767
39131,6,1728,891,837
39131,7,1441,712,729
39131,8,1658,810,848
39131,9,1730,830,900
39131,10,1838,932,906
39131,11,1923,962,961
39131,12,2047,1019,1028
39131,13,1906,938,968
39131,14,1587,804,783
39131,15,1265,585,680
39131,16,906,401,505
39131,17,614,242,372
39131,18,637,236,401
39133,0,162927,79918,83009
39133,1,7492,3906,3586
39133,2,8038,4118,3920
39133,3,9168,4702,4466
39133,4,13254,6183,7071
39133,5,18748,8933,9815
39133,6,10284,5375,4909
39133,7,8456,4314,4142
39133,8,8893,4533,4360
39133,9,8346,4148,4198
39133,10,9940,4912,5028
39133,11,10535,5119,5416
39133,12,11745,5794,5951
39133,13,11234,5577,5657
39133,14,9059,4338,4721
39133,15,6904,3305,3599
39133,16,4803,2179,2624
39133,17,3062,1345,1717
39133,18,2966,1137,1829
39135,0,40997,20299,20698
39135,1,2206,1131,1075
39135,2,2413,1273,1140
39135,3,2843,1406,1437
39135,4,2622,1374,1248
39135,5,2127,1079,1048
39135,6,2269,1147,1122
39135,7,2246,1111,1135
39135,8,2439,1218,1221
39135,9,2412,1210,1202
39135,10,2649,1317,1332
39135,11,2813,1402,1411
39135,12,3095,1519,1576
39135,13,2970,1460,1510
39135,14,2668,1307,1361
39135,15,2012,960,1052
39135,16,1410,629,781
39135,17,988,456,532
39135,18,815,300,515
39137,0,33780,16863,16917
39137,1,2296,1127,1169
39137,2,2465,1290,1175
39137,3,2438,1255,1183
39137,4,2148,1092,1056
39137,5,1878,958,920
39137,6,1875,943,932
39137,7,1857,930,927
39137,8,2023,1011,1012
39137,9,1775,903,872
39137,10,1977,1025,952
39137,11,2184,1112,1072
39137,12,2539,1259,1280
39137,13,2451,1271,1180
39137,14,1895,959,936
39137,15,1317,646,671
39137,16,1043,468,575
39137,17,764,307,457
39137,18,855,307,548
39139,0,121099,61512,59587
39139,1,6839,3495,3344
39139,2,7249,3684,3565
39139,3,7555,3867,3688
39139,4,7225,3783,3442
39139,5,7330,4163,3167
39139,6,8061,4583,3478
39139,7,7237,4015,3222
39139,8,7178,3861,3317
39139,9,7095,3824,3271
39139,10,7262,3841,3421
39139,11,7629,3911,3718
39139,12,8408,4155,4253
39139,13,8466,4138,4328
39139,14,7206,3341,3865
39139,15,5761,2630,3131
39139,16,4278,1843,2435
39139,17,3062,1242,1820
39139,18,3258,1136,2122
39141,0,76931,40281,36650
39141,1,4253,2175,2078
39141,2,4299,2211,2088
39141,3,4769,2408,2361
39141,4,4551,2447,2104
39141,5,4449,2430,2019
39141,6,4996,2809,2187
39141,7,4620,2685,1935
39141,8,5054,2820,2234
39141,9,5040,2819,2221
39141,10,5440,3052,2388
39141,11,5492,3009,2483
39141,12,5697,2905,2792
39141,13,5419,2734,2685
39141,14,4270,2036,2234
39141,15,3230,1520,1710
39141,16,2462,1081,1381
39141,17,1603,693,910
39141,18,1287,447,840
39143,0,58799,29117,29682
39143,1,3307,1702,1605
39143,2,3501,1800,1701
39143,3,3817,1944,1873
39143,4,3764,1996,1768
39143,5,3223,1620,1603
39143,6,3450,1720,1730
39143,7,3292,1692,1600
39143,8,3594,1806,1788
39143,9,3368,1710,1658
39143,10,3652,1827,1825
39143,11,4020,2029,1991
39143,12,4331,2156,2175
39143,13,4439,2169,2270
39143,14,3598,1757,1841
39143,15,2789,1325,1464
39143,16,1863,821,1042
39143,17,1368,551,817
39143,18,1423,492,931
39145,0,75502,37285,38217
39145,1,4367,2191,2176
39145,2,4391,2240,2151
39145,3,4720,2405,2315
39145,4,4792,2521,2271
39145,5,4644,2526,2118
39145,6,5079,2769,2310
39145,7,4490,2359,2131
39145,8,4549,2277,2272
39145,9,4538,2245,2293
39145,10,4896,2446,2450
39145,11,4785,2314,2471
39145,12,5149,2467,2682
39145,13,5310,2480,2830
39145,14,4372,2106,2266
39145,15,3415,1571,1844
39145,16,2453,1046,1407
39145,17,1832,750,1082
39145,18,1720,572,1148
39147,0,55207,27592,27615
39147,1,2991,1504,1487
39147,2,3172,1655,1517
39147,3,3667,1947,1720
39147,4,4252,2197,2055
39147,5,3829,2030,1799
39147,6,3386,1760,1626
39147,7,3020,1567,1453
39147,8,3249,1674,1575
39147,9,3173,1566,1607
39147,10,3128,1593,1535
39147,11,3425,1737,1688
39147,12,3923,1941,1982
39147,13,3975,1993,1982
39147,14,3347,1645,1702
39147,15,2357,1098,1259
39147,16,1759,794,965
39147,17,1157,484,673
39147,18,1397,407,990
39149,0,48627,24423,24204
39149,1,3129,1602,1527
39149,2,3231,1675,1556
39149,3,3538,1863,1675
39149,4,3338,1757,1581
39149,5,2836,1448,1388
39149,6,3007,1534,1473
39149,7,2683,1349,1334
39149,8,2773,1415,1358
39149,9,2772,1360,1412
39149,10,3022,1539,1483
39149,11,3383,1726,1657
39149,12,3530,1812,1718
39149,13,3344,1680,1664
39149,14,2643,1328,1315
39149,15,2014,940,1074
39149,16,1390,609,781
39149,17,948,415,533
39149,18,1046,371,675
39151,0,371574,180539,191035
39151,1,20919,10821,10098
39151,2,21364,10980,10384
39151,3,23000,11743,11257
39151,4,23449,11953,11496
39151,5,22640,11551,11089
39151,6,23372,11604,11768
39151,7,20991,10450,10541
39151,8,21788,10679,11109
39151,9,20207,9904,10303
39151,10,23319,11415,11904
39151,11,24372,11932,12440
39151,12,26915,12980,13935
39151,13,26945,12895,14050
39151,14,23040,10895,12145
39151,15,17778,8187,9591
39151,16,12784,5571,7213
39151,17,8878,3695,5183
39151,18,9813,3284,6529
39153,0,541918,262912,279006
39153,1,30222,15272,14950
39153,2,30748,15744,15004
39153,3,31930,16248,15682
39153,4,33377,17139,16238
39153,5,33258,16855,16403
39153,6,38313,19233,19080
39153,7,34064,16891,17173
39153,8,32775,16237,16538
39153,9,30391,14919,15472
39153,10,34526,16818,17708
39153,11,36323,17699,18624
39153,12,39805,19149,20656
39153,13,38954,18438,20516
39153,14,32004,15113,16891
39153,15,24313,10996,13317
39153,16,16193,6957,9236
39153,17,11580,4714,6866
39153,18,13142,4490,8652
39155,0,198627,96722,101905
39155,1,10545,5492,5053
39155,2,10786,5443,5343
39155,3,11926,6076,5850
39155,4,11567,5978,5589
39155,5,11219,5692,5527
39155,6,12106,6140,5966
39155,7,10559,5344,5215
39155,8,10697,5260,5437
39155,9,10750,5363,5387
39155,10,12275,6020,6255
39155,11,13181,6456,6725
39155,12,14987,7171,7816
39155,13,15098,7331,7767
39155,14,13811,6426,7385
39155,15,10609,4948,5661
39155,16,7558,3379,4179
39155,17,5226,2207,3019
39155,18,5727,1996,3731
39157,0,92176,45484,46692
39157,1,5702,2906,2796
39157,2,5772,3005,2767
39157,3,5864,2983,2881
39157,4,5694,2984,2710
39157,5,5200,2681,2519
39157,6,5430,2790,2640
39157,7,5241,2678,2563
39157,8,5451,2758,2693
39157,9,5205,2668,2537
39157,10,5534,2734,2800
39157,11,5796,2859,2937
39157,12,6648,3282,3366
39157,13,6564,3240,3324
39157,14,5688,2684,3004
39157,15,4397,2056,2341
39157,16,3140,1379,1761
39157,17,2337,926,1411
39157,18,2513,871,1642
39159,0,57835,27731,30104
39159,1,3664,1890,1774
39159,2,3875,1958,1917
39159,3,4252,2125,2127
39159,4,3828,1996,1832
39159,5,3287,1547,1740
39159,6,3748,1676,2072
39159,7,3932,1712,2220
39159,8,4338,2007,2331
39159,9,4305,1981,2324
39159,10,4400,2140,2260
39159,11,4044,2018,2026
39159,12,3890,1919,1971
39159,13,3156,1544,1612
39159,14,2477,1196,1281
39159,15,1866,863,1003
39159,16,1232,546,686
39159,17,780,313,467
39159,18,761,300,461
39161,0,28281,14010,14271
39161,1,1784,951,833
39161,2,1712,869,843
39161,3,1911,953,958
39161,4,1781,907,874
39161,5,1617,839,778
39161,6,1734,888,846
39161,7,1499,758,741
39161,8,1748,914,834
39161,9,1605,830,775
39161,10,1711,858,853
39161,11,1783,880,903
39161,12,2026,996,1030
39161,13,2004,970,1034
39161,14,1660,836,824
39161,15,1314,595,719
39161,16,969,436,533
39161,17,670,297,373
39161,18,753,233,520
39163,0,13139,6587,6552
39163,1,737,388,349
39163,2,730,365,365
39163,3,853,443,410
39163,4,833,423,410
39163,5,693,367,326
39163,6,825,435,390
39163,7,677,349,328
39163,8,769,369,400
39163,9,839,429,410
39163,10,888,439,449
39163,11,892,428,464
39163,12,1082,567,515
39163,13,983,482,501
39163,14,804,395,409
39163,15,615,326,289
39163,16,419,197,222
39163,17,293,118,175
39163,18,207,67,140
39165,0,232173,116699,115474
39165,1,13434,6878,6556
39165,2,15628,8036,7592
39165,3,17301,8917,8384
39165,4,16547,8559,7988
39165,5,12984,7076,5908
39165,6,12233,6559,5674
39165,7,13702,7102,6600
39165,8,15926,8016,7910
39165,9,15536,7832,7704
39165,10,17476,8784,8692
39165,11,17014,8527,8487
39165,12,16468,8277,8191
39165,13,14278,7009,7269
39165,14,11107,5284,5823
39165,15,8788,4122,4666
39165,16,6083,2761,3322
39165,17,3913,1628,2285
39165,18,3755,1332,2423
39167,0,60155,29533,30622
39167,1,2964,1506,1458
39167,2,3230,1650,1580
39167,3,3426,1710,1716
39167,4,3757,1938,1819
39167,5,3726,1914,1812
39167,6,3512,1776,1736
39167,7,3241,1669,1572
39167,8,3443,1736,1707
39167,9,3285,1570,1715
39167,10,3761,1836,1925
39167,11,3916,1962,1954
39167,12,4575,2215,2360
39167,13,4656,2329,2327
39167,14,3967,1916,2051
39167,15,3148,1470,1678
39167,16,2453,1102,1351
39167,17,1567,686,881
39167,18,1528,548,980
39169,0,115967,57649,58318
39169,1,7597,3900,3697
39169,2,7733,3985,3748
39169,3,7909,4075,3834
39169,4,8338,4301,4037
39169,5,7711,4001,3710
39169,6,7131,3635,3496
39169,7,6543,3322,3221
39169,8,6557,3327,3230
39169,9,6262,3149,3113
39169,10,6699,3304,3395
39169,11,6955,3430,3525
39169,12,8061,4005,4056
39169,13,7744,3837,3907
39169,14,6624,3209,3415
39169,15,5051,2373,2678
39169,16,3769,1704,2065
39169,17,2577,1128,1449
39169,18,2706,964,1742
39171,0,36804,18324,18480
39171,1,2177,1113,1064
39171,2,2190,1080,1110
39171,3,2477,1251,1226
39171,4,2367,1238,1129
39171,5,2049,1066,983
39171,6,2185,1159,1026
39171,7,2109,1128,981
39171,8,2208,1105,1103
39171,9,2101,1120,981
39171,10,2184,1084,1100
39171,11,2331,1174,1157
39171,12,2798,1370,1428
39171,13,2700,1346,1354
39171,14,2125,1028,1097
39171,15,1673,793,880
39171,16,1326,593,733
39171,17,861,363,498
39171,18,943,313,630
39173,0,130696,64394,66302
39173,1,7065,3571,3494
39173,2,7224,3768,3456
39173,3,7745,3993,3752
39173,4,11113,5417,5696
39173,5,16073,7960,8113
39173,6,8586,4420,4166
39173,7,7354,3761,3593
39173,8,7492,3848,3644
39173,9,7019,3583,3436
39173,10,7557,3727,3830
39173,11,7339,3621,3718
39173,12,8092,3938,4154
39173,13,8039,3873,4166
39173,14,6790,3285,3505
39173,15,5001,2339,2662
39173,16,3322,1430,1892
39173,17,2351,972,1379
39173,18,2534,888,1646
39175,0,21935,10903,11032
39175,1,1238,633,605
39175,2,1337,679,658
39175,3,1494,778,716
39175,4,1345,711,634
39175,5,1194,628,566
39175,6,1188,635,553
39175,7,1242,593,649
39175,8,1386,699,687
39175,9,1293,658,635
39175,10,1369,676,693
39175,11,1462,741,721
39175,12,1563,779,784
39175,13,1551,773,778
39175,14,1298,635,663
39175,15,1012,487,525
39175,16,790,382,408
39175,17,560,224,336
39175,18,613,192,421
40001,0,22082,11015,11067
40001,1,1637,847,790
40001,2,1557,801,756
40001,3,1677,843,834
40001,4,1522,786,736
40001,5,1311,655,656
40001,6,1446,743,703
40001,7,1220,592,628
40001,8,1309,632,677
40001,9,1317,690,627
40001,10,1376,689,687
40001,11,1422,698,724
40001,12,1518,742,776
40001,13,1258,615,643
40001,14,1149,588,561
40001,15,937,437,500
40001,16,683,335,348
40001,17,407,189,218
40001,18,336,133,203
40003,0,5754,3434,2320
40003,1,304,181,123
40003,2,350,180,170
40003,3,296,148,148
40003,4,290,160,130
40003,5,238,126,112
40003,6,289,169,120
40003,7,317,193,124
40003,8,461,340,121
40003,9,428,314,114
40003,10,425,313,112
40003,11,428,294,134
40003,12,395,234,161
40003,13,404,238,166
40003,14,338,189,149
40003,15,247,122,125
40003,16,207,92,115
40003,17,168,76,92
40003,18,169,65,104
40005,0,13838,7200,6638
40005,1,832,461,371
40005,2,884,438,446
40005,3,881,466,415
40005,4,803,406,397
40005,5,752,431,321
40005,6,952,536,416
40005,7,877,487,390
40005,8,849,507,342
40005,9,780,453,327
40005,10,830,421,409
40005,11,814,420,394
40005,12,923,467,456
40005,13,915,442,473
40005,14,828,409,419
40005,15,743,336,407
40005,16,538,236,302
40005,17,357,161,196
40005,18,280,123,157
40007,0,5319,2688,2631
40007,1,310,161,149
40007,2,375,179,196
40007,3,427,226,201
40007,4,410,219,191
40007,5,233,119,114
40007,6,289,157,132
40007,7,269,138,131
40007,8,316,153,163
40007,9,270,136,134
40007,10,326,162,164
40007,11,331,157,174
40007,12,374,184,190
40007,13,340,195,145
40007,14,300,139,161
40007,15,269,140,129
40007,16,186,97,89
40007,17,144,65,79
40007,18,150,61,89
40009,0,21709,11653,10056
40009,1,1485,724,761
40009,2,1537,780,757
40009,3,1498,787,711
40009,4,1263,671,592
40009,5,1426,902,524
40009,6,1744,1045,699
40009,7,1650,997,653
40009,8,1546,905,641
40009,9,1294,748,546
40009,10,1259,695,564
40009,11,1221,676,545
40009,12,1365,707,658
40009,13,1307,631,676
40009,14,1057,496,561
40009,15,708,331,377
40009,16,508,225,283
40009,17,421,174,247
40009,18,420,159,261
40011,0,9485,4670,4815
40011,1,687,332,355
40011,2,703,402,301
40011,3,713,361,352
40011,4,596,296,300
40011,5,468,229,239
40011,6,496,243,253
40011,7,486,243,243
40011,8,507,254,253
40011,9,489,233,256
40011,10,525,262,263
40011,11,566,317,249
40011,12,696,336,360
40011,13,691,346,345
40011,14,576,278,298
40011,15,439,199,240
40011,16,359,163,196
40011,17,227,96,131
40011,18,261,80,181
40013,0,47192,23069,24123
40013,1,3054,1594,1460
40013,2,3107,1594,1513
40013,3,3051,1533,1518
40013,4,3222,1623,1599
40013,5,3076,1575,1501
40013,6,3552,1739,1813
40013,7,3139,1635,1504
40013,8,2901,1401,1500
40013,9,2538,1262,1276
40013,10,2781,1331,1450
40013,11,2701,1341,1360
40013,12,2808,1319,1489
40013,13,2785,1312,1473
40013,14,2560,1160,1400
40013,15,2236,1037,1199
40013,16,1666,799,867
40013,17,1067,458,609
40013,18,948,356,592
40015,0,28977,15204,13773
40015,1,1993,1051,942
40015,2,2072,1049,1023
40015,3,1956,972,984
40015,4,1956,1033,923
40015,5,1693,989,704
40015,6,2032,1248,784
40015,7,1854,1087,767
40015,8,1834,1024,810
40015,9,1565,907,658
40015,10,1737,939,798
40015,11,1729,905,824
40015,12,1922,983,939
40015,13,1753,861,892
40015,14,1460,679,781
40015,15,1255,575,680
40015,16,940,435,505
40015,17,641,262,379
40015,18,585,205,380
40017,0,144447,71712,72735
40017,1,9889,5104,4785
40017,2,10653,5415,5238
40017,3,11033,5535,5498
40017,4,9360,4747,4613
40017,5,7822,3984,3838
40017,6,10011,4945,5066
40017,7,11269,5735,5534
40017,8,11319,5747,5572
40017,9,9673,4947,4726
40017,10,9336,4701,4635
40017,11,8293,4129,4164
40017,12,8980,4407,4573
40017,13,8039,3875,4164
40017,14,6441,3046,3395
40017,15,5018,2356,2662
40017,16,3319,1516,1803
40017,17,2109,857,1252
40017,18,1883,666,1217
40019,0,48177,23451,24726
40019,1,3285,1714,1571
40019,2,3255,1634,1621
40019,3,3466,1709,1757
40019,4,3195,1600,1595
40019,5,2778,1406,1372
40019,6,3207,1635,1572
40019,7,2907,1490,1417
40019,8,3028,1478,1550
40019,9,2858,1448,1410
40019,10,2962,1469,1493
40019,11,2818,1415,1403
40019,12,3259,1580,1679
40019,13,3056,1449,1607
40019,14,2563,1155,1408
40019,15,1955,890,1065
40019,16,1575,676,899
40019,17,992,416,576
40019,18,1018,287,731
40021,0,48675,23794,24881
40021,1,2775,1421,1354
40021,2,3046,1526,1520
40021,3,3034,1477,1557
40021,4,3721,1871,1850
40021,5,5374,2714,2660
40021,6,3197,1599,1598
40021,7,2754,1408,1346
40021,8,2961,1484,1477
40021,9,2518,1246,1272
40021,10,2643,1296,1347
40021,11,2635,1261,1374
40021,12,3035,1428,1607
40021,13,2852,1361,1491
40021,14,2612,1296,1316
40021,15,2178,988,1190
40021,16,1487,662,825
40021,17,1026,430,596
40021,18,827,326,501
40023,0,14668,7036,7632
40023,1,986,474,512
40023,2,932,502,430
40023,3,1017,504,513
40023,4,905,439,466
40023,5,762,367,395
40023,6,878,440,438
40023,7,717,349,368
40023,8,800,352,448
40023,9,778,369,409
40023,10,835,411,424
40023,11,882,409,473
40023,12,1093,532,561
40023,13,1047,497,550
40023,14,928,452,476
40023,15,810,384,426
40023,16,597,257,340
40023,17,341,166,175
40023,18,360,132,228
40025,0,2153,1102,1051
40025,1,139,79,60
40025,2,164,95,69
40025,3,142,76,66
40025,4,137,66,71
40025,5,94,51,43
40025,6,98,47,51
40025,7,116,60,56
40025,8,108,50,58
40025,9,101,52,49
40025,10,122,67,55
40025,11,117,63,54
40025,12,135,74,61
40025,13,132,64,68
40025,14,170,81,89
40025,15,123,62,61
40025,16,121,56,65
40025,17,75,33,42
40025,18,59,26,33
40027,0,281669,140424,141245
40027,1,15130,7672,7458
40027,2,16849,8598,8251
40027,3,17975,9330,8645
40027,4,20965,10513,10452
40027,5,30443,15777,14666
40027,6,21938,11594,10344
40027,7,19789,10063,9726
40027,8,20298,10253,10045
40027,9,16705,8552,8153
40027,10,16493,8387,8106
40027,11,15249,7520,7729
40027,12,16932,8248,8684
40027,13,15244,7263,7981
40027,14,12878,5998,6880
40027,15,9906,4532,5374
40027,16,6686,2910,3776
40027,17,4021,1686,2335
40027,18,4168,1528,2640
40029,0,5520,2751,2769
40029,1,384,208,176
40029,2,331,179,152
40029,3,394,207,187
40029,4,335,174,161
40029,5,305,164,141
40029,6,361,185,176
40029,7,258,117,141
40029,8,274,144,130
40029,9,341,175,166
40029,10,290,132,158
40029,11,324,175,149
40029,12,393,206,187
40029,13,409,208,201
40029,14,330,145,185
40029,15,301,151,150
40029,16,203,83,120
40029,17,140,55,85
40029,18,147,43,104
40031,0,120422,62410,58012
40031,1,8293,4236,4057
40031,2,8060,4050,4010
40031,3,7712,3964,3748
40031,4,8531,4735,3796
40031,5,10869,6536,4333
40031,6,10560,5879,4681
40031,7,9293,5044,4249
40031,8,8269,4326,3943
40031,9,6588,3405,3183
40031,10,6550,3254,3296
40031,11,6544,3326,3218
40031,12,7393,3640,3753
40031,13,6568,3137,3431
40031,14,4966,2387,2579
40031,15,3713,1725,1988
40031,16,2769,1216,1553
40031,17,1879,826,1053
40031,18,1865,724,1141
40033,0,5776,2840,2936
40033,1,321,158,163
40033,2,358,181,177
40033,3,396,200,196
40033,4,338,173,165
40033,5,297,155,142
40033,6,361,186,175
40033,7,294,147,147
40033,8,335,167,168
40033,9,299,149,150
40033,10,343,175,168
40033,11,412,202,210
40033,12,455,215,240
40033,13,448,212,236
40033,14,323,170,153
40033,15,311,146,165
40033,16,214,85,129
40033,17,158,79,79
40033,18,113,40,73
40035,0,14306,7328,6978
40035,1,815,387,428
40035,2,838,443,395
40035,3,927,473,454
40035,4,897,472,425
40035,5,815,471,344
40035,6,913,514,399
40035,7,813,462,351
40035,8,811,442,369
40035,9,832,435,397
40035,10,913,492,421
40035,11,954,496,458
40035,12,1068,552,516
40035,13,910,455,455
40035,14,789,382,407
40035,15,693,332,361
40035,16,635,284,351
40035,17,348,133,215
40035,18,335,103,232
40037,0,71604,35428,36176
40037,1,4546,2339,2207
40037,2,4631,2402,2229
40037,3,4925,2516,2409
40037,4,4670,2436,2234
40037,5,4009,2081,1928
40037,6,4411,2226,2185
40037,7,4166,2157,2009
40037,8,4518,2264,2254
40037,9,4075,2019,2056
40037,10,4501,2226,2275
40037,11,4595,2255,2340
40037,12,5178,2565,2613
40037,13,4741,2296,2445
40037,14,4047,1925,2122
40037,15,3201,1454,1747
40037,16,2377,1086,1291
40037,17,1531,668,863
40037,18,1482,513,969
40039,0,29036,14446,14590
40039,1,2075,1078,997
40039,2,2084,1071,1013
40039,3,1911,940,971
40039,4,2387,1176,1211
40039,5,3620,1876,1744
40039,6,1941,1009,932
40039,7,1775,923,852
40039,8,1870,976,894
40039,9,1368,717,651
40039,10,1440,686,754
40039,11,1344,678,666
40039,12,1710,875,835
40039,13,1493,710,783
40039,14,1179,531,648
40039,15,1033,451,582
40039,16,709,319,390
40039,17,498,204,294
40039,18,599,226,373
40041,0,42733,21050,21683
40041,1,2153,1081,1072
40041,2,2230,1145,1085
40041,3,2592,1359,1233
40041,4,2479,1269,1210
40041,5,2191,1137,1054
40041,6,2286,1128,1158
40041,7,2080,998,1082
40041,8,2166,1045,1121
40041,9,2113,1067,1046
40041,10,2467,1210,1257
40041,11,2695,1308,1387
40041,12,3300,1598,1702
40041,13,3300,1541,1759
40041,14,3275,1518,1757
40041,15,2989,1518,1471
40041,16,2177,1061,1116
40041,17,1222,626,596
40041,18,1018,441,577
40043,0,4894,2413,2481
40043,1,335,169,166
40043,2,403,198,205
40043,3,370,187,183
40043,4,333,163,170
40043,5,230,129,101
40043,6,300,147,153
40043,7,275,141,134
40043,8,296,156,140
40043,9,271,139,132
40043,10,227,109,118
40043,11,294,149,145
40043,12,333,167,166
40043,13,325,160,165
40043,14,239,112,127
40043,15,239,126,113
40043,16,189,75,114
40043,17,135,59,76
40043,18,100,27,73
40045,0,3952,1940,2012
40045,1,227,112,115
40045,2,235,107,128
40045,3,281,141,140
40045,4,249,130,119
40045,5,186,100,86
40045,6,192,94,98
40045,7,192,104,88
40045,8,247,123,124
40045,9,243,129,114
40045,10,225,117,108
40045,11,203,103,100
40045,12,290,145,145
40045,13,296,142,154
40045,14,295,147,148
40045,15,213,94,119
40045,16,162,77,85
40045,17,108,48,60
40045,18,108,27,81
40047,0,60913,30323,30590
40047,1,4481,2308,2173
40047,2,4450,2235,2215
40047,3,4418,2283,2135
40047,4,3741,1894,1847
40047,5,3884,2102,1782
40047,6,4384,2277,2107
40047,7,4178,2172,2006
40047,8,4169,2089,2080
40047,9,3253,1640,1613
40047,10,3040,1546,1494
40047,11,3294,1647,1647
40047,12,3986,1994,1992
40047,13,3653,1791,1862
40047,14,3064,1432,1632
40047,15,2307,1063,1244
40047,16,1825,798,1027
40047,17,1328,520,808
40047,18,1458,532,926
40049,0,27811,13727,14084
40049,1,1846,924,922
40049,2,1936,983,953
40049,3,1983,990,993
40049,4,1825,956,869
40049,5,1517,796,721
40049,6,1677,843,834
40049,7,1633,817,816
40049,8,1839,959,880
40049,9,1613,820,793
40049,10,1715,875,840
40049,11,1537,752,785
40049,12,1816,863,953
40049,13,1887,908,979
40049,14,1538,743,795
40049,15,1240,584,656
40049,16,960,393,567
40049,17,648,286,362
40049,18,601,235,366
40051,0,55551,27773,27778
40051,1,3160,1611,1549
40051,2,3717,1945,1772
40051,3,4088,2125,1963
40051,4,3727,2011,1716
40051,5,3038,1575,1463
40051,6,3344,1693,1651
40051,7,3237,1553,1684
40051,8,3931,1974,1957
40051,9,3323,1696,1627
40051,10,3594,1778,1816
40051,11,3433,1736,1697
40051,12,4222,2111,2111
40051,13,3723,1843,1880
40051,14,2936,1411,1525
40051,15,2396,1150,1246
40051,16,1656,762,894
40051,17,1091,464,627
40051,18,935,335,600
40053,0,4326,2145,2181
40053,1,261,135,126
40053,2,282,137,145
40053,3,319,139,180
40053,4,253,137,116
40053,5,205,96,109
40053,6,238,124,114
40053,7,238,131,107
40053,8,241,114,127
40053,9,208,116,92
40053,10,226,111,115
40053,11,265,129,136
40053,12,345,192,153
40053,13,294,154,140
40053,14,296,146,150
40053,15,196,91,105
40053,16,173,67,106
40053,17,150,73,77
40053,18,136,53,83
40055,0,5821,3347,2474
40055,1,283,146,137
40055,2,346,165,181
40055,3,305,166,139
40055,4,349,171,178
40055,5,357,245,112
40055,6,466,352,114
40055,7,459,314,145
40055,8,414,272,142
40055,9,391,257,134
40055,10,366,243,123
40055,11,385,233,152
40055,12,365,194,171
40055,13,299,148,151
40055,14,271,131,140
40055,15,239,108,131
40055,16,195,76,119
40055,17,155,71,84
40055,18,176,55,121
40057,0,2664,1273,1391
40057,1,168,85,83
40057,2,179,74,105
40057,3,210,92,118
40057,4,172,79,93
40057,5,135,74,61
40057,6,141,69,72
40057,7,152,84,68
40057,8,162,76,86
40057,9,135,68,67
40057,10,151,70,81
40057,11,186,95,91
40057,12,175,87,88
40057,13,173,88,85
40057,14,160,78,82
40057,15,126,61,65
40057,16,86,41,45
40057,17,73,29,44
40057,18,80,23,57
40059,0,3797,1898,1899
40059,1,256,138,118
40059,2,280,137,143
40059,3,319,143,176
40059,4,247,129,118
40059,5,175,88,87
40059,6,187,95,92
40059,7,218,105,113
40059,8,242,118,124
40059,9,226,141,85
40059,10,182,96,86
40059,11,239,117,122
40059,12,293,159,134
40059,13,247,132,115
40059,14,213,109,104
40059,15,141,63,78
40059,16,115,44,71
40059,17,115,48,67
40059,18,102,36,66
40061,0,12668,6331,6337
40061,1,764,397,367
40061,2,820,421,399
40061,3,861,465,396
40061,4,821,454,367
40061,5,668,360,308
40061,6,764,382,382
40061,7,674,326,348
40061,8,812,418,394
40061,9,713,362,351
40061,10,730,374,356
40061,11,742,360,382
40061,12,876,398,478
40061,13,853,398,455
40061,14,760,394,366
40061,15,696,321,375
40061,16,526,267,259
40061,17,305,137,168
40061,18,283,97,186
40063,0,13335,7182,6153
40063,1,808,427,381
40063,2,792,405,387
40063,3,794,429,365
40063,4,788,419,369
40063,5,865,509,356
40063,6,959,596,363
40063,7,874,579,295
40063,8,902,542,360
40063,9,779,465,314
40063,10,798,470,328
40063,11,806,417,389
40063,12,849,434,415
40063,13,812,395,417
40063,14,746,350,396
40063,15,671,301,370
40063,16,462,190,272
40063,17,309,134,175
40063,18,321,120,201
40065,0,24949,12392,12557
40065,1,1903,968,935
40065,2,1835,926,909
40065,3,1602,764,838
40065,4,1590,836,754
40065,5,1962,1084,878
40065,6,1856,999,857
40065,7,1897,967,930
40065,8,1625,804,821
40065,9,1334,678,656
40065,10,1294,603,691
40065,11,1396,672,724
40065,12,1527,734,793
40065,13,1427,714,713
40065,14,1092,500,592
40065,15,946,454,492
40065,16,687,302,385
40065,17,486,212,274
40065,18,490,175,315
40067,0,6123,3062,3061
40067,1,391,207,184
40067,2,432,222,210
40067,3,415,206,209
40067,4,372,181,191
40067,5,288,168,120
40067,6,355,177,178
40067,7,348,180,168
40067,8,321,176,145
40067,9,325,157,168
40067,10,313,168,145
40067,11,366,185,181
40067,12,447,227,220
40067,13,443,211,232
40067,14,407,198,209
40067,15,329,145,184
40067,16,268,122,146
40067,17,156,78,78
40067,18,147,54,93
40069,0,10949,5416,5533
40069,1,665,355,310
40069,2,694,347,347
40069,3,782,398,384
40069,4,771,392,379
40069,5,648,329,319
40069,6,664,337,327
40069,7,617,281,336
40069,8,608,309,299
40069,9,655,351,304
40069,10,626,313,313
40069,11,654,329,325
40069,12,740,359,381
40069,13,696,318,378
40069,14,672,327,345
40069,15,566,275,291
40069,16,384,182,202
40069,17,303,134,169
40069,18,204,80,124
40071,0,44161,21932,22229
40071,1,3013,1543,1470
40071,2,3113,1607,1506
40071,3,3173,1622,1551
40071,4,2954,1534,1420
40071,5,2513,1312,1201
40071,6,2849,1410,1439
40071,7,2500,1274,1226
40071,8,2614,1355,1259
40071,9,2461,1268,1193
40071,10,2260,1161,1099
40071,11,2478,1282,1196
40071,12,2868,1419,1449
40071,13,2826,1379,1447
40071,14,2510,1152,1358
40071,15,2122,1010,1112
40071,16,1613,707,906
40071,17,1111,482,629
40071,18,1183,415,768
40073,0,15816,7878,7938
40073,1,1079,545,534
40073,2,1252,634,618
40073,3,1200,612,588
40073,4,1168,636,532
40073,5,857,427,430
40073,6,897,448,449
40073,7,964,500,464
40073,8,1040,500,540
40073,9,868,429,439
40073,10,924,484,440
40073,11,950,479,471
40073,12,1123,578,545
40073,13,971,470,501
40073,14,794,400,394
40073,15,587,260,327
40073,16,458,210,248
40073,17,352,152,200
40073,18,332,114,218
40075,0,8729,4338,4391
40075,1,538,272,266
40075,2,576,297,279
40075,3,579,278,301
40075,4,558,295,263
40075,5,470,250,220
40075,6,503,247,256
40075,7,457,231,226
40075,8,494,246,248
40075,9,459,248,211
40075,10,450,223,227
40075,11,593,292,301
40075,12,653,334,319
40075,13,670,319,351
40075,14,530,269,261
40075,15,443,199,244
40075,16,356,174,182
40075,17,234,106,128
40075,18,166,58,108
40077,0,10231,5187,5044
40077,1,601,296,305
40077,2,592,302,290
40077,3,598,304,294
40077,4,752,406,346
40077,5,657,348,309
40077,6,626,299,327
40077,7,505,248,257
40077,8,586,301,285
40077,9,461,241,220
40077,10,575,280,295
40077,11,615,304,311
40077,12,714,359,355
40077,13,679,338,341
40077,14,596,301,295
40077,15,561,286,275
40077,16,454,232,222
40077,17,308,161,147
40077,18,351,181,170
40079,0,49980,25125,24855
40079,1,3202,1649,1553
40079,2,3093,1585,1508
40079,3,3533,1826,1707
40079,4,3421,1815,1606
40079,5,2871,1498,1373
40079,6,3250,1677,1573
40079,7,2870,1490,1380
40079,8,3074,1542,1532
40079,9,2881,1566,1315
40079,10,3051,1577,1474
40079,11,3114,1575,1539
40079,12,3412,1653,1759
40079,13,3170,1513,1657
40079,14,2916,1416,1500
40079,15,2367,1136,1231
40079,16,1705,776,929
40079,17,1074,464,610
40079,18,976,367,609
40081,0,34920,17388,17532
40081,1,2057,1008,1049
40081,2,2278,1193,1085
40081,3,2484,1279,1205
40081,4,2286,1160,1126
40081,5,1822,965,857
40081,6,2089,1055,1034
40081,7,1891,909,982
40081,8,2070,1042,1028
40081,9,1925,944,981
40081,10,2146,1096,1050
40081,11,2319,1176,1143
40081,12,2625,1298,1327
40081,13,2528,1268,1260
40081,14,1998,981,1017
40081,15,1678,786,892
40081,16,1230,552,678
40081,17,805,385,420
40081,18,689,291,398
40083,0,47291,23438,23853
40083,1,2749,1422,1327
40083,2,2931,1475,1456
40083,3,3219,1667,1552
40083,4,3846,1932,1914
40083,5,3074,1595,1479
40083,6,2496,1254,1242
40083,7,2795,1386,1409
40083,8,3185,1550,1635
40083,9,2925,1513,1412
40083,10,2997,1444,1553
40083,11,2902,1410,1492
40083,12,3466,1676,1790
40083,13,3245,1525,1720
40083,14,2562,1246,1316
40083,15,1911,969,942
40083,16,1347,677,670
40083,17,844,382,462
40083,18,797,315,482
40085,0,10134,5052,5082
40085,1,648,341,307
40085,2,706,354,352
40085,3,702,333,369
40085,4,646,311,335
40085,5,599,293,306
40085,6,678,352,326
40085,7,599,313,286
40085,8,605,301,304
40085,9,534,273,261
40085,10,603,300,303
40085,11,578,285,293
40085,12,666,327,339
40085,13,635,316,319
40085,14,599,306,293
40085,15,527,269,258
40085,16,388,193,195
40085,17,227,112,115
40085,18,194,73,121
40087,0,39985,19844,20141
40087,1,2385,1253,1132
40087,2,2843,1492,1351
40087,3,3193,1592,1601
40087,4,2715,1418,1297
40087,5,2157,1138,1019
40087,6,2191,1030,1161
40087,7,2463,1199,1264
40087,8,2825,1388,1437
40087,9,2669,1319,1350
40087,10,2503,1253,1250
40087,11,2478,1244,1234
40087,12,2857,1419,1438
40087,13,2512,1204,1308
40087,14,2093,1015,1078
40087,15,1610,769,841
40087,16,1197,548,649
40087,17,730,340,390
40087,18,564,223,341
40089,0,32703,16071,16632
40089,1,2269,1192,1077
40089,2,2336,1153,1183
40089,3,2293,1192,1101
40089,4,2103,1067,1036
40089,5,1941,1001,940
40089,6,2173,1096,1077
40089,7,1808,902,906
40089,8,1863,914,949
40089,9,1789,865,924
40089,10,1968,955,1013
40089,11,2020,1005,1015
40089,12,2116,1057,1059
40089,13,2063,945,1118
40089,14,1809,857,952
40089,15,1555,724,831
40089,16,1175,575,600
40089,17,748,325,423
40089,18,674,246,428
40091,0,19815,9788,10027
40091,1,1111,583,528
40091,2,1054,546,508
40091,3,1117,589,528
40091,4,1117,598,519
40091,5,984,505,479
40091,6,988,489,499
40091,7,938,455,483
40091,8,1042,513,529
40091,9,986,474,512
40091,10,1163,542,621
40091,11,1189,604,585
40091,12,1547,756,791
40091,13,1575,753,822
40091,14,1464,690,774
40091,15,1308,649,659
40091,16,1059,523,536
40091,17,609,303,306
40091,18,564,216,348
40093,0,7644,3744,3900
40093,1,503,235,268
40093,2,554,292,262
40093,3,559,268,291
40093,4,481,236,245
40093,5,345,175,170
40093,6,394,204,190
40093,7,405,205,200
40093,8,490,244,246
40093,9,390,209,181
40093,10,422,201,221
40093,11,422,201,221
40093,12,545,297,248
40093,13,534,265,269
40093,14,457,224,233
40093,15,379,180,199
40093,16,286,118,168
40093,17,265,115,150
40093,18,213,75,138
40095,0,16806,8230,8576
40095,1,995,477,518
40095,2,1072,542,530
40095,3,1140,564,576
40095,4,1050,562,488
40095,5,921,485,436
40095,6,890,453,437
40095,7,812,380,432
40095,8,930,460,470
40095,9,964,460,504
40095,10,965,456,509
40095,11,1026,510,516
40095,12,1190,564,626
40095,13,1201,595,606
40095,14,1028,487,541
40095,15,975,468,507
40095,16,748,377,371
40095,17,494,224,270
40095,18,405,166,239
40097,0,41107,20539,20568
40097,1,2442,1271,1171
40097,2,2636,1361,1275
40097,3,2810,1452,1358
40097,4,2692,1419,1273
40097,5,2358,1224,1134
40097,6,2613,1305,1308
40097,7,2292,1107,1185
40097,8,2504,1269,1235
40097,9,2412,1214,1198
40097,10,2510,1302,1208
40097,11,2575,1325,1250
40097,12,2848,1384,1464
40097,13,2839,1425,1414
40097,14,2402,1140,1262
40097,15,2066,990,1076
40097,16,1498,709,789
40097,17,907,375,532
40097,18,703,267,436
40099,0,13953,7014,6939
40099,1,775,413,362
40099,2,892,477,415
40099,3,975,500,475
40099,4,899,501,398
40099,5,718,389,329
40099,6,788,358,430
40099,7,793,412,381
40099,8,876,426,450
40099,9,725,353,372
40099,10,925,477,448
40099,11,831,394,437
40099,12,1007,512,495
40099,13,995,498,497
40099,14,827,388,439
40099,15,727,363,364
40099,16,539,254,285
40099,17,358,168,190
40099,18,303,131,172
40101,0,68362,33301,35061
40101,1,4471,2288,2183
40101,2,4665,2331,2334
40101,3,4748,2424,2324
40101,4,4612,2412,2200
40101,5,4326,2243,2083
40101,6,4519,2255,2264
40101,7,4288,2055,2233
40101,8,4393,2114,2279
40101,9,3991,1976,2015
40101,10,4034,1972,2062
40101,11,3998,1991,2007
40101,12,4502,2197,2305
40101,13,4382,2056,2326
40101,14,3686,1712,1974
40101,15,2882,1369,1513
40101,16,2082,863,1219
40101,17,1398,569,829
40101,18,1385,474,911
40103,0,11289,5610,5679
40103,1,682,351,331
40103,2,749,384,365
40103,3,747,373,374
40103,4,725,403,322
40103,5,576,294,282
40103,6,657,327,330
40103,7,668,327,341
40103,8,669,345,324
40103,9,615,303,312
40103,10,683,336,347
40103,11,739,383,356
40103,12,806,405,401
40103,13,786,390,396
40103,14,679,349,330
40103,15,536,237,299
40103,16,419,187,232
40103,17,284,125,159
40103,18,269,91,178
40105,0,10218,5095,5123
40105,1,604,313,291
40105,2,652,336,316
40105,3,647,321,326
40105,4,634,335,299
40105,5,536,287,249
40105,6,631,299,332
40105,7,598,316,282
40105,8,602,310,292
40105,9,555,286,269
40105,10,630,322,308
40105,11,657,321,336
40105,12,775,388,387
40105,13,735,366,369
40105,14,578,264,314
40105,15,495,229,266
40105,16,416,194,222
40105,17,236,105,131
40105,18,237,103,134
40107,0,12098,6523,5575
40107,1,683,344,339
40107,2,808,421,387
40107,3,807,410,397
40107,4,717,387,330
40107,5,704,391,313
40107,6,807,472,335
40107,7,754,456,298
40107,8,779,459,320
40107,9,733,429,304
40107,10,809,450,359
40107,11,765,432,333
40107,12,819,451,368
40107,13,769,407,362
40107,14,645,307,338
40107,15,575,287,288
40107,16,440,222,218
40107,17,248,107,141
40107,18,236,91,145
40109,0,792582,388135,404447
40109,1,59329,30228,29101
40109,2,57972,29763,28209
40109,3,55075,28121,26954
40109,4,50152,25588,24564
40109,5,52298,26491,25807
40109,6,63770,31498,32272
40109,7,59717,29836,29881
40109,8,55544,27634,27910
40109,9,46895,23021,23874
40109,10,45685,22598,23087
40109,11,43944,21442,22502
40109,12,48594,23274,25320
40109,13,45289,21483,23806
40109,14,36737,17139,19598
40109,15,27619,12649,14970
40109,16,18397,7859,10538
40109,17,12462,5021,7441
40109,18,13103,4490,8613
40111,0,38335,18967,19368
40111,1,2295,1221,1074
40111,2,2522,1330,1192
40111,3,2596,1296,1300
40111,4,2733,1442,1291
40111,5,2472,1390,1082
40111,6,2435,1264,1171
40111,7,2150,1075,1075
40111,8,2249,1121,1128
40111,9,2018,967,1051
40111,10,2206,1136,1070
40111,11,2257,1104,1153
40111,12,2676,1288,1388
40111,13,2485,1174,1311
40111,14,2274,1054,1220
40111,15,1800,804,996
40111,16,1373,598,775
40111,17,914,390,524
40111,18,880,313,567
40113,0,47014,23567,23447
40113,1,2339,1208,1131
40113,2,2882,1428,1454
40113,3,3068,1578,1490
40113,4,2978,1577,1401
40113,5,2475,1328,1147
40113,6,2761,1483,1278
40113,7,2669,1417,1252
40113,8,2797,1442,1355
40113,9,2609,1315,1294
40113,10,2823,1418,1405
40113,11,3148,1575,1573
40113,12,3574,1749,1825
40113,13,3505,1706,1799
40113,14,2983,1405,1578
40113,15,2511,1135,1376
40113,16,1722,853,869
40113,17,1193,546,647
40113,18,977,404,573
40115,0,31175,15313,15862
40115,1,2002,1026,976
40115,2,2193,1144,1049
40115,3,2151,1119,1032
40115,4,2315,1205,1110
40115,5,2045,1102,943
40115,6,2049,984,1065
40115,7,1667,804,863
40115,8,1768,850,918
40115,9,1686,842,844
40115,10,1811,928,883
40115,11,1810,868,942
40115,12,1989,975,1014
40115,13,1969,923,1046
40115,14,1693,806,887
40115,15,1536,724,812
40115,16,1081,473,608
40115,17,724,310,414
40115,18,686,230,456
40117,0,16390,8125,8265
40117,1,965,473,492
40117,2,1065,574,491
40117,3,1158,583,575
40117,4,1073,553,520
40117,5,848,428,420
40117,6,919,472,447
40117,7,879,446,433
40117,8,941,459,482
40117,9,951,481,470
40117,10,1028,510,518
40117,11,1093,553,540
40117,12,1105,563,542
40117,13,1201,565,636
40117,14,1002,483,519
40117,15,795,371,424
40117,16,672,301,371
40117,17,359,174,185
40117,18,336,136,200
40119,0,82040,41905,40135
40119,1,4324,2171,2153
40119,2,4432,2244,2188
40119,3,4473,2362,2111
40119,4,7835,3907,3928
40119,5,16610,9183,7427
40119,6,6328,3465,2863
40119,7,4729,2454,2275
40119,8,4647,2359,2288
40119,9,3818,2000,1818
40119,10,3495,1793,1702
40119,11,3372,1639,1733
40119,12,3924,1888,2036
40119,13,3745,1808,1937
40119,14,3216,1533,1683
40119,15,2603,1202,1401
40119,16,1868,806,1062
40119,17,1266,545,721
40119,18,1355,546,809
40121,0,43877,22362,21515
40121,1,2574,1320,1254
40121,2,2730,1415,1315
40121,3,2839,1474,1365
40121,4,2480,1281,1199
40121,5,2422,1310,1112
40121,6,2982,1656,1326
40121,7,2780,1553,1227
40121,8,2805,1504,1301
40121,9,2499,1355,1144
40121,10,2495,1312,1183
40121,11,2693,1406,1287
40121,12,3019,1481,1538
40121,13,2769,1308,1461
40121,14,2637,1286,1351
40121,15,2280,1062,1218
40121,16,1706,763,943
40121,17,1118,467,651
40121,18,1049,409,640
40123,0,38247,18570,19677
40123,1,2612,1317,1295
40123,2,2663,1343,1320
40123,3,2494,1231,1263
40123,4,2753,1396,1357
40123,5,2884,1438,1446
40123,6,2852,1381,1471
40123,7,2553,1322,1231
40123,8,2302,1162,1140
40123,9,2085,1005,1080
40123,10,2053,1028,1025
40123,11,2084,1029,1055
40123,12,2467,1186,1281
40123,13,2129,983,1146
40123,14,1872,868,1004
40123,15,1613,733,880
40123,16,1179,519,660
40123,17,816,332,484
40123,18,836,297,539
40125,0,72679,34813,37866
40125,1,4387,2260,2127
40125,2,4883,2437,2446
40125,3,4906,2497,2409
40125,4,5189,2618,2571
40125,5,4814,2343,2471
40125,6,4836,2314,2522
40125,7,4504,2140,2364
40125,8,4659,2121,2538
40125,9,4422,2113,2309
40125,10,4512,2121,2391
40125,11,4399,2132,2267
40125,12,4852,2317,2535
40125,13,4462,2111,2351
40125,14,3756,1743,2013
40125,15,3127,1443,1684
40125,16,2215,1023,1192
40125,17,1445,608,837
40125,18,1311,472,839
40127,0,11179,5489,5690
40127,1,676,343,333
40127,2,684,331,353
40127,3,700,372,328
40127,4,655,336,319
40127,5,549,275,274
40127,6,617,297,320
40127,7,633,319,314
40127,8,636,344,292
40127,9,548,269,279
40127,10,622,305,317
40127,11,749,351,398
40127,12,815,417,398
40127,13,723,357,366
40127,14,758,347,411
40127,15,664,305,359
40127,16,511,243,268
40127,17,333,152,181
40127,18,306,126,180
40129,0,3656,1817,1839
40129,1,242,121,121
40129,2,231,116,115
40129,3,293,140,153
40129,4,232,117,115
40129,5,177,97,80
40129,6,167,78,89
40129,7,180,90,90
40129,8,248,119,129
40129,9,196,112,84
40129,10,194,105,89
40129,11,215,111,104
40129,12,256,126,130
40129,13,265,139,126
40129,14,224,110,114
40129,15,182,86,96
40129,16,144,62,82
40129,17,112,44,68
40129,18,98,44,54
40131,0,91984,45861,46123
40131,1,5355,2776,2579
40131,2,5808,3000,2808
40131,3,6321,3241,3080
40131,4,6325,3264,3061
40131,5,5667,2915,2752
40131,6,5928,3041,2887
40131,7,5556,2721,2835
40131,8,5801,2905,2896
40131,9,5370,2671,2699
40131,10,6074,3042,3032
40131,11,6108,2993,3115
40131,12,6666,3307,3359
40131,13,5924,2940,2984
40131,14,4867,2342,2525
40131,15,3947,1858,2089
40131,16,2789,1327,1462
40131,17,1903,858,1045
40131,18,1575,660,915
40133,0,24578,12057,12521
40133,1,1600,813,787
40133,2,1677,872,805
40133,3,1722,894,828
40133,4,1844,917,927
40133,5,1495,776,719
40133,6,1423,734,689
40133,7,1301,666,635
40133,8,1471,673,798
40133,9,1381,661,720
40133,10,1389,680,709
40133,11,1544,760,784
40133,12,1695,832,863
40133,13,1604,785,819
40133,14,1355,657,698
40133,15,1111,516,595
40133,16,884,383,501
40133,17,589,275,314
40133,18,493,163,330
40135,0,41179,20267,20912
40135,1,2581,1285,1296
40135,2,2396,1244,1152
40135,3,2734,1410,1324
40135,4,2689,1391,1298
40135,5,2418,1289,1129
40135,6,2559,1266,1293
40135,7,2282,1128,1154
40135,8,2349,1159,1190
40135,9,2453,1211,1242
40135,10,2656,1262,1394
40135,11,2754,1373,1381
40135,12,2959,1469,1490
40135,13,2547,1205,1342
40135,14,2456,1145,1311
40135,15,2066,996,1070
40135,16,1526,666,860
40135,17,984,444,540
40135,18,770,324,446
40137,0,43265,20912,22353
40137,1,2567,1303,1264
40137,2,2697,1334,1363
40137,3,2930,1456,1474
40137,4,2770,1440,1330
40137,5,2300,1102,1198
40137,6,2555,1261,1294
40137,7,2479,1248,1231
40137,8,2641,1287,1354
40137,9,2441,1220,1221
40137,10,2404,1195,1209
40137,11,2630,1249,1381
40137,12,3116,1511,1605
40137,13,3103,1489,1614
40137,14,2678,1255,1423
40137,15,2092,960,1132
40137,16,1597,696,901
40137,17,1144,499,645
40137,18,1121,407,714
40139,0,20455,10943,9512
40139,1,1726,918,808
40139,2,1513,778,735
40139,3,1526,753,773
40139,4,1641,911,730
40139,5,1563,877,686
40139,6,1458,865,593
40139,7,1426,799,627
40139,8,1366,770,596
40139,9,1252,687,565
40139,10,1244,649,595
40139,11,1145,610,535
40139,12,1129,615,514
40139,13,1069,558,511
40139,14,793,397,396
40139,15,596,308,288
40139,16,418,200,218
40139,17,307,141,166
40139,18,283,107,176
40141,0,7348,3706,3642
40141,1,427,206,221
40141,2,472,201,271
40141,3,519,276,243
40141,4,462,247,215
40141,5,398,222,176
40141,6,414,232,182
40141,7,402,196,206
40141,8,430,241,189
40141,9,385,200,185
40141,10,461,239,222
40141,11,460,237,223
40141,12,556,277,279
40141,13,493,246,247
40141,14,431,216,215
40141,15,395,196,199
40141,16,278,122,156
40141,17,204,89,115
40141,18,161,63,98
40143,0,648360,316369,331991
40143,1,46314,23911,22403
40143,2,45924,23394,22530
40143,3,45417,23178,22239
40143,4,42259,21637,20622
40143,5,41251,20606,20645
40143,6,49156,24468,24688
40143,7,45847,22643,23204
40143,8,44331,22037,22294
40143,9,39278,19182,20096
40143,10,39640,19609,20031
40143,11,37331,18252,19079
40143,12,40268,19421,20847
40143,13,38026,17906,20120
40143,14,30920,14354,16566
40143,15,23872,10542,13330
40143,16,15916,6817,9099
40143,17,10704,4321,6383
40143,18,11906,4091,7815
40145,0,80110,39674,40436
40145,1,4756,2420,2336
40145,2,5563,2892,2671
40145,3,5731,2918,2813
40145,4,5192,2707,2485
40145,5,4259,2218,2041
40145,6,5034,2467,2567
40145,7,5324,2636,2688
40145,8,5483,2638,2845
40145,9,4957,2445,2512
40145,10,5201,2660,2541
40145,11,5007,2455,2552
40145,12,5455,2698,2757
40145,13,5091,2424,2667
40145,14,4298,2035,2263
40145,15,3701,1764,1937
40145,16,2420,1136,1284
40145,17,1476,706,770
40145,18,1162,455,707
40147,0,51843,25268,26575
40147,1,3259,1624,1635
40147,2,3568,1866,1702
40147,3,3515,1790,1725
40147,4,3226,1707,1519
40147,5,2812,1452,1360
40147,6,3237,1632,1605
40147,7,3240,1645,1595
40147,8,3283,1679,1604
40147,9,2722,1321,1401
40147,10,2922,1404,1518
40147,11,2910,1389,1521
40147,12,3485,1614,1871
40147,13,3565,1714,1851
40147,14,2844,1356,1488
40147,15,2452,1074,1378
40147,16,1886,826,1060
40147,17,1422,626,796
40147,18,1495,549,946
40149,0,11127,5522,5605
40149,1,765,417,348
40149,2,757,397,360
40149,3,817,409,408
40149,4,743,386,357
40149,5,502,238,264
40149,6,663,344,319
40149,7,666,340,326
40149,8,730,377,353
40149,9,587,293,294
40149,10,576,272,304
40149,11,628,316,312
40149,12,855,430,425
40149,13,831,421,410
40149,14,608,291,317
40149,15,474,219,255
40149,16,370,165,205
40149,17,257,117,140
40149,18,298,90,208
40151,0,8897,4746,4151
40151,1,557,283,274
40151,2,514,265,249
40151,3,469,243,226
40151,4,699,409,290
40151,5,1040,635,405
40151,6,724,435,289
40151,7,596,350,246
40151,8,518,284,234
40151,9,401,203,198
40151,10,389,198,191
40151,11,457,231,226
40151,12,527,265,262
40151,13,484,238,246
40151,14,440,219,221
40151,15,338,163,175
40151,16,264,137,127
40151,17,221,92,129
40151,18,259,96,163
40153,0,20222,10634,9588
40153,1,1329,655,674
40153,2,1432,763,669
40153,3,1362,698,664
40153,4,1299,657,642
40153,5,1228,687,541
40153,6,1454,841,613
40153,7,1354,787,567
40153,8,1481,810,671
40153,9,1282,707,575
40153,10,1179,674,505
40153,11,1131,612,519
40153,12,1309,655,654
40153,13,1204,635,569
40153,14,954,454,500
40153,15,771,362,409
40153,16,665,317,348
40153,17,457,196,261
40153,18,331,124,207
41001,0,16006,8146,7860
41001,1,837,430,407
41001,2,895,467,428
41001,3,882,451,431
41001,4,786,415,371
41001,5,716,397,319
41001,6,800,439,361
41001,7,917,463,454
41001,8,906,483,423
41001,9,744,395,349
41001,10,871,456,415
41001,11,921,456,465
41001,12,1206,583,623
41001,13,1298,615,683
41001,14,1349,668,681
41001,15,1050,537,513
41001,16,842,423,419
41001,17,495,236,259
41001,18,491,232,259
41003,0,92101,46216,45885
41003,1,3799,1900,1899
41003,2,3976,2043,1933
41003,3,4416,2227,2189
41003,4,8415,4247,4168
41003,5,15408,8363,7045
41003,6,7072,3834,3238
41003,7,5076,2587,2489
41003,8,4935,2453,2482
41003,9,4414,2212,2202
41003,10,4610,2248,2362
41003,11,4380,2145,2235
41003,12,5102,2409,2693
41003,13,5553,2558,2995
41003,14,5303,2616,2687
41003,15,3876,1883,1993
41003,16,2454,1129,1325
41003,17,1536,695,841
41003,18,1776,667,1109
41005,0,416075,205076,210999
41005,1,22309,11313,10996
41005,2,24862,12823,12039
41005,3,26275,13464,12811
41005,4,24725,12771,11954
41005,5,22671,11723,10948
41005,6,25475,13028,12447
41005,7,25657,12729,12928
41005,8,28352,13954,14398
41005,9,26814,13354,13460
41005,10,27992,13963,14029
41005,11,27288,13528,13760
41005,12,29431,14311,15120
41005,13,28906,13964,14942
41005,14,26067,12271,13796
41005,15,20027,9428,10599
41005,16,12857,6030,6827
41005,17,7594,3340,4254
41005,18,8773,3082,5691
41007,0,39764,19655,20109
41007,1,2056,1038,1018
41007,2,2104,1044,1060
41007,3,2131,1056,1075
41007,4,2187,1124,1063
41007,5,2094,1122,972
41007,6,2454,1266,1188
41007,7,2376,1207,1169
41007,8,2592,1278,1314
41007,9,2149,1092,1057
41007,10,2224,1137,1087
41007,11,2260,1087,1173
41007,12,2887,1419,1468
41007,13,3332,1556,1776
41007,14,3282,1602,1680
41007,15,2466,1214,1252
41007,16,1481,726,755
41007,17,921,427,494
41007,18,768,260,508
41009,0,52377,26190,26187
41009,1,2826,1491,1335
41009,2,3006,1493,1513
41009,3,3176,1611,1565
41009,4,3203,1667,1536
41009,5,2714,1436,1278
41009,6,3080,1584,1496
41009,7,2975,1441,1534
41009,8,3311,1666,1645
41009,9,3115,1574,1541
41009,10,3538,1759,1779
41009,11,3562,1830,1732
41009,12,4124,2005,2119
41009,13,3938,1960,1978
41009,14,3397,1686,1711
41009,15,2655,1296,1359
41009,16,1792,880,912
41009,17,1025,478,547
41009,18,940,333,607
41011,0,64389,31756,32633
41011,1,3194,1648,1546
41011,2,3288,1672,1616
41011,3,3328,1682,1646
41011,4,3187,1616,1571
41011,5,3096,1576,1520
41011,6,3656,1871,1785
41011,7,3457,1742,1715
41011,8,3654,1902,1752
41011,9,3233,1600,1633
41011,10,3407,1710,1697
41011,11,3760,1827,1933
41011,12,4960,2320,2640
41011,13,5543,2636,2907
41011,14,5384,2553,2831
41011,15,4345,2137,2208
41011,16,3123,1526,1597
41011,17,2031,954,1077
41011,18,1743,784,959
41013,0,23867,11858,12009
41013,1,1315,665,650
41013,2,1263,620,643
41013,3,1345,689,656
41013,4,1221,651,570
41013,5,1099,553,546
41013,6,1209,606,603
41013,7,1270,641,629
41013,8,1308,648,660
41013,9,1374,681,693
41013,10,1284,639,645
41013,11,1414,664,750
41013,12,1821,892,929
41013,13,2000,948,1052
41013,14,2032,974,1058
41013,15,1643,844,799
41013,16,1096,596,500
41013,17,620,309,311
41013,18,553,238,315
41015,0,22813,11227,11586
41015,1,906,472,434
41015,2,909,448,461
41015,3,914,501,413
41015,4,886,469,417
41015,5,816,453,363
41015,6,1020,548,472
41015,7,988,482,506
41015,8,977,481,496
41015,9,942,466,476
41015,10,1112,540,572
41015,11,1354,632,722
41015,12,1891,905,986
41015,13,2298,1060,1238
41015,14,2514,1218,1296
41015,15,2132,1077,1055
41015,16,1500,738,762
41015,17,876,394,482
41015,18,778,343,435
41017,0,191996,95002,96994
41017,1,9834,5050,4784
41017,2,10582,5408,5174
41017,3,11541,5968,5573
41017,4,10369,5334,5035
41017,5,9523,4893,4630
41017,6,12239,6324,5915
41017,7,12769,6297,6472
41017,8,13144,6668,6476
41017,9,12119,6041,6078
41017,10,12872,6466,6406
41017,11,11468,5596,5872
41017,12,12942,6080,6862
41017,13,14186,6582,7604
41017,14,13713,6580,7133
41017,15,10724,5282,5442
41017,16,6610,3196,3414
41017,17,3723,1837,1886
41017,18,3638,1400,2238
41019,0,110283,54364,55919
41019,1,5701,2921,2780
41019,2,5902,3020,2882
41019,3,6050,3092,2958
41019,4,5731,2986,2745
41019,5,5168,2706,2462
41019,6,6217,3078,3139
41019,7,6067,2979,3088
41019,8,6067,3029,3038
41019,9,5587,2798,2789
41019,10,5888,2931,2957
41019,11,6547,3177,3370
41019,12,8148,3839,4309
41019,13,8836,4292,4544
41019,14,8767,4190,4577
41019,15,7512,3761,3751
41019,16,5282,2635,2647
41019,17,3380,1566,1814
41019,18,3433,1364,2069
41021,0,1894,968,926
41021,1,86,47,39
41021,2,121,62,59
41021,3,100,53,47
41021,4,96,55,41
41021,5,85,59,26
41021,6,62,27,35
41021,7,84,49,35
41021,8,118,58,60
41021,9,81,38,43
41021,10,92,41,51
41021,11,102,53,49
41021,12,149,82,67
41021,13,191,99,92
41021,14,155,80,75
41021,15,133,65,68
41021,16,85,36,49
41021,17,65,33,32
41021,18,89,31,58
41023,0,7176,3587,3589
41023,1,314,170,144
41023,2,356,184,172
41023,3,375,191,184
41023,4,339,164,175
41023,5,290,148,142
41023,6,314,165,149
41023,7,381,185,196
41023,8,359,185,174
41023,9,347,182,165
41023,10,358,171,187
41023,11,363,160,203
41023,12,578,281,297
41023,13,622,301,321
41023,14,656,340,316
41023,15,544,271,273
41023,16,426,224,202
41023,17,273,135,138
41023,18,281,130,151
41025,0,7329,3738,3591
41025,1,437,228,209
41025,2,401,211,190
41025,3,422,237,185
41025,4,393,234,159
41025,5,376,223,153
41025,6,385,191,194
41025,7,415,207,208
41025,8,414,199,215
41025,9,402,205,197
41025,10,383,184,199
41025,11,416,189,227
41025,12,528,254,274
41025,13,564,285,279
41025,14,591,302,289
41025,15,428,223,205
41025,16,352,182,170
41025,17,223,107,116
41025,18,199,77,122
41027,0,23428,11711,11717
41027,1,1464,726,738
41027,2,1510,759,751
41027,3,1618,813,805
41027,4,1637,865,772
41027,5,1342,736,606
41027,6,1404,716,688
41027,7,1525,789,736
41027,8,1558,742,816
41027,9,1576,793,783
41027,10,1463,724,739
41027,11,1522,760,762
41027,12,1580,788,792
41027,13,1563,776,787
41027,14,1263,679,584
41027,15,907,435,472
41027,16,581,260,321
41027,17,417,196,221
41027,18,498,154,344
41029,0,219564,107102,112462
41029,1,12186,6272,5914
41029,2,12889,6564,6325
41029,3,12736,6481,6255
41029,4,12155,6194,5961
41029,5,11883,5949,5934
41029,6,14326,7242,7084
41029,7,13472,6673,6799
41029,8,13588,6669,6919
41029,9,12237,6100,6137
41029,10,12543,6213,6330
41029,11,12599,6197,6402
41029,12,14761,7003,7758
41029,13,15953,7453,8500
41029,14,15803,7437,8366
41029,15,12805,6092,6713
41029,16,8565,4004,4561
41029,17,5349,2384,2965
41029,18,5714,2175,3539
41031,0,24192,12478,11714
41031,1,1543,780,763
41031,2,1685,892,793
41031,3,1575,801,774
41031,4,1385,683,702
41031,5,1324,743,581
41031,6,1608,903,705
41031,7,1456,750,706
41031,8,1386,770,616
41031,9,1292,685,607
41031,10,1447,758,689
41031,11,1468,770,698
41031,12,1636,804,832
41031,13,1673,830,843
41031,14,1584,772,812
41031,15,1329,691,638
41031,16,912,425,487
41031,17,534,269,265
41031,18,355,152,203
41033,0,87393,42681,44712
41033,1,4523,2300,2223
41033,2,4656,2395,2261
41033,3,4995,2566,2429
41033,4,4605,2477,2128
41033,5,4020,2123,1897
41033,6,4858,2440,2418
41033,7,4621,2372,2249
41033,8,4638,2340,2298
41033,9,4396,2163,2233
41033,10,4774,2330,2444
41033,11,5069,2436,2633
41033,12,6487,3023,3464
41033,13,7042,3245,3797
41033,14,7100,3333,3767
41033,15,6109,2895,3214
41033,16,4159,1962,2197
41033,17,2699,1252,1447
41033,18,2642,1029,1613
41035,0,67653,33817,33836
41035,1,4196,2150,2046
41035,2,4167,2106,2061
41035,3,4061,2090,1971
41035,4,3889,2073,1816
41035,5,3916,2027,1889
41035,6,4571,2352,2219
41035,7,4028,2031,1997
41035,8,3764,1896,1868
41035,9,3457,1736,1721
41035,10,3775,1925,1850
41035,11,3915,1923,1992
41035,12,4583,2201,2382
41035,13,4991,2377,2614
41035,14,5003,2436,2567
41035,15,3730,1915,1815
41035,16,2618,1299,1319
41035,17,1574,740,834
41035,18,1415,540,875
41037,0,7879,4201,3678
41037,1,402,222,180
41037,2,428,207,221
41037,3,422,193,229
41037,4,410,221,189
41037,5,334,189,145
41037,6,392,214,178
41037,7,397,224,173
41037,8,427,248,179
41037,9,470,262,208
41037,10,492,303,189
41037,11,442,238,204
41037,12,605,310,295
41037,13,671,320,351
41037,14,644,353,291
41037,15,503,270,233
41037,16,402,209,193
41037,17,225,127,98
41037,18,213,91,122
41039,0,379611,186873,192738
41039,1,18701,9702,8999
41039,2,19034,9774,9260
41039,3,19960,10221,9739
41039,4,24409,12276,12133
41039,5,35685,17880,17805
41039,6,27003,14058,12945
41039,7,22731,11589,11142
41039,8,24115,12011,12104
41039,9,21940,11082,10858
41039,10,21317,10686,10631
41039,11,21013,10417,10596
41039,12,24427,11518,12909
41039,13,25884,12036,13848
41039,14,25369,12045,13324
41039,15,19122,9080,10042
41039,16,12895,5953,6942
41039,17,7663,3404,4259
41039,18,8343,3141,5202
41041,0,49388,23815,25573
41041,1,2227,1168,1059
41041,2,2358,1227,1131
41041,3,2389,1161,1228
41041,4,2273,1210,1063
41041,5,1986,1024,962
41041,6,2313,1163,1150
41041,7,2402,1181,1221
41041,8,2737,1307,1430
41041,9,2407,1195,1212
41041,10,2615,1299,1316
41041,11,2783,1262,1521
41041,12,3953,1823,2130
41041,13,4903,2252,2651
41041,14,5143,2398,2745
41041,15,3786,1802,1984
41041,16,2434,1149,1285
41041,17,1422,708,714
41041,18,1257,486,771
41043,0,127335,62960,64375
41043,1,7811,4026,3785
41043,2,7817,4009,3808
41043,3,8151,4239,3912
41043,4,7586,3868,3718
41043,5,7267,3684,3583
41043,6,8925,4507,4418
41043,7,8315,4136,4179
41043,8,7897,3837,4060
41043,9,7302,3633,3669
41043,10,7642,3877,3765
41043,11,7434,3613,3821
41043,12,8747,4300,4447
41043,13,8770,4202,4568
41043,14,7916,3847,4069
41043,15,6234,3051,3183
41043,16,4331,1997,2334
41043,17,2653,1140,1513
41043,18,2537,994,1543
41045,0,30725,16677,14048
41045,1,2205,1111,1094
41045,2,2341,1200,1141
41045,3,2189,1102,1087
41045,4,2128,1086,1042
41045,5,2097,1273,824
41045,6,2185,1332,853
41045,7,1927,1171,756
41045,8,1884,1106,778
41045,9,1757,1045,712
41045,10,1771,1063,708
41045,11,1668,934,734
41045,12,1775,942,833
41045,13,1742,909,833
41045,14,1523,781,742
41045,15,1291,629,662
41045,16,907,436,471
41045,17,658,287,371
41045,18,677,270,407
41047,0,346868,172899,173969
41047,1,23378,11992,11386
41047,2,23756,12215,11541
41047,3,24357,12515,11842
41047,4,23007,11903,11104
41047,5,22545,11694,10851
41047,6,25571,13103,12468
41047,7,23381,12017,11364
41047,8,23246,11868,11378
41047,9,21087,10787,10300
41047,10,20738,10550,10188
41047,11,19711,9945,9766
41047,12,21090,10309,10781
41047,13,20652,9833,10819
41047,14,18023,8304,9719
41047,15,14091,6539,7552
41047,16,9559,4259,5300
41047,17,6115,2696,3419
41047,18,6561,2370,4191
41049,0,11372,5842,5530
41049,1,841,426,415
41049,2,858,468,390
41049,3,898,477,421
41049,4,863,469,394
41049,5,676,362,314
41049,6,620,338,282
41049,7,588,275,313
41049,8,681,322,359
41049,9,633,351,282
41049,10,649,317,332
41049,11,646,331,315
41049,12,728,367,361
41049,13,810,403,407
41049,14,680,336,344
41049,15,472,234,238
41049,16,322,153,169
41049,17,235,121,114
41049,18,172,92,80
41051,0,811880,402182,409698
41051,1,43965,22658,21307
41051,2,42877,21843,21034
41051,3,41833,21445,20388
41051,4,40476,20663,19813
41051,5,47447,23351,24096
41051,6,75089,36939,38150
41051,7,76916,38457,38459
41051,8,72682,36707,35975
41051,9,61896,31676,30220
41051,10,57709,29478,28231
41051,11,48996,25104,23892
41051,12,47252,23445,23807
41051,13,45662,22107,23555
41051,14,40465,19184,21281
41051,15,28542,13136,15406
41051,16,17107,7603,9504
41051,17,10477,4223,6254
41051,18,12489,4163,8326
41053,0,85234,41658,43576
41053,1,4901,2444,2457
41053,2,5441,2765,2676
41053,3,5724,2924,2800
41053,4,6299,3155,3144
41053,5,7702,3737,3965
41053,6,5470,2808,2662
41053,7,4957,2506,2451
41053,8,5060,2445,2615
41053,9,4887,2410,2477
41053,10,4786,2380,2406
41053,11,4620,2239,2381
41053,12,4942,2424,2518
41053,13,5170,2352,2818
41053,14,4873,2314,2559
41053,15,4070,1912,2158
41053,16,2788,1329,1459
41053,17,1760,791,969
41053,18,1784,723,1061
41055,0,1708,880,828
41055,1,91,46,45
41055,2,77,37,40
41055,3,86,44,42
41055,4,93,55,38
41055,5,56,31,25
41055,6,78,37,41
41055,7,97,44,53
41055,8,93,40,53
41055,9,99,62,37
41055,10,98,59,39
41055,11,102,49,53
41055,12,147,70,77
41055,13,138,72,66
41055,14,128,74,54
41055,15,105,51,54
41055,16,85,43,42
41055,17,69,27,42
41055,18,66,39,27
41057,0,26787,13561,13226
41057,1,1305,693,612
41057,2,1455,768,687
41057,3,1470,754,716
41057,4,1295,717,578
41057,5,1234,711,523
41057,6,1406,730,676
41057,7,1470,764,706
41057,8,1488,745,743
41057,9,1324,697,627
41057,10,1490,746,744
41057,11,1573,782,791
41057,12,1976,984,992
41057,13,2392,1132,1260
41057,14,2462,1216,1246
41057,15,1888,886,1002
41057,16,1232,621,611
41057,17,686,356,330
41057,18,641,259,382
41059,0,77516,40461,37055
41059,1,5090,2537,2553
41059,2,5471,2832,2639
41059,3,5717,2911,2806
41059,4,5206,2680,2526
41059,5,4991,2832,2159
41059,6,5813,3333,2480
41059,7,5006,2730,2276
41059,8,4978,2722,2256
41059,9,4793,2612,2181
41059,10,4677,2475,2202
41059,11,4480,2367,2113
41059,12,4597,2371,2226
41059,13,4577,2313,2264
41059,14,3993,2002,1991
41059,15,3119,1511,1608
41059,16,2141,1034,1107
41059,17,1424,650,774
41059,18,1443,549,894
41061,0,26461,13158,13303
41061,1,1582,822,760
41061,2,1678,845,833
41061,3,1680,890,790
41061,4,1875,968,907
41061,5,2096,1053,1043
41061,6,1559,790,769
41061,7,1545,782,763
41061,8,1623,836,787
41061,9,1350,692,658
41061,10,1289,643,646
41061,11,1300,635,665
41061,12,1616,742,874
41061,13,1930,921,1009
41061,14,1691,846,845
41061,15,1350,681,669
41061,16,979,461,518
41061,17,611,293,318
41061,18,707,258,449
41063,0,7081,3498,3583
41063,1,341,157,184
41063,2,363,191,172
41063,3,392,223,169
41063,4,331,162,169
41063,5,210,94,116
41063,6,293,144,149
41063,7,404,193,211
41063,8,393,201,192
41063,9,337,182,155
41063,10,316,156,160
41063,11,393,172,221
41063,12,577,266,311
41063,13,665,315,350
41063,14,690,348,342
41063,15,518,271,247
41063,16,367,191,176
41063,17,242,130,112
41063,18,249,102,147
41065,0,26505,13322,13183
41065,1,1704,937,767
41065,2,1634,833,801
41065,3,1612,824,788
41065,4,1449,774,675
41065,5,1459,751,708
41065,6,1856,964,892
41065,7,1711,892,819
41065,8,1612,819,793
41065,9,1442,725,717
41065,10,1426,725,701
41065,11,1436,706,730
41065,12,1780,842,938
41065,13,1926,931,995
41065,14,1841,940,901
41065,15,1385,708,677
41065,16,964,465,499
41065,17,573,251,322
41065,18,695,235,460
41067,0,597695,295687,302008
41067,1,35956,18303,17653
41067,2,37971,19582,18389
41067,3,39401,20024,19377
41067,4,36107,18553,17554
41067,5,36009,17993,18016
41067,6,46552,23750,22802
41067,7,47549,24471,23078
41067,8,47226,23853,23373
41067,9,42636,21370,21266
41067,10,42034,21034,21000
41067,11,36904,18488,18416
41067,12,36099,17665,18434
41067,13,32983,15796,17187
41067,14,27689,12778,14911
41067,15,21165,9368,11797
41067,16,13324,5840,7484
41067,17,8373,3454,4919
41067,18,9717,3365,6352
41069,0,1366,677,689
41069,1,67,31,36
41069,2,50,23,27
41069,3,54,28,26
41069,4,64,38,26
41069,5,43,31,12
41069,6,54,29,25
41069,7,60,27,33
41069,8,56,27,29
41069,9,55,31,24
41069,10,65,33,32
41069,11,81,40,41
41069,12,100,45,55
41069,13,142,69,73
41069,14,135,65,70
41069,15,108,57,51
41069,16,113,57,56
41069,17,60,25,35
41069,18,59,21,38
41071,0,107002,53571,53431
41071,1,6121,3098,3023
41071,2,6394,3218,3176
41071,3,6939,3619,3320
41071,4,7755,3868,3887
41071,5,7395,3755,3640
41071,6,6815,3644,3171
41071,7,6751,3521,3230
41071,8,7079,3687,3392
41071,9,6725,3468,3257
41071,10,6561,3414,3147
41071,11,6376,3302,3074
41071,12,6804,3273,3531
41071,13,6950,3381,3569
41071,14,6040,2841,3199
41071,15,4760,2306,2454
41071,16,3141,1428,1713
41071,17,2067,885,1182
41071,18,2329,863,1466
42001,0,102811,50589,52222
42001,1,5121,2583,2538
42001,2,5544,2863,2681
42001,3,6139,3128,3011
42001,4,6707,3329,3378
42001,5,6596,3338,3258
42001,6,5697,2928,2769
42001,7,5506,2807,2699
42001,8,5449,2748,2701
42001,9,5363,2694,2669
42001,10,6669,3282,3387
42001,11,7570,3750,3820
42001,12,7829,3875,3954
42001,13,7667,3706,3961
42001,14,6705,3295,3410
42001,15,5353,2453,2900
42001,16,3755,1762,1993
42001,17,2460,1071,1389
42001,18,2681,977,1704
42003,0,1218452,588896,629556
42003,1,63965,32609,31356
42003,2,62136,31666,30470
42003,3,62783,32264,30519
42003,4,70765,35787,34978
42003,5,75217,37283,37934
42003,6,94658,47689,46969
42003,7,92982,47360,45622
42003,8,78363,39752,38611
42003,9,65203,32397,32806
42003,10,70659,34863,35796
42003,11,75787,36467,39320
42003,12,87021,41370,45651
42003,13,88536,42018,46518
42003,14,73823,34372,39451
42003,15,53520,24046,29474
42003,16,39079,16233,22846
42003,17,27942,10891,17051
42003,18,36013,11829,24184
42005,0,65263,32502,32761
42005,1,3180,1662,1518
42005,2,3510,1764,1746
42005,3,3667,1904,1763
42005,4,3365,1704,1661
42005,5,3276,1698,1578
42005,6,3598,1883,1715
42005,7,3399,1756,1643
42005,8,3605,1799,1806
42005,9,3651,1856,1795
42005,10,4272,2186,2086
42005,11,4583,2300,2283
42005,12,5411,2731,2680
42005,13,5408,2752,2656
42005,14,4543,2275,2268
42005,15,3464,1678,1786
42005,16,2579,1144,1435
42005,17,1807,711,1096
42005,18,1945,699,1246
42007,0,164742,80005,84737
42007,1,8362,4216,4146
42007,2,8858,4532,4326
42007,3,9205,4710,4495
42007,4,8827,4582,4245
42007,5,8785,4494,4291
42007,6,9716,4951,4765
42007,7,9526,4810,4716
42007,8,9834,4982,4852
42007,9,8764,4377,4387
42007,10,9734,4790,4944
42007,11,11276,5457,5819
42007,12,13353,6459,6894
42007,13,13090,6332,6758
42007,14,11067,5234,5833
42007,15,8423,3896,4527
42007,16,6157,2649,3508
42007,17,4611,1834,2777
42007,18,5154,1700,3454
42009,0,48176,24000,24176
42009,1,2425,1277,1148
42009,2,2463,1226,1237
42009,3,2691,1387,1304
42009,4,2773,1444,1329
42009,5,2428,1278,1150
42009,6,2679,1443,1236
42009,7,2309,1162,1147
42009,8,2498,1264,1234
42009,9,2621,1300,1321
42009,10,3234,1615,1619
42009,11,3444,1759,1685
42009,12,3864,1937,1927
42009,13,3729,1851,1878
42009,14,3174,1574,1600
42009,15,2703,1299,1404
42009,16,2197,1015,1182
42009,17,1437,611,826
42009,18,1507,558,949
42011,0,420152,206740,213412
42011,1,24151,12292,11859
42011,2,25642,13076,12566
42011,3,27166,13935,13231
42011,4,29488,14943,14545
42011,5,27708,14133,13575
42011,6,26950,13882,13068
42011,7,25194,12663,12531
42011,8,24753,12135,12618
42011,9,23592,11701,11891
42011,10,26626,13043,13583
42011,11,29187,14261,14926
42011,12,30290,15096,15194
42011,13,27053,13307,13746
42011,14,22520,10974,11546
42011,15,18066,8372,9694
42011,16,12392,5529,6863
42011,17,8747,3706,5041
42011,18,10627,3692,6935
42013,0,122492,59979,62513
42013,1,6464,3369,3095
42013,2,6903,3547,3356
42013,3,7309,3791,3518
42013,4,7461,3886,3575
42013,5,6295,3232,3063
42013,6,8050,4139,3911
42013,7,6962,3539,3423
42013,8,7072,3562,3510
42013,9,6953,3443,3510
42013,10,7616,3789,3827
42013,11,8017,3996,4021
42013,12,8827,4353,4474
42013,13,9118,4345,4773
42013,14,7930,3784,4146
42013,15,6112,2831,3281
42013,16,4517,1936,2581
42013,17,3220,1292,1928
42013,18,3666,1145,2521
42015,0,60833,30157,30676
42015,1,3560,1822,1738
42015,2,3710,1845,1865
42015,3,3881,1992,1889
42015,4,3450,1767,1683
42015,5,3154,1583,1571
42015,6,3461,1786,1675
42015,7,3186,1600,1586
42015,8,3187,1583,1604
42015,9,3062,1493,1569
42015,10,3632,1825,1807
42015,11,4169,2061,2108
42015,12,4816,2403,2413
42015,13,4610,2295,2315
42015,14,3912,1902,2010
42015,15,3379,1669,1710
42015,16,2458,1177,1281
42015,17,1609,717,892
42015,18,1597,637,960
42017,0,628195,308395,319800
42017,1,30738,15790,14948
42017,2,33896,17186,16710
42017,3,38750,19904,18846
42017,4,38653,20167,18486
42017,5,35760,18110,17650
42017,6,34678,17769,16909
42017,7,35539,17903,17636
42017,8,37739,18675,19064
42017,9,35825,17758,18067
42017,10,42251,20654,21597
42017,11,47613,23214,24399
42017,12,52248,25619,26629
42017,13,47445,23336,24109
42017,14,37504,18208,19296
42017,15,28967,13466,15501
42017,16,20107,9046,11061
42017,17,14027,5833,8194
42017,18,16455,5757,10698
42019,0,187888,93117,94771
42019,1,9684,4990,4694
42019,2,10164,5219,4945
42019,3,10805,5535,5270
42019,4,12397,6318,6079
42019,5,10677,5450,5227
42019,6,10293,5396,4897
42019,7,10901,5595,5306
42019,8,11342,5695,5647
42019,9,10770,5443,5327
42019,10,12513,6279,6234
42019,11,14043,6968,7075
42019,12,14770,7292,7478
42019,13,14188,7095,7093
42019,14,11520,5589,5931
42019,15,8493,4044,4449
42019,16,6137,2753,3384
42019,17,4237,1811,2426
42019,18,4954,1645,3309
42021,0,131730,64770,66960
42021,1,6625,3436,3189
42021,2,6699,3411,3288
42021,3,7387,3755,3632
42021,4,8348,4229,4119
42021,5,8232,4289,3943
42021,6,7124,3708,3416
42021,7,6604,3363,3241
42021,8,6852,3464,3388
42021,9,7185,3605,3580
42021,10,7947,4034,3913
42021,11,8677,4359,4318
42021,12,9695,4862,4833
42021,13,10619,5205,5414
42021,14,9478,4634,4844
42021,15,6993,3284,3709
42021,16,5034,2233,2801
42021,17,3721,1465,2256
42021,18,4510,1434,3076
42023,0,4492,2246,2246
42023,1,211,104,107
42023,2,219,119,100
42023,3,198,101,97
42023,4,228,122,106
42023,5,205,99,106
42023,6,214,118,96
42023,7,185,103,82
42023,8,212,102,110
42023,9,204,112,92
42023,10,258,135,123
42023,11,317,159,158
42023,12,395,199,196
42023,13,423,196,227
42023,14,370,197,173
42023,15,315,171,144
42023,16,220,105,115
42023,17,132,45,87
42023,18,186,59,127
42025,0,64227,32037,32190
42025,1,3084,1590,1494
42025,2,3249,1633,1616
42025,3,3745,1844,1901
42025,4,3495,1843,1652
42025,5,3135,1625,1510
42025,6,3581,1877,1704
42025,7,3564,1823,1741
42025,8,3580,1821,1759
42025,9,3623,1894,1729
42025,10,4380,2217,2163
42025,11,4840,2381,2459
42025,12,5172,2592,2580
42025,13,5154,2585,2569
42025,14,4434,2192,2242
42025,15,3488,1720,1768
42025,16,2443,1148,1295
42025,17,1623,704,919
42025,18,1637,548,1089
42027,0,162805,85643,77162
42027,1,6301,3301,3000
42027,2,6758,3509,3249
42027,3,7002,3549,3453
42027,4,15843,7959,7884
42027,5,27192,15387,11805
42027,6,12614,7206,5408
42027,7,9943,5582,4361
42027,8,9141,5137,4004
42027,9,8276,4538,3738
42027,10,8805,4698,4107
42027,11,9197,4761,4436
42027,12,9394,4763,4631
42027,13,9144,4677,4467
42027,14,7522,3677,3845
42027,15,5621,2678,2943
42027,16,4076,1831,2245
42027,17,2888,1249,1639
42027,18,3088,1141,1947
42029,0,522046,257214,264832
42029,1,28748,14492,14256
42029,2,32248,16461,15787
42029,3,35411,18098,17313
42029,4,36654,18393,18261
42029,5,32341,16273,16068
42029,6,29753,15397,14356
42029,7,30771,15632,15139
42029,8,32473,16255,16218
42029,9,31899,15952,15947
42029,10,35383,17528,17855
42029,11,37542,18484,19058
42029,12,38799,18928,19871
42029,13,34689,17065,17624
42029,14,27920,13287,14633
42029,15,21639,10140,11499
42029,16,14855,6663,8192
42029,17,9583,4074,5509
42029,18,11338,4092,7246
42031,0,38779,18984,19795
42031,1,2009,1068,941
42031,2,1961,994,967
42031,3,2014,1011,1003
42031,4,2984,1398,1586
42031,5,3461,1672,1789
42031,6,2463,1249,1214
42031,7,2041,1075,966
42031,8,2012,991,1021
42031,9,1868,909,959
42031,10,2336,1146,1190
42031,11,2505,1261,1244
42031,12,2731,1394,1337
42031,13,2791,1349,1442
42031,14,2428,1198,1230
42031,15,1768,839,929
42031,16,1424,635,789
42031,17,1019,437,582
42031,18,964,358,606
42033,0,79388,41694,37694
42033,1,3685,1938,1747
42033,2,3819,1950,1869
42033,3,4327,2188,2139
42033,4,4095,2189,1906
42033,5,4724,2803,1921
42033,6,5082,2974,2108
42033,7,4529,2676,1853
42033,8,4708,2672,2036
42033,9,4742,2605,2137
42033,10,5614,3092,2522
42033,11,5778,3091,2687
42033,12,6127,3188,2939
42033,13,5867,2965,2902
42033,14,4974,2447,2527
42033,15,3989,1944,2045
42033,16,3002,1340,1662
42033,17,2070,880,1190
42033,18,2256,752,1504
42035,0,38684,19036,19648
42035,1,2054,1072,982
42035,2,2138,1087,1051
42035,3,2266,1158,1108
42035,4,2924,1396,1528
42035,5,3997,1826,2171
42035,6,2352,1343,1009
42035,7,1965,1034,931
42035,8,2017,1006,1011
42035,9,1953,972,981
42035,10,2251,1134,1117
42035,11,2277,1150,1127
42035,12,2647,1315,1332
42035,13,2611,1248,1363
42035,14,2178,1058,1120
42035,15,1778,849,929
42035,16,1363,624,739
42035,17,982,414,568
42035,18,931,350,581
42037,0,65456,31534,33922
42037,1,2971,1504,1467
42037,2,3114,1564,1550
42037,3,3454,1716,1738
42037,4,5221,2424,2797
42037,5,6820,3160,3660
42037,6,3702,1992,1710
42037,7,3336,1681,1655
42037,8,3449,1725,1724
42037,9,3322,1661,1661
42037,10,3906,1986,1920
42037,11,4165,2086,2079
42037,12,4572,2226,2346
42037,13,4644,2206,2438
42037,14,3975,1947,2028
42037,15,3257,1455,1802
42037,16,2230,975,1255
42037,17,1562,615,947
42037,18,1756,611,1145
42039,0,85063,41672,43391
42039,1,4575,2289,2286
42039,2,4654,2447,2207
42039,3,5070,2646,2424
42039,4,5757,2883,2874
42039,5,5227,2643,2584
42039,6,4872,2386,2486
42039,7,4512,2242,2270
42039,8,4657,2261,2396
42039,9,4411,2130,2281
42039,10,5325,2516,2809
42039,11,5738,2850,2888
42039,12,6340,3030,3310
42039,13,6422,3169,3253
42039,14,5718,2813,2905
42039,15,4627,2202,2425
42039,16,3236,1545,1691
42039,17,1981,902,1079
42039,18,1941,718,1223
42041,0,251423,124444,126979
42041,1,13614,7016,6598
42041,2,14026,7178,6848
42041,3,14608,7430,7178
42041,4,16502,8185,8317
42041,5,16242,8239,8003
42041,6,16233,8543,7690
42041,7,16810,8863,7947
42041,8,16012,8304,7708
42041,9,14751,7553,7198
42041,10,16131,8258,7873
42041,11,16283,8159,8124
42041,12,17253,8505,8748
42041,13,16413,7826,8587
42041,14,14413,6875,7538
42041,15,11685,5343,6342
42041,16,8247,3657,4590
42041,17,5640,2256,3384
42041,18,6560,2254,4306
42043,0,277097,134218,142879
42043,1,17190,8751,8439
42043,2,17173,8792,8381
42043,3,17389,8731,8658
42043,4,16326,8446,7880
42043,5,16432,8254,8178
42043,6,20003,9839,10164
42043,7,18557,9290,9267
42043,8,17520,8502,9018
42043,9,15592,7573,8019
42043,10,17296,8585,8711
42043,11,17917,8695,9222
42043,12,19645,9360,10285
42043,13,19055,9054,10001
42043,14,15706,7332,8374
42043,15,11928,5434,6494
42043,16,7795,3402,4393
42043,17,5414,2139,3275
42043,18,6159,2039,4120
42045,0,564751,271816,292935
42045,1,33310,17026,16284
42045,2,34439,17444,16995
42045,3,34465,17619,16846
42045,4,39199,20245,18954
42045,5,38018,18921,19097
42045,6,36867,18261,18606
42045,7,37216,18205,19011
42045,8,35856,17400,18456
42045,9,32288,15751,16537
42045,10,34511,16635,17876
42045,11,37222,17869,19353
42045,12,40322,19164,21158
42045,13,38431,18035,20396
42045,14,29771,13811,15960
42045,15,21861,9800,12061
42045,16,15370,6537,8833
42045,17,10966,4283,6683
42045,18,14639,4810,9829
42047,0,30169,15145,15024
42047,1,1522,785,737
42047,2,1582,812,770
42047,3,1664,875,789
42047,4,1669,839,830
42047,5,1581,824,757
42047,6,1449,762,687
42047,7,1510,821,689
42047,8,1530,792,738
42047,9,1512,712,800
42047,10,2078,1068,1010
42047,11,2349,1185,1164
42047,12,2590,1357,1233
42047,13,2493,1289,1204
42047,14,2027,1016,1011
42047,15,1530,741,789
42047,16,1242,568,674
42047,17,895,387,508
42047,18,946,312,634
42049,0,272061,134373,137688
42049,1,15343,7833,7510
42049,2,15759,8033,7726
42049,3,16722,8593,8129
42049,4,19021,9795,9226
42049,5,17825,9182,8643
42049,6,18512,9464,9048
42049,7,17062,8694,8368
42049,8,16077,8133,7944
42049,9,14532,7224,7308
42049,10,16483,8195,8288
42049,11,17219,8521,8698
42049,12,19176,9453,9723
42049,13,19430,9486,9944
42049,14,16254,7799,8455
42049,15,11703,5538,6165
42049,16,8378,3733,4645
42049,17,5627,2351,3276
42049,18,6938,2346,4592
42051,0,130441,64616,65825
42051,1,6654,3361,3293
42051,2,6696,3399,3297
42051,3,7072,3644,3428
42051,4,7011,3565,3446
42051,5,7117,3712,3405
42051,6,8229,4507,3722
42051,7,7387,3990,3397
42051,8,7187,3644,3543
42051,9,7489,3793,3696
42051,10,8750,4412,4338
42051,11,9110,4548,4562
42051,12,9828,4786,5042
42051,13,10308,5030,5278
42051,14,8944,4396,4548
42051,15,6647,3084,3563
42051,16,4892,2179,2713
42051,17,3369,1363,2006
42051,18,3751,1203,2548
42053,0,7279,4985,2294
42053,1,152,82,70
42053,2,147,75,72
42053,3,182,99,83
42053,4,445,339,106
42053,5,659,578,81
42053,6,728,649,79
42053,7,563,475,88
42053,8,459,368,91
42053,9,381,298,83
42053,10,468,330,138
42053,11,452,281,171
42053,12,499,287,212
42053,13,499,274,225
42053,14,463,245,218
42053,15,481,248,233
42053,16,340,170,170
42053,17,219,108,111
42053,18,142,79,63
42055,0,154835,76005,78830
42055,1,9328,4647,4681
42055,2,9294,4789,4505
42055,3,9785,5037,4748
42055,4,9529,4950,4579
42055,5,8198,4062,4136
42055,6,9591,4863,4728
42055,7,9064,4562,4502
42055,8,9046,4486,4560
42055,9,8871,4378,4493
42055,10,10184,5148,5036
42055,11,10418,5241,5177
42055,12,10739,5268,5471
42055,13,10363,5040,5323
42055,14,8976,4151,4825
42055,15,7789,3681,4108
42055,16,5551,2512,3039
42055,17,3903,1719,2184
42055,18,4206,1471,2735
42057,0,14523,7355,7168
42057,1,753,400,353
42057,2,764,398,366
42057,3,861,453,408
42057,4,843,415,428
42057,5,773,418,355
42057,6,778,405,373
42057,7,740,349,391
42057,8,770,399,371
42057,9,874,451,423
42057,10,998,518,480
42057,11,1090,570,520
42057,12,1078,561,517
42057,13,1071,535,536
42057,14,918,444,474
42057,15,856,418,438
42057,16,650,308,342
42057,17,402,176,226
42057,18,304,137,167
42059,0,36506,18903,17603
42059,1,1906,975,931
42059,2,1946,978,968
42059,3,2022,1066,956
42059,4,2275,1135,1140
42059,5,2360,1282,1078
42059,6,2388,1395,993
42059,7,2109,1218,891
42059,8,2085,1127,958
42059,9,2274,1258,1016
42059,10,2512,1340,1172
42059,11,2411,1297,1114
42059,12,2622,1342,1280
42059,13,2700,1304,1396
42059,14,2399,1213,1186
42059,15,1752,838,914
42059,16,1152,534,618
42059,17,750,315,435
42059,18,843,286,557
42061,0,45168,24007,21161
42061,1,1978,965,1013
42061,2,2198,1142,1056
42061,3,2414,1195,1219
42061,4,2909,1455,1454
42061,5,2937,1605,1332
42061,6,2797,1743,1054
42061,7,2833,1748,1085
42061,8,2642,1546,1096
42061,9,2628,1535,1093
42061,10,2949,1713,1236
42061,11,3083,1654,1429
42061,12,3248,1737,1511
42061,13,3186,1580,1606
42061,14,2848,1405,1443
42061,15,2469,1254,1215
42061,16,1737,796,941
42061,17,1151,512,639
42061,18,1161,422,739
42063,0,84501,42325,42176
42063,1,4052,2119,1933
42063,2,4149,2163,1986
42063,3,4363,2228,2135
42063,4,6779,3321,3458
42063,5,9395,4780,4615
42063,6,4833,2732,2101
42063,7,4251,2219,2032
42063,8,4352,2264,2088
42063,9,3983,2025,1958
42063,10,4683,2380,2303
42063,11,5209,2615,2594
42063,12,5907,2923,2984
42063,13,6065,3052,3013
42063,14,5273,2626,2647
42063,15,3949,1909,2040
42063,16,3037,1389,1648
42063,17,2069,917,1152
42063,18,2152,663,1489
42065,0,43641,21732,21909
42065,1,2389,1239,1150
42065,2,2607,1336,1271
42065,3,2574,1299,1275
42065,4,2549,1305,1244
42065,5,2245,1150,1095
42065,6,2590,1338,1252
42065,7,2420,1257,1163
42065,8,2427,1222,1205
42065,9,2315,1177,1138
42065,10,2681,1356,1325
42065,11,2917,1479,1438
42065,12,3320,1682,1638
42065,13,3410,1698,1712
42065,14,2835,1377,1458
42065,15,2168,1079,1089
42065,16,1698,767,931
42065,17,1220,531,689
42065,18,1276,440,836
42067,0,24704,12385,12319
42067,1,1398,708,690
42067,2,1498,769,729
42067,3,1584,815,769
42067,4,1585,813,772
42067,5,1330,683,647
42067,6,1398,721,677
42067,7,1354,685,669
42067,8,1425,724,701
42067,9,1312,656,656
42067,10,1576,813,763
42067,11,1697,865,832
42067,12,1803,919,884
42067,13,1782,876,906
42067,14,1476,756,720
42067,15,1291,657,634
42067,16,873,407,466
42067,17,656,276,380
42067,18,666,242,424
42069,0,210793,102330,108463
42069,1,11321,5821,5500
42069,2,11841,6078,5763
42069,3,12545,6593,5952
42069,4,13220,6614,6606
42069,5,12619,6120,6499
42069,6,13481,6879,6602
42069,7,12911,6515,6396
42069,8,12308,6153,6155
42069,9,11481,5660,5821
42069,10,13134,6517,6617
42069,11,13980,6834,7146
42069,12,15286,7441,7845
42069,13,14605,7003,7602
42069,14,12913,6224,6689
42069,15,10201,4716,5485
42069,16,7398,3287,4111
42069,17,5141,1989,3152
42069,18,6408,1886,4522
42071,0,543557,266316,277241
42071,1,35196,18157,17039
42071,2,35304,18200,17104
42071,3,35908,18278,17630
42071,4,36021,18221,17800
42071,5,34044,16962,17082
42071,6,37012,18564,18448
42071,7,34645,17301,17344
42071,8,32353,16062,16291
42071,9,29540,14634,14906
42071,10,31240,15500,15740
42071,11,33598,16562,17036
42071,12,36424,17608,18816
42071,13,34712,16786,17926
42071,14,29138,13810,15328
42071,15,23654,11087,12567
42071,16,17158,7747,9411
42071,17,12258,5209,7049
42071,18,15352,5628,9724
42073,0,86184,41712,44472
42073,1,4494,2268,2226
42073,2,4552,2297,2255
42073,3,4954,2452,2502
42073,4,5120,2594,2526
42073,5,5014,2602,2412
42073,6,4920,2539,2381
42073,7,4502,2332,2170
42073,8,4703,2274,2429
42073,9,4539,2249,2290
42073,10,5390,2682,2708
42073,11,5629,2780,2849
42073,12,6501,3084,3417
42073,13,6915,3381,3534
42073,14,5860,2795,3065
42073,15,4375,1967,2408
42073,16,3294,1462,1832
42073,17,2501,981,1520
42073,18,2921,973,1948
42075,0,141314,69449,71865
42075,1,8274,4207,4067
42075,2,9118,4605,4513
42075,3,9187,4773,4414
42075,4,9011,4662,4349
42075,5,8547,4344,4203
42075,6,8355,4229,4126
42075,7,8226,4109,4117
42075,8,8499,4234,4265
42075,9,8026,4011,4015
42075,10,8589,4305,4284
42075,11,9002,4458,4544
42075,12,9714,4782,4932
42075,13,9369,4534,4835
42075,14,8249,3977,4272
42075,15,6688,3170,3518
42075,16,5010,2210,2800
42075,17,3394,1428,1966
42075,18,4056,1411,2645
42077,0,368100,180188,187912
42077,1,21831,11295,10536
42077,2,22603,11603,11000
42077,3,24125,12561,11564
42077,4,24325,12366,11959
42077,5,23887,11833,12054
42077,6,24658,12478,12180
42077,7,24097,12101,11996
42077,8,23760,11818,11942
42077,9,21981,10981,11000
42077,10,22936,11301,11635
42077,11,24221,11840,12381
42077,12,25007,12202,12805
42077,13,23162,10973,12189
42077,14,18915,8947,9968
42077,15,15183,7018,8165
42077,16,10913,4829,6084
42077,17,7463,3030,4433
42077,18,9033,3012,6021
42079,0,317646,157145,160501
42079,1,16393,8261,8132
42079,2,16912,8568,8344
42079,3,17835,9142,8693
42079,4,19618,10202,9416
42079,5,19401,10120,9281
42079,6,21120,11280,9840
42079,7,19241,10125,9116
42079,8,18558,9601,8957
42079,9,17771,8964,8807
42079,10,20788,10471,10317
42079,11,22041,11166,10875
42079,12,22947,11366,11581
42079,13,21837,10622,11215
42079,14,19085,9090,9995
42079,15,15596,7328,8268
42079,16,11092,4869,6223
42079,17,7755,3050,4705
42079,18,9656,2920,6736
42081,0,113664,55665,57999
42081,1,6061,3114,2947
42081,2,6501,3280,3221
42081,3,6737,3395,3342
42081,4,7136,3755,3381
42081,5,6895,3544,3351
42081,6,7725,4030,3695
42081,7,7176,3620,3556
42081,8,6666,3271,3395
42081,9,5931,2835,3096
42081,10,6846,3277,3569
42081,11,7443,3660,3783
42081,12,8306,4065,4241
42081,13,8306,4115,4191
42081,14,6901,3379,3522
42081,15,5351,2487,2864
42081,16,3754,1597,2157
42081,17,2754,1163,1591
42081,18,3175,1078,2097
42083,0,40968,21054,19914
42083,1,1942,1030,912
42083,2,2225,1185,1040
42083,3,2423,1237,1186
42083,4,2649,1401,1248
42083,5,2542,1355,1187
42083,6,2438,1360,1078
42083,7,2451,1417,1034
42083,8,2307,1296,1011
42083,9,2343,1235,1108
42083,10,2712,1434,1278
42083,11,2747,1414,1333
42083,12,3057,1514,1543
42083,13,3172,1577,1595
42083,14,2474,1233,1241
42083,15,1928,906,1022
42083,16,1418,652,766
42083,17,1015,409,606
42083,18,1125,399,726
42085,0,110683,54732,55951
42085,1,5502,2885,2617
42085,2,5509,2841,2668
42085,3,6225,3118,3107
42085,4,7470,4028,3442
42085,5,7492,3868,3624
42085,6,5902,3122,2780
42085,7,5727,2926,2801
42085,8,5841,2963,2878
42085,9,5836,2964,2872
42085,10,6842,3446,3396
42085,11,7591,3822,3769
42085,12,8298,4095,4203
42085,13,8457,4123,4334
42085,14,7301,3581,3720
42085,15,5649,2584,3065
42085,16,4253,1857,2396
42085,17,3046,1264,1782
42085,18,3742,1245,2497
42087,0,46222,22636,23586
42087,1,2805,1398,1407
42087,2,2816,1415,1401
42087,3,2854,1460,1394
42087,4,2699,1412,1287
42087,5,2438,1252,1186
42087,6,2732,1411,1321
42087,7,2478,1278,1200
42087,8,2483,1211,1272
42087,9,2334,1157,1177
42087,10,2928,1415,1513
42087,11,3183,1606,1577
42087,12,3288,1639,1649
42087,13,3150,1546,1604
42087,14,2887,1344,1543
42087,15,2444,1111,1333
42087,16,1975,937,1038
42087,17,1348,595,753
42087,18,1380,449,931
42089,0,169507,83972,85535
42089,1,7645,3911,3734
42089,2,8579,4404,4175
42089,3,10159,5214,4945
42089,4,12628,6362,6266
42089,5,12361,6289,6072
42089,6,10151,5386,4765
42089,7,9083,4705,4378
42089,8,8775,4277,4498
42089,9,9385,4382,5003
42089,10,11092,5248,5844
42089,11,13412,6613,6799
42089,12,14292,7146,7146
42089,13,12764,6330,6434
42089,14,10046,5000,5046
42089,15,7800,3811,3989
42089,16,5095,2378,2717
42089,17,3297,1430,1867
42089,18,2943,1086,1857
42091,0,828604,403268,425336
42091,1,45445,23241,22204
42091,2,49084,25180,23904
42091,3,51916,26399,25517
42091,4,50911,25661,25250
42091,5,47071,23368,23703
42091,6,49799,25577,24222
42091,7,54095,27210,26885
42091,8,54058,27232,26826
42091,9,49750,24573,25177
42091,10,54402,26907,27495
42091,11,58005,28259,29746
42091,12,60632,29218,31414
42091,13,56312,27000,29312
42091,14,45240,21319,23921
42091,15,35487,16061,19426
42091,16,25180,11014,14166
42091,17,17889,7158,10731
42091,18,23328,7891,15437
42093,0,18240,8814,9426
42093,1,1048,549,499
42093,2,1009,509,500
42093,3,1021,560,461
42093,4,985,542,443
42093,5,832,403,429
42093,6,1180,587,593
42093,7,1300,708,592
42093,8,1093,562,531
42093,9,974,441,533
42093,10,1026,494,532
42093,11,1151,561,590
42093,12,1440,696,744
42093,13,1343,644,699
42093,14,1095,512,583
42093,15,868,390,478
42093,16,645,279,366
42093,17,581,205,376
42093,18,649,172,477
42095,0,304807,149954,154853
42095,1,14777,7627,7150
42095,2,16338,8425,7913
42095,3,18204,9347,8857
42095,4,21221,11072,10149
42095,5,20293,10765,9528
42095,6,18681,9720,8961
42095,7,18095,9187,8908
42095,8,17930,8815,9115
42095,9,17126,8378,8748
42095,10,19445,9583,9862
42095,11,21179,10430,10749
42095,12,22337,10947,11390
42095,13,21226,10263,10963
42095,14,17537,8326,9211
42095,15,14454,6704,7750
42095,16,10031,4490,5541
42095,17,6806,2809,3997
42095,18,9127,3066,6061
42097,0,91083,45782,45301
42097,1,4687,2418,2269
42097,2,4808,2475,2333
42097,3,5080,2595,2485
42097,4,4862,2544,2318
42097,5,4903,2702,2201
42097,6,5647,3054,2593
42097,7,5429,2920,2509
42097,8,5381,2818,2563
42097,9,5051,2682,2369
42097,10,5755,2988,2767
42097,11,6342,3259,3083
42097,12,6813,3368,3445
42097,13,6867,3380,3487
42097,14,5911,2880,3031
42097,15,4809,2238,2571
42097,16,3395,1495,1900
42097,17,2519,1047,1472
42097,18,2824,919,1905
42099,0,46139,23328,22811
42099,1,2629,1340,1289
42099,2,2756,1434,1322
42099,3,2735,1460,1275
42099,4,2665,1484,1181
42099,5,2342,1193,1149
42099,6,2854,1481,1373
42099,7,2657,1351,1306
42099,8,2784,1428,1356
42099,9,2585,1259,1326
42099,10,3120,1591,1529
42099,11,3469,1776,1693
42099,12,3523,1777,1746
42099,13,3489,1704,1785
42099,14,3083,1603,1480
42099,15,2210,1101,1109
42099,16,1476,697,779
42099,17,924,385,539
42099,18,838,264,574
42101,0,1584138,749572,834566
42101,1,104152,53298,50854
42101,2,98333,50013,48320
42101,3,89747,45377,44370
42101,4,96506,48344,48162
42101,5,111995,54825,57170
42101,6,161335,77848,83487
42101,7,141434,68680,72754
42101,8,110080,52600,57480
42101,9,88432,42053,46379
42101,10,89427,42341,47086
42101,11,92065,43425,48640
42101,12,94614,43644,50970
42101,13,89742,40368,49374
42101,14,71042,31055,39987
42101,15,53089,22367,30722
42101,16,36463,14504,21959
42101,17,25626,9483,16143
42101,18,30056,9347,20709
42103,0,55933,28368,27565
42103,1,2166,1101,1065
42103,2,2477,1307,1170
42103,3,3200,1695,1505
42103,4,3433,1781,1652
42103,5,3132,1663,1469
42103,6,2762,1524,1238
42103,7,2513,1348,1165
42103,8,2855,1454,1401
42103,9,2956,1500,1456
42103,10,3684,1784,1900
42103,11,4573,2271,2302
42103,12,4969,2505,2464
42103,13,4472,2251,2221
42103,14,4024,2009,2015
42103,15,3428,1672,1756
42103,16,2585,1275,1310
42103,17,1446,706,740
42103,18,1258,522,736
42105,0,16622,8285,8337
42105,1,862,422,440
42105,2,926,459,467
42105,3,957,502,455
42105,4,965,509,456
42105,5,814,450,364
42105,6,874,443,431
42105,7,779,393,386
42105,8,847,425,422
42105,9,813,396,417
42105,10,979,501,478
42105,11,1160,601,559
42105,12,1296,625,671
42105,13,1350,681,669
42105,14,1266,635,631
42105,15,980,474,506
42105,16,735,374,361
42105,17,495,228,267
42105,18,524,167,357
42107,0,142067,72796,69271
42107,1,6957,3580,3377
42107,2,7530,3895,3635
42107,3,8427,4360,4067
42107,4,7686,4058,3628
42107,5,7418,4011,3407
42107,6,8731,4995,3736
42107,7,8292,4609,3683
42107,8,8562,4637,3925
42107,9,8214,4449,3765
42107,10,9870,5267,4603
42107,11,10400,5469,4931
42107,12,10586,5374,5212
42107,13,10388,5173,5215
42107,14,8980,4399,4581
42107,15,7277,3496,3781
42107,16,5002,2253,2749
42107,17,3604,1460,2144
42107,18,4143,1311,2832
42109,0,40540,20092,20448
42109,1,2182,1124,1058
42109,2,2185,1148,1037
42109,3,2585,1375,1210
42109,4,3296,1644,1652
42109,5,2939,1483,1456
42109,6,2340,1178,1162
42109,7,2194,1111,1083
42109,8,2201,1133,1068
42109,9,2181,1045,1136
42109,10,2490,1271,1219
42109,11,2716,1370,1346
42109,12,2809,1406,1403
42109,13,2728,1349,1379
42109,14,2223,1101,1122
42109,15,1998,917,1081
42109,16,1445,654,791
42109,17,993,438,555
42109,18,1035,345,690
42111,0,73952,38648,35304
42111,1,3367,1720,1647
42111,2,3506,1748,1758
42111,3,3882,2003,1879
42111,4,3802,1930,1872
42111,5,3952,2337,1615
42111,6,4385,2597,1788
42111,7,4192,2460,1732
42111,8,4276,2450,1826
42111,9,4313,2410,1903
42111,10,4956,2706,2250
42111,11,5226,2795,2431
42111,12,5708,2923,2785
42111,13,5852,3003,2849
42111,14,5158,2607,2551
42111,15,3967,1938,2029
42111,16,2888,1301,1587
42111,17,2080,865,1215
42111,18,2442,855,1587
42113,0,6071,3176,2895
42113,1,175,87,88
42113,2,165,87,78
42113,3,154,76,78
42113,4,322,223,99
42113,5,335,212,123
42113,6,294,165,129
42113,7,286,156,130
42113,8,316,156,160
42113,9,290,154,136
42113,10,346,197,149
42113,11,437,219,218
42113,12,584,291,293
42113,13,649,321,328
42113,14,522,277,245
42113,15,438,208,230
42113,16,324,169,155
42113,17,229,109,120
42113,18,205,69,136
42115,0,40589,20465,20124
42115,1,1857,954,903
42115,2,2015,988,1027
42115,3,2251,1151,1100
42115,4,2174,1151,1023
42115,5,1945,1065,880
42115,6,2148,1154,994
42115,7,1975,1004,971
42115,8,2119,1066,1053
42115,9,1929,986,943
42115,10,2537,1290,1247
42115,11,2914,1479,1435
42115,12,3603,1812,1791
42115,13,3518,1814,1704
42115,14,2977,1442,1535
42115,15,2490,1284,1206
42115,16,1832,853,979
42115,17,1199,586,613
42115,18,1106,386,720
42117,0,40763,20229,20534
42117,1,2149,1152,997
42117,2,2227,1196,1031
42117,3,2275,1153,1122
42117,4,2598,1273,1325
42117,5,2387,1135,1252
42117,6,2306,1159,1147
42117,7,2233,1148,1085
42117,8,2233,1106,1127
42117,9,1990,989,1001
42117,10,2463,1238,1225
42117,11,2702,1315,1387
42117,12,3147,1532,1615
42117,13,3070,1511,1559
42117,14,2693,1382,1311
42117,15,2289,1116,1173
42117,16,1785,848,937
42117,17,1126,516,610
42117,18,1090,460,630
42119,0,44785,24342,20443
42119,1,2084,1073,1011
42119,2,2121,1090,1031
42119,3,2358,1221,1137
42119,4,3775,1866,1909
42119,5,3840,2169,1671
42119,6,2720,1720,1000
42119,7,3196,2075,1121
42119,8,2923,1855,1068
42119,9,2732,1704,1028
42119,10,2782,1652,1130
42119,11,2737,1513,1224
42119,12,2786,1473,1313
42119,13,2641,1340,1301
42119,14,2270,1120,1150
42119,15,1942,895,1047
42119,16,1489,697,792
42119,17,1096,457,639
42119,18,1293,422,871
42121,0,51266,25342,25924
42121,1,2517,1306,1211
42121,2,2755,1399,1356
42121,3,2847,1472,1375
42121,4,2904,1535,1369
42121,5,2404,1273,1131
42121,6,2733,1408,1325
42121,7,2634,1302,1332
42121,8,2707,1315,1392
42121,9,2784,1458,1326
42121,10,3096,1527,1569
42121,11,3560,1791,1769
42121,12,4325,2145,2180
42121,13,4505,2206,2299
42121,14,3766,1882,1884
42121,15,2830,1361,1469
42121,16,1971,870,1101
42121,17,1365,580,785
42121,18,1563,512,1051
42123,0,39498,19770,19728
42123,1,1976,1003,973
42123,2,2096,1057,1039
42123,3,2132,1093,1039
42123,4,2196,1165,1031
42123,5,1945,1014,931
42123,6,2133,1150,983
42123,7,2014,1004,1010
42123,8,2125,1087,1038
42123,9,1958,992,966
42123,10,2434,1213,1221
42123,11,2851,1462,1389
42123,12,3251,1645,1606
42123,13,3339,1663,1676
42123,14,2793,1396,1397
42123,15,2198,1023,1175
42123,16,1709,820,889
42123,17,1143,518,625
42123,18,1205,465,740
42125,0,207346,101855,105491
42125,1,10426,5319,5107
42125,2,11140,5707,5433
42125,3,11638,5958,5680
42125,4,12368,6338,6030
42125,5,12202,6213,5989
42125,6,11722,6038,5684
42125,7,11610,5964,5646
42125,8,12089,6096,5993
42125,9,11631,5832,5799
42125,10,13348,6675,6673
42125,11,14509,7145,7364
42125,12,16037,7809,8228
42125,13,16009,7803,8206
42125,14,13641,6532,7109
42125,15,10634,5111,5523
42125,16,7460,3297,4163
42125,17,5119,2123,2996
42125,18,5763,1895,3868
42127,0,51276,27158,24118
42127,1,2182,1138,1044
42127,2,2235,1171,1064
42127,3,2391,1240,1151
42127,4,2637,1367,1270
42127,5,2628,1478,1150
42127,6,2849,1692,1157
42127,7,2874,1719,1155
42127,8,2884,1652,1232
42127,9,2751,1589,1162
42127,10,3370,1900,1470
42127,11,3639,1892,1747
42127,12,4273,2224,2049
42127,13,4176,2125,2051
42127,14,4040,2008,2032
42127,15,3333,1685,1648
42127,16,2272,1145,1127
42127,17,1449,652,797
42127,18,1293,481,812
42129,0,350611,171509,179102
42129,1,15636,7948,7688
42129,2,17473,8922,8551
42129,3,18958,9614,9344
42129,4,19439,10144,9295
42129,5,18830,9721,9109
42129,6,19083,9939,9144
42129,7,18133,9196,8937
42129,8,19383,9848,9535
42129,9,18548,9184,9364
42129,10,22841,11328,11513
42129,11,25485,12559,12926
42129,12,28469,13905,14564
42129,13,28681,14135,14546
42129,14,24907,11905,13002
42129,15,19581,9093,10488
42129,16,14118,6295,7823
42129,17,9796,4000,5796
42129,18,11250,3773,7477
42131,0,27046,13571,13475
42131,1,1270,641,629
42131,2,1359,722,637
42131,3,1612,852,760
42131,4,1651,855,796
42131,5,1601,829,772
42131,6,1524,812,712
42131,7,1479,759,720
42131,8,1455,734,721
42131,9,1438,723,715
42131,10,1805,882,923
42131,11,1822,887,935
42131,12,2169,1091,1078
42131,13,2133,1060,1073
42131,14,1847,909,938
42131,15,1571,795,776
42131,16,1115,557,558
42131,17,597,261,336
42131,18,598,202,396
42133,0,448273,221618,226655
42133,1,25487,13164,12323
42133,2,27153,13983,13170
42133,3,28936,14873,14063
42133,4,27930,14488,13442
42133,5,25659,13084,12575
42133,6,28221,14395,13826
42133,7,27577,13910,13667
42133,8,27881,13813,14068
42133,9,26077,12960,13117
42133,10,30209,14955,15254
42133,11,31297,15580,15717
42133,12,32973,16236,16737
42133,13,30657,14955,15702
42133,14,25116,12023,13093
42133,15,20046,9442,10604
42133,16,13835,6317,7518
42133,17,9306,4002,5304
42133,18,9913,3438,6475
44001,0,48649,23502,25147
44001,1,1951,997,954
44001,2,2431,1229,1202
44001,3,2874,1479,1395
44001,4,3735,1833,1902
44001,5,3424,1738,1686
44001,6,2514,1340,1174
44001,7,2366,1173,1193
44001,8,2691,1289,1402
44001,9,2608,1236,1372
44001,10,3265,1588,1677
44001,11,3586,1698,1888
44001,12,3908,1863,2045
44001,13,3700,1783,1917
44001,14,2887,1364,1523
44001,15,2273,1027,1246
44001,16,1608,761,847
44001,17,1228,513,715
44001,18,1600,591,1009
44003,0,163861,79191,84670
44003,1,8061,4077,3984
44003,2,8201,4165,4036
44003,3,8768,4516,4252
44003,4,8583,4501,4082
44003,5,8625,4387,4238
44003,6,10935,5627,5308
44003,7,10839,5442,5397
44003,8,10486,5219,5267
44003,9,9450,4666,4784
44003,10,10896,5277,5619
44003,11,12407,6028,6379
44003,12,13152,6144,7008
44003,13,12496,5907,6589
44003,14,9992,4680,5312
44003,15,7772,3524,4248
44003,16,5170,2213,2957
44003,17,3544,1376,2168
44003,18,4484,1442,3042
44005,0,82542,40769,41773
44005,1,3430,1793,1637
44005,2,3813,1903,1910
44005,3,4144,2133,2011
44005,4,5050,2534,2516
44005,5,5287,2867,2420
44005,6,5233,2818,2415
44005,7,4749,2456,2293
44005,8,4778,2490,2288
44005,9,4422,2242,2180
44005,10,4946,2422,2524
44005,11,5760,2787,2973
44005,12,6313,3057,3256
44005,13,6302,2989,3313
44005,14,5584,2671,2913
44005,15,4754,2271,2483
44005,16,3235,1496,1739
44005,17,2079,919,1160
44005,18,2663,921,1742
44007,0,636084,309744,326340
44007,1,36224,18626,17598
44007,2,35044,18029,17015
44007,3,36607,18662,17945
44007,4,43341,21551,21790
44007,5,47230,23531,23699
44007,6,51377,26121,25256
44007,7,46271,23532,22739
44007,8,41409,20730,20679
44007,9,36423,17965,18458
44007,10,39668,19293,20375
44007,11,42409,20619,21790
44007,12,43212,20825,22387
44007,13,39652,18827,20825
44007,14,30606,14460,16146
44007,15,23311,10693,12618
44007,16,16279,6969,9310
44007,17,11416,4508,6908
44007,18,15605,4803,10802
44009,0,126179,61126,65053
44009,1,4747,2466,2281
44009,2,5351,2732,2619
44009,3,6428,3217,3211
44009,4,10717,5120,5597
44009,5,12050,6093,5957
44009,6,6310,3263,3047
44009,7,5637,2878,2759
44009,8,6041,3014,3027
44009,9,5878,2892,2986
44009,10,7368,3502,3866
44009,11,9065,4322,4743
44009,12,10389,4963,5426
44009,13,10034,4815,5219
44009,14,8656,4203,4453
44009,15,6760,3230,3530
44009,16,4449,2037,2412
44009,17,2799,1199,1600
44009,18,3500,1180,2320
45001,0,24541,11868,12673
45001,1,1151,570,581
45001,2,1335,683,652
45001,3,1515,781,734
45001,4,1656,842,814
45001,5,1550,783,767
45001,6,1478,729,749
45001,7,1180,603,577
45001,8,1270,586,684
45001,9,1274,617,657
45001,10,1566,762,804
45001,11,1639,790,849
45001,12,1747,834,913
45001,13,1837,882,955
45001,14,1713,804,909
45001,15,1437,696,741
45001,16,956,433,523
45001,17,646,265,381
45001,18,591,208,383
45003,0,169401,81847,87554
45003,1,9800,4894,4906
45003,2,9956,5106,4850
45003,3,10672,5467,5205
45003,4,10285,5251,5034
45003,5,9313,4619,4694
45003,6,10962,5471,5491
45003,7,10554,5109,5445
45003,8,10196,4922,5274
45003,9,9271,4501,4770
45003,10,10191,4911,5280
45003,11,11039,5259,5780
45003,12,12197,5916,6281
45003,13,12064,5673,6391
45003,14,10607,4858,5749
45003,15,8981,4234,4747
45003,16,6158,2911,3247
45003,17,3653,1555,2098
45003,18,3502,1190,2312
45005,0,8903,4691,4212
45005,1,416,211,205
45005,2,455,248,207
45005,3,482,226,256
45005,4,515,276,239
45005,5,576,347,229
45005,6,691,446,245
45005,7,573,381,192
45005,8,516,302,214
45005,9,475,282,193
45005,10,623,330,293
45005,11,618,320,298
45005,12,562,266,296
45005,13,611,272,339
45005,14,615,291,324
45005,15,529,228,301
45005,16,277,141,136
45005,17,182,61,121
45005,18,187,63,124
45007,0,200482,96527,103955
45007,1,11892,6082,5810
45007,2,12650,6342,6308
45007,3,13318,6779,6539
45007,4,12870,6513,6357
45007,5,11617,5824,5793
45007,6,12834,6179,6655
45007,7,11721,5623,6098
45007,8,11971,5678,6293
45007,9,11783,5732,6051
45007,10,13332,6487,6845
45007,11,13353,6488,6865
45007,12,14028,6807,7221
45007,13,12928,6037,6891
45007,14,11464,5351,6113
45007,15,9769,4474,5295
45007,16,6764,3036,3728
45007,17,4406,1847,2559
45007,18,3782,1248,2534
45009,0,14275,6866,7409
45009,1,654,343,311
45009,2,749,381,368
45009,3,776,393,383
45009,4,1198,624,574
45009,5,1137,616,521
45009,6,803,381,422
45009,7,661,329,332
45009,8,651,310,341
45009,9,736,353,383
45009,10,801,378,423
45009,11,942,440,502
45009,12,996,495,501
45009,13,1074,507,567
45009,14,1025,475,550
45009,15,772,340,432
45009,16,536,243,293
45009,17,345,131,214
45009,18,419,127,292
45011,0,21112,10069,11043
45011,1,1278,679,599
45011,2,1416,678,738
45011,3,1470,756,714
45011,4,1370,691,679
45011,5,1237,617,620
45011,6,1378,717,661
45011,7,1061,502,559
45011,8,1178,554,624
45011,9,1124,514,610
45011,10,1266,610,656
45011,11,1410,670,740
45011,12,1546,700,846
45011,13,1505,687,818
45011,14,1283,588,695
45011,15,1085,507,578
45011,16,684,280,404
45011,17,378,166,212
45011,18,443,153,290
45013,0,188715,92476,96239
45013,1,9662,4926,4736
45013,2,9658,4954,4704
45013,3,10015,5084,4931
45013,4,10776,5904,4872
45013,5,11967,7005,4962
45013,6,11039,5674,5365
45013,7,9775,4829,4946
45013,8,9656,4797,4859
45013,9,9188,4436,4752
45013,10,9650,4613,5037
45013,11,10085,4690,5395
45013,12,12050,5451,6599
45013,13,13752,6035,7717
45013,14,15611,6938,8673
45013,15,15012,7175,7837
45013,16,10282,4996,5286
45013,17,5693,2812,2881
45013,18,4844,2157,2687
45015,0,221091,109817,111274
45015,1,14285,7412,6873
45015,2,14775,7449,7326
45015,3,15165,7790,7375
45015,4,14350,7642,6708
45015,5,14778,8409,6369
45015,6,16697,8474,8223
45015,7,15944,7882,8062
45015,8,15449,7556,7893
45015,9,13678,6668,7010
45015,10,14189,6898,7291
45015,11,14123,6833,7290
45015,12,14356,6886,7470
45015,13,12892,6069,6823
45015,14,10695,4888,5807
45015,15,8841,4113,4728
45015,16,5479,2571,2908
45015,17,3076,1386,1690
45015,18,2319,891,1428
45017,0,14520,6943,7577
45017,1,650,355,295
45017,2,780,432,348
45017,3,829,418,411
45017,4,760,363,397
45017,5,741,369,372
45017,6,824,423,401
45017,7,692,334,358
45017,8,791,369,422
45017,9,820,396,424
45017,10,856,392,464
45017,11,1034,490,544
45017,12,1203,575,628
45017,13,1162,552,610
45017,14,1129,512,617
45017,15,897,414,483
45017,16,628,280,348
45017,17,373,158,215
45017,18,351,111,240
45019,0,405905,196403,209502
45019,1,23970,12316,11654
45019,2,22246,11336,10910
45019,3,21618,10850,10768
45019,4,22459,11344,11115
45019,5,24891,13094,11797
45019,6,34849,16846,18003
45019,7,33857,16619,17238
45019,8,29703,14799,14904
45019,9,23587,11678,11909
45019,10,24143,11901,12242
45019,11,24560,11698,12862
45019,12,27096,12631,14465
45019,13,26305,11954,14351
45019,14,23083,10416,12667
45019,15,18254,8490,9764
45019,16,11429,5027,6402
45019,17,6682,2882,3800
45019,18,7173,2522,4651
45021,0,57078,27789,29289
45021,1,3311,1697,1614
45021,2,3749,1938,1811
45021,3,3823,1988,1835
45021,4,3881,1975,1906
45021,5,3576,1822,1754
45021,6,4066,1978,2088
45021,7,3190,1493,1697
45021,8,3272,1601,1671
45021,9,3360,1571,1789
45021,10,3889,1907,1982
45021,11,3927,1936,1991
45021,12,3835,1901,1934
45021,13,3601,1723,1878
45021,14,3180,1522,1658
45021,15,2647,1236,1411
45021,16,1712,768,944
45021,17,1049,413,636
45021,18,1010,320,690
45023,0,32251,15529,16722
45023,1,1826,929,897
45023,2,2027,1001,1026
45023,3,2136,1128,1008
45023,4,1940,1010,930
45023,5,1765,884,881
45023,6,2166,1063,1103
45023,7,1726,803,923
45023,8,1810,848,962
45023,9,1710,816,894
45023,10,2118,1016,1102
45023,11,2295,1138,1157
45023,12,2347,1150,1197
45023,13,2330,1087,1243
45023,14,2006,930,1076
45023,15,1587,750,837
45023,16,1128,518,610
45023,17,654,239,415
45023,18,680,219,461
45025,0,45754,22259,23495
45025,1,2558,1307,1251
45025,2,2767,1387,1380
45025,3,2949,1446,1503
45025,4,2775,1444,1331
45025,5,2728,1393,1335
45025,6,2984,1463,1521
45025,7,2388,1174,1214
45025,8,2518,1259,1259
45025,9,2671,1317,1354
45025,10,3147,1567,1580
45025,11,3353,1633,1720
45025,12,3340,1629,1711
45025,13,3181,1533,1648
45025,14,2892,1352,1540
45025,15,2307,1052,1255
45025,16,1523,676,847
45025,17,899,355,544
45025,18,774,272,502
45027,0,33700,16548,17152
45027,1,1555,787,768
45027,2,1700,882,818
45027,3,1967,966,1001
45027,4,2070,1157,913
45027,5,2168,1335,833
45027,6,2054,1098,956
45027,7,1719,827,892
45027,8,1769,860,909
45027,9,1630,813,817
45027,10,1924,935,989
45027,11,2180,1004,1176
45027,12,2457,1152,1305
45027,13,2593,1142,1451
45027,14,2568,1177,1391
45027,15,2145,979,1166
45027,16,1515,731,784
45027,17,993,429,564
45027,18,693,274,419
45029,0,37660,18131,19529
45029,1,2252,1190,1062
45029,2,2289,1179,1110
45029,3,2436,1206,1230
45029,4,2226,1150,1076
45029,5,2109,1038,1071
45029,6,2393,1170,1223
45029,7,2062,958,1104
45029,8,2014,974,1040
45029,9,2006,950,1056
45029,10,2205,1022,1183
45029,11,2577,1207,1370
45029,12,2761,1326,1435
45029,13,2735,1294,1441
45029,14,2606,1227,1379
45029,15,2061,985,1076
45029,16,1338,623,715
45029,17,870,359,511
45029,18,720,273,447
45031,0,66802,31517,35285
45031,1,3891,2012,1879
45031,2,3929,2007,1922
45031,3,4314,2174,2140
45031,4,4396,2174,2222
45031,5,4044,1980,2064
45031,6,4391,2124,2267
45031,7,3450,1612,1838
45031,8,3649,1721,1928
45031,9,3889,1794,2095
45031,10,4264,1988,2276
45031,11,4419,2135,2284
45031,12,4611,2141,2470
45031,13,4877,2221,2656
45031,14,4227,1926,2301
45031,15,3421,1542,1879
45031,16,2306,1012,1294
45031,17,1439,566,873
45031,18,1285,388,897
45033,0,30599,14515,16084
45033,1,1998,1074,924
45033,2,2117,1089,1028
45033,3,2248,1162,1086
45033,4,2073,1057,1016
45033,5,1832,864,968
45033,6,2084,1009,1075
45033,7,1729,795,934
45033,8,1787,833,954
45033,9,1800,829,971
45033,10,1739,837,902
45033,11,1937,901,1036
45033,12,2102,949,1153
45033,13,2053,968,1085
45033,14,1728,800,928
45033,15,1337,571,766
45033,16,893,387,506
45033,17,571,230,341
45033,18,571,160,411
45035,0,160647,78076,82571
45035,1,9797,4973,4824
45035,2,10745,5476,5269
45035,3,11670,5957,5713
45035,4,10657,5388,5269
45035,5,9089,4623,4466
45035,6,11286,5620,5666
45035,7,11120,5521,5599
45035,8,11472,5445,6027
45035,9,10004,4847,5157
45035,10,10989,5341,5648
45035,11,10878,5263,5615
45035,12,11043,5279,5764
45035,13,9263,4276,4987
45035,14,8270,3799,4471
45035,15,6183,2894,3289
45035,16,3827,1701,2126
45035,17,2310,964,1346
45035,18,2044,709,1335
45037,0,27052,14524,12528
45037,1,1073,540,533
45037,2,1307,635,672
45037,3,1524,764,760
45037,4,1561,871,690
45037,5,1660,994,666
45037,6,1813,1082,731
45037,7,1783,1153,630
45037,8,1892,1141,751
45037,9,1628,926,702
45037,10,1849,1022,827
45037,11,1901,1024,877
45037,12,2028,1009,1019
45037,13,1959,1017,942
45037,14,1719,854,865
45037,15,1356,634,722
45037,16,902,449,453
45037,17,552,239,313
45037,18,545,170,375
45039,0,22402,10703,11699
45039,1,1013,534,479
45039,2,1186,614,572
45039,3,1308,661,647
45039,4,1238,631,607
45039,5,1215,590,625
45039,6,1350,645,705
45039,7,1095,516,579
45039,8,1173,542,631
45039,9,1166,570,596
45039,10,1367,637,730
45039,11,1615,786,829
45039,12,1914,856,1058
45039,13,1892,903,989
45039,14,1771,843,928
45039,15,1292,615,677
45039,16,836,392,444
45039,17,526,226,300
45039,18,445,142,303
45041,0,138159,64459,73700
45041,1,8256,4103,4153
45041,2,9168,4585,4583
45041,3,9617,4842,4775
45041,4,8826,4527,4299
45041,5,8702,4046,4656
45041,6,9303,4342,4961
45041,7,8307,3858,4449
45041,8,8503,4017,4486
45041,9,8317,3808,4509
45041,10,8816,4078,4738
45041,11,8962,4159,4803
45041,12,9058,4133,4925
45041,13,8853,4107,4746
45041,14,7993,3579,4414
45041,15,6329,2807,3522
45041,16,4185,1760,2425
45041,17,2605,978,1627
45041,18,2359,730,1629
45043,0,62249,29460,32789
45043,1,2787,1475,1312
45043,2,3015,1504,1511
45043,3,3478,1804,1674
45043,4,3403,1794,1609
45043,5,3065,1572,1493
45043,6,2990,1436,1554
45043,7,2775,1382,1393
45043,8,2871,1311,1560
45043,9,3153,1446,1707
45043,10,3532,1643,1889
45043,11,3962,1809,2153
45043,12,4593,2021,2572
45043,13,5335,2388,2947
45043,14,5705,2557,3148
45043,15,4977,2325,2652
45043,16,3347,1619,1728
45043,17,1841,844,997
45043,18,1420,530,890
45045,0,514213,249364,264849
45045,1,32066,16602,15464
45045,2,32901,16656,16245
45045,3,33902,17155,16747
45045,4,32071,16040,16031
45045,5,32565,16049,16516
45045,6,37084,18444,18640
45045,7,34888,17188,17700
45045,8,33800,16527,17273
45045,9,31741,15503,16238
45045,10,33773,16516,17257
45045,11,33431,16299,17132
45045,12,33788,16201,17587
45045,13,31067,14539,16528
45045,14,26832,12341,14491
45045,15,21752,9934,11818
45045,16,14739,6554,8185
45045,17,9056,3740,5316
45045,18,8757,3076,5681
45047,0,70741,32949,37792
45047,1,4230,2093,2137
45047,2,4493,2211,2282
45047,3,4648,2392,2256
45047,4,4762,2295,2467
45047,5,4548,2103,2445
45047,6,4812,2159,2653
45047,7,4104,1886,2218
45047,8,4111,1888,2223
45047,9,3895,1837,2058
45047,10,4426,2066,2360
45047,11,4479,2112,2367
45047,12,4626,2173,2453
45047,13,4512,2090,2422
45047,14,3972,1825,2147
45047,15,3349,1526,1823
45047,16,2384,1051,1333
45047,17,1565,612,953
45047,18,1825,630,1195
45049,0,19351,9900,9451
45049,1,1029,506,523
45049,2,1119,570,549
45049,3,1224,641,583
45049,4,1157,588,569
45049,5,1140,641,499
45049,6,1367,757,610
45049,7,1173,709,464
45049,8,1302,720,582
45049,9,1162,605,557
45049,10,1180,613,567
45049,11,1291,641,650
45049,12,1319,682,637
45049,13,1325,623,702
45049,14,1186,563,623
45049,15,937,439,498
45049,16,655,314,341
45049,17,411,153,258
45049,18,374,135,239
45051,0,344147,165810,178337
45051,1,15934,7979,7955
45051,2,17066,8725,8341
45051,3,18004,9128,8876
45051,4,18532,9408,9124
45051,5,17261,8618,8643
45051,6,21218,10432,10786
45051,7,18925,9254,9671
45051,8,19301,9436,9865
45051,9,18705,9141,9564
45051,10,20641,9967,10674
45051,11,22168,10411,11757
45051,12,25630,11786,13844
45051,13,28331,12688,15643
45051,14,29888,13992,15896
45051,15,24277,11867,12410
45051,16,14242,6839,7403
45051,17,7996,3820,4176
45051,18,6028,2319,3709
45053,0,28971,14620,14351
45053,1,1659,865,794
45053,2,1622,800,822
45053,3,1668,867,801
45053,4,1503,764,739
45053,5,1911,1059,852
45053,6,2058,1164,894
45053,7,1846,1043,803
45053,8,1623,847,776
45053,9,1575,837,738
45053,10,1718,867,851
45053,11,1875,931,944
45053,12,2181,1037,1144
45053,13,2122,975,1147
45053,14,2110,956,1154
45053,15,1593,752,841
45053,16,965,465,500
45053,17,480,231,249
45053,18,462,160,302
45055,0,65592,31622,33970
45055,1,3882,1971,1911
45055,2,4082,2124,1958
45055,3,4564,2369,2195
45055,4,4040,2062,1978
45055,5,3461,1767,1694
45055,6,3885,1920,1965
45055,7,3760,1803,1957
45055,8,4036,1941,2095
45055,9,3836,1838,1998
45055,10,4165,1980,2185
45055,11,4424,2101,2323
45055,12,4826,2303,2523
45055,13,4603,2154,2449
45055,14,4094,1903,2191
45055,15,3232,1529,1703
45055,16,2156,948,1208
45055,17,1326,523,803
45055,18,1220,386,834
45057,0,95380,46267,49113
45057,1,5777,2987,2790
45057,2,6032,2974,3058
45057,3,5809,2956,2853
45057,4,4905,2431,2474
45057,5,4449,2343,2106
45057,6,5673,2844,2829
45057,7,5847,2828,3019
45057,8,6390,3137,3253
45057,9,6123,3048,3075
45057,10,6375,3252,3123
45057,11,5958,2937,3021
45057,12,6060,2890,3170
45057,13,5923,2713,3210
45057,14,6209,2766,3443
45057,15,5975,2696,3279
45057,16,3960,1844,2116
45057,17,2162,943,1219
45057,18,1753,678,1075
45059,0,66994,32381,34613
45059,1,3816,1972,1844
45059,2,4102,2100,2002
45059,3,4232,2175,2057
45059,4,4205,2160,2045
45059,5,4219,2113,2106
45059,6,4384,2104,2280
45059,7,3842,1832,2010
45059,8,3659,1710,1949
45059,9,3714,1872,1842
45059,10,4387,2132,2255
45059,11,4518,2177,2341
45059,12,4847,2286,2561
45059,13,4659,2209,2450
45059,14,4068,1992,2076
45059,15,3187,1473,1714
45059,16,2256,1042,1214
45059,17,1395,554,841
45059,18,1504,478,1026
45061,0,17142,8813,8329
45061,1,869,436,433
45061,2,900,485,415
45061,3,1045,548,497
45061,4,1046,539,507
45061,5,1190,744,446
45061,6,1325,819,506
45061,7,1063,624,439
45061,8,1046,578,468
45061,9,922,503,419
45061,10,1009,506,503
45061,11,1117,547,570
45061,12,1236,566,670
45061,13,1227,564,663
45061,14,1123,534,589
45061,15,837,376,461
45061,16,535,218,317
45061,17,359,132,227
45061,18,293,94,199
45063,0,295032,143554,151478
45063,1,17000,8671,8329
45063,2,19181,9755,9426
45063,3,20200,10314,9886
45063,4,18152,9308,8844
45063,5,16065,8145,7920
45063,6,20447,10059,10388
45063,7,19463,9588,9875
45063,8,19680,9552,10128
45063,9,18543,8964,9579
45063,10,20290,9968,10322
45063,11,19854,9674,10180
45063,12,20459,9925,10534
45063,13,19117,8955,10162
45063,14,15875,7392,8483
45063,15,12535,5827,6708
45063,16,8338,3757,4581
45063,17,5027,2055,2972
45063,18,4806,1645,3161
45065,0,9410,5053,4357
45065,1,262,140,122
45065,2,293,146,147
45065,3,354,177,177
45065,4,299,149,150
45065,5,390,236,154
45065,6,488,332,156
45065,7,466,312,154
45065,8,437,283,154
45065,9,419,246,173
45065,10,536,301,235
45065,11,603,334,269
45065,12,706,364,342
45065,13,870,436,434
45065,14,980,462,518
45065,15,1005,467,538
45065,16,739,384,355
45065,17,362,177,185
45065,18,201,107,94
45067,0,31039,14230,16809
45067,1,1824,931,893
45067,2,1948,978,970
45067,3,2074,1056,1018
45067,4,1901,957,944
45067,5,1776,864,912
45067,6,2023,994,1029
45067,7,1486,643,843
45067,8,1805,816,989
45067,9,1785,805,980
45067,10,1791,817,974
45067,11,2022,919,1103
45067,12,2085,941,1144
45067,13,2357,1006,1351
45067,14,2151,942,1209
45067,15,1686,698,988
45067,16,1088,472,616
45067,17,651,237,414
45067,18,586,154,432
45069,0,26398,13778,12620
45069,1,1386,724,662
45069,2,1430,706,724
45069,3,1567,799,768
45069,4,1428,748,680
45069,5,1572,901,671
45069,6,2005,1221,784
45069,7,1773,1146,627
45069,8,1731,1013,718
45069,9,1653,891,762
45069,10,1638,906,732
45069,11,1850,927,923
45069,12,1865,924,941
45069,13,1739,819,920
45069,14,1585,724,861
45069,15,1395,641,754
45069,16,842,361,481
45069,17,495,197,298
45069,18,444,130,314
45071,0,38520,18793,19727
45071,1,2303,1150,1153
45071,2,2329,1194,1135
45071,3,2346,1162,1184
45071,4,2664,1387,1277
45071,5,2492,1332,1160
45071,6,2401,1220,1181
45071,7,1941,966,975
45071,8,2081,1033,1048
45071,9,2018,965,1053
45071,10,2380,1169,1211
45071,11,2523,1226,1297
45071,12,2722,1314,1408
45071,13,2768,1351,1417
45071,14,2442,1146,1296
45071,15,2041,955,1086
45071,16,1374,614,760
45071,17,828,356,472
45071,18,867,253,614
45073,0,78374,38557,39817
45073,1,3871,1974,1897
45073,2,4327,2174,2153
45073,3,4686,2394,2292
45073,4,4209,2175,2034
45073,5,4111,2159,1952
45073,6,4951,2537,2414
45073,7,3940,2007,1933
45073,8,4080,1999,2081
45073,9,4078,2031,2047
45073,10,4829,2398,2431
45073,11,5033,2475,2558
45073,12,5785,2793,2992
45073,13,6278,2978,3300
45073,14,5812,2741,3071
45073,15,5140,2528,2612
45073,16,3483,1648,1835
45073,17,2129,968,1161
45073,18,1632,578,1054
45075,0,86934,40548,46386
45075,1,4816,2380,2436
45075,2,5496,2729,2767
45075,3,5559,2882,2677
45075,4,5941,2917,3024
45075,5,5956,2893,3063
45075,6,5846,2795,3051
45075,7,4662,2112,2550
45075,8,4641,2158,2483
45075,9,4220,1937,2283
45075,10,4849,2200,2649
45075,11,5631,2604,3027
45075,12,6189,2865,3324
45075,13,6014,2763,3251
45075,14,5497,2448,3049
45075,15,4630,2119,2511
45075,16,3129,1327,1802
45075,17,1969,793,1176
45075,18,1889,626,1263
45077,0,124937,62214,62723
45077,1,6392,3227,3165
45077,2,6235,3189,3046
45077,3,6958,3546,3412
45077,4,10903,5721,5182
45077,5,15049,8056,6993
45077,6,8526,4460,4066
45077,7,6626,3410,3216
45077,8,6658,3349,3309
45077,9,6558,3221,3337
45077,10,7261,3557,3704
45077,11,7569,3643,3926
45077,12,8015,3898,4117
45077,13,7527,3651,3876
45077,14,6437,3047,3390
45077,15,5500,2596,2904
45077,16,3922,1802,2120
45077,17,2462,979,1483
45077,18,2339,862,1477
45079,0,414576,200319,214257
45079,1,24036,12219,11817
45079,2,24197,12220,11977
45079,3,25212,12646,12566
45079,4,33958,17555,16403
45079,5,46109,24201,21908
45079,6,34012,16947,17065
45079,7,28000,13596,14404
45079,8,26810,12814,13996
45079,9,24024,11406,12618
45079,10,24344,11507,12837
45079,11,23953,11156,12797
45079,12,24572,11349,13223
45079,13,22559,10255,12304
45079,14,18788,8336,10452
45079,15,14244,6439,7805
45079,16,8811,3747,5064
45079,17,5501,2136,3365
45079,18,5446,1790,3656
45081,0,20544,10416,10128
45081,1,1241,656,585
45081,2,1227,657,570
45081,3,1272,636,636
45081,4,1145,621,524
45081,5,1115,627,488
45081,6,1341,713,628
45081,7,1172,661,511
45081,8,1193,613,580
45081,9,1148,590,558
45081,10,1327,670,657
45081,11,1343,639,704
45081,12,1535,758,777
45081,13,1425,725,700
45081,14,1212,602,610
45081,15,1045,494,551
45081,16,821,386,435
45081,17,496,213,283
45081,18,486,155,331
45083,0,313888,152188,161700
45083,1,19007,9653,9354
45083,2,20079,10116,9963
45083,3,20770,10578,10192
45083,4,21102,10656,10446
45083,5,20103,10032,10071
45083,6,23273,11421,11852
45083,7,19940,9814,10126
45083,8,18889,9276,9613
45083,9,18426,8941,9485
45083,10,20646,10130,10516
45083,11,20956,10282,10674
45083,12,20999,10214,10785
45083,13,18886,8844,10042
45083,14,16809,7673,9136
45083,15,13475,6321,7154
45083,16,9629,4176,5453
45083,17,5837,2394,3443
45083,18,5062,1667,3395
45085,0,106512,51216,55296
45085,1,7089,3647,3442
45085,2,7075,3550,3525
45085,3,7108,3526,3582
45085,4,6757,3471,3286
45085,5,7929,4330,3599
45085,6,8323,4254,4069
45085,7,6771,3314,3457
45085,8,6366,3031,3335
45085,9,5551,2633,2918
45085,10,6041,2779,3262
45085,11,6435,3013,3422
45085,12,7009,3332,3677
45085,13,6542,2990,3552
45085,14,5619,2493,3126
45085,15,4513,1965,2548
45085,16,3232,1375,1857
45085,17,2193,870,1323
45085,18,1959,643,1316
45087,0,27410,12987,14423
45087,1,1589,787,802
45087,2,1553,799,754
45087,3,1624,837,787
45087,4,1583,822,761
45087,5,1546,794,752
45087,6,1706,793,913
45087,7,1356,615,741
45087,8,1462,686,776
45087,9,1542,736,806
45087,10,1824,867,957
45087,11,1955,926,1029
45087,12,2024,962,1062
45087,13,2092,1008,1084
45087,14,1787,814,973
45087,15,1528,682,846
45087,16,984,424,560
45087,17,630,254,376
45087,18,625,181,444
45089,0,30606,14492,16114
45089,1,1558,747,811
45089,2,1665,818,847
45089,3,1916,965,951
45089,4,1878,947,931
45089,5,1719,863,856
45089,6,2021,1074,947
45089,7,1640,892,748
45089,8,1683,841,842
45089,9,1714,817,897
45089,10,1908,877,1031
45089,11,1927,892,1035
45089,12,2133,977,1156
45089,13,2403,1029,1374
45089,14,2205,1024,1181
45089,15,1700,768,932
45089,16,1150,516,634
45089,17,694,258,436
45089,18,692,187,505
45091,0,274118,132238,141880
45091,1,16680,8518,8162
45091,2,18884,9598,9286
45091,3,19482,9931,9551
45091,4,18468,9071,9397
45091,5,15638,7687,7951
45091,6,16847,8028,8819
45091,7,17393,8262,9131
45091,8,19179,9179,10000
45091,9,18701,9091,9610
45091,10,20328,9822,10506
45091,11,18612,9048,9564
45091,12,18274,8833,9441
45091,13,16396,7824,8572
45091,14,13708,6265,7443
45091,15,10757,5026,5731
45091,16,7135,3211,3924
45091,17,4068,1647,2421
45091,18,3568,1197,2371
46003,0,2801,1490,1311
46003,1,179,99,80
46003,2,182,105,77
46003,3,196,106,90
46003,4,206,124,82
46003,5,144,78,66
46003,6,133,69,64
46003,7,181,99,82
46003,8,169,103,66
46003,9,128,69,59
46003,10,159,74,85
46003,11,149,78,71
46003,12,182,99,83
46003,13,216,110,106
46003,14,161,77,84
46003,15,145,78,67
46003,16,87,42,45
46003,17,95,44,51
46003,18,89,36,53
46005,0,18883,9619,9264
46005,1,1659,778,881
46005,2,1423,747,676
46005,3,1285,692,593
46005,4,1241,738,503
46005,5,1035,544,491
46005,6,1090,574,516
46005,7,1204,646,558
46005,8,1147,616,531
46005,9,1008,545,463
46005,10,985,447,538
46005,11,1019,527,492
46005,12,1362,673,689
46005,13,1216,614,602
46005,14,1010,543,467
46005,15,689,344,345
46005,16,528,239,289
46005,17,430,184,246
46005,18,552,168,384
46007,0,3468,1695,1773
46007,1,336,174,162
46007,2,358,169,189
46007,3,316,163,153
46007,4,262,131,131
46007,5,249,122,127
46007,6,217,100,117
46007,7,228,104,124
46007,8,177,81,96
46007,9,142,74,68
46007,10,167,79,88
46007,11,196,93,103
46007,12,220,124,96
46007,13,167,80,87
46007,14,146,62,84
46007,15,90,44,46
46007,16,61,25,36
46007,17,85,41,44
46007,18,51,29,22
46009,0,6980,4131,2849
46009,1,370,192,178
46009,2,369,195,174
46009,3,407,187,220
46009,4,410,247,163
46009,5,460,332,128
46009,6,473,358,115
46009,7,454,309,145
46009,8,455,326,129
46009,9,395,276,119
46009,10,402,267,135
46009,11,421,247,174
46009,12,487,280,207
46009,13,455,257,198
46009,14,401,203,198
46009,15,302,155,147
46009,16,226,111,115
46009,17,190,84,106
46009,18,303,105,198
46011,0,35232,18287,16945
46011,1,2237,1224,1013
46011,2,1936,1004,932
46011,3,1948,986,962
46011,4,3889,1946,1943
46011,5,6228,3291,2937
46011,6,2687,1579,1108
46011,7,2130,1137,993
46011,8,1982,1044,938
46011,9,1582,849,733
46011,10,1537,777,760
46011,11,1514,793,721
46011,12,1654,841,813
46011,13,1713,878,835
46011,14,1429,699,730
46011,15,973,472,501
46011,16,700,329,371
46011,17,515,238,277
46011,18,578,200,378
46013,0,39316,19322,19994
46013,1,2659,1350,1309
46013,2,2613,1305,1308
46013,3,2691,1342,1349
46013,4,2533,1214,1319
46013,5,2613,1246,1367
46013,6,2702,1364,1338
46013,7,2669,1458,1211
46013,8,2564,1334,1230
46013,9,2010,1026,984
46013,10,2173,1126,1047
46013,11,2160,1103,1057
46013,12,2710,1316,1394
46013,13,2472,1227,1245
46013,14,2101,988,1113
46013,15,1519,735,784
46013,16,1083,456,627
46013,17,901,364,537
46013,18,1143,368,775
46015,0,5229,2612,2617
46015,1,346,187,159
46015,2,382,184,198
46015,3,409,213,196
46015,4,355,184,171
46015,5,263,140,123
46015,6,257,138,119
46015,7,259,130,129
46015,8,310,155,155
46015,9,264,127,137
46015,10,278,129,149
46015,11,328,168,160
46015,12,387,191,196
46015,13,399,206,193
46015,14,339,187,152
46015,15,174,87,87
46015,16,171,70,101
46015,17,130,56,74
46015,18,178,60,118
46017,0,2036,1012,1024
46017,1,248,128,120
46017,2,214,121,93
46017,3,219,93,126
46017,4,175,85,90
46017,5,133,74,59
46017,6,158,79,79
46017,7,120,53,67
46017,8,122,64,58
46017,9,120,63,57
46017,10,93,50,43
46017,11,88,45,43
46017,12,79,35,44
46017,13,107,56,51
46017,14,50,18,32
46017,15,50,22,28
46017,16,29,10,19
46017,17,18,11,7
46017,18,13,5,8
46019,0,10222,5176,5046
46019,1,653,341,312
46019,2,673,343,330
46019,3,715,391,324
46019,4,647,327,320
46019,5,457,243,214
46019,6,608,314,294
46019,7,574,284,290
46019,8,630,312,318
46019,9,494,266,228
46019,10,529,256,273
46019,11,602,301,301
46019,12,785,384,401
46019,13,807,408,399
46019,14,690,362,328
46019,15,545,282,263
46019,16,360,178,182
46019,17,218,97,121
46019,18,235,87,148
46021,0,1377,716,661
46021,1,59,36,23
46021,2,63,37,26
46021,3,53,20,33
46021,4,71,33,38
46021,5,62,36,26
46021,6,47,26,21
46021,7,61,31,30
46021,8,61,30,31
46021,9,55,28,27
46021,10,54,27,27
46021,11,104,56,48
46021,12,154,87,67
46021,13,143,77,66
46021,14,87,50,37
46021,15,85,39,46
46021,16,73,39,34
46021,17,77,36,41
46021,18,68,28,40
46023,0,9338,4667,4671
46023,1,826,433,393
46023,2,822,437,385
46023,3,732,362,370
46023,4,625,321,304
46023,5,554,260,294
46023,6,476,248,228
46023,7,486,234,252
46023,8,476,258,218
46023,9,439,202,237
46023,10,465,246,219
46023,11,497,245,252
46023,12,633,319,314
46023,13,592,304,288
46023,14,480,245,235
46023,15,367,171,196
46023,16,333,166,167
46023,17,239,108,131
46023,18,296,108,188
46025,0,3739,1925,1814
46025,1,392,198,194
46025,2,259,127,132
46025,3,219,127,92
46025,4,167,82,85
46025,5,210,127,83
46025,6,228,115,113
46025,7,205,108,97
46025,8,190,106,84
46025,9,162,99,63
46025,10,161,82,79
46025,11,197,94,103
46025,12,276,143,133
46025,13,282,159,123
46025,14,269,140,129
46025,15,172,84,88
46025,16,141,72,69
46025,17,94,35,59
46025,18,115,27,88
46027,0,14041,7027,7014
46027,1,742,388,354
46027,2,678,357,321
46027,3,649,340,309
46027,4,1644,729,915
46027,5,3212,1593,1619
46027,6,1057,611,446
46027,7,691,379,312
46027,8,661,338,323
46027,9,568,286,282
46027,10,560,296,264
46027,11,594,275,319
46027,12,620,292,328
46027,13,648,329,319
46027,14,626,319,307
46027,15,385,212,173
46027,16,287,145,142
46027,17,199,81,118
46027,18,220,57,163
46029,0,28015,14081,13934
46029,1,1760,905,855
46029,2,1875,967,908
46029,3,2040,1021,1019
46029,4,1658,897,761
46029,5,1593,816,777
46029,6,1815,978,837
46029,7,1695,868,827
46029,8,1773,887,886
46029,9,1583,832,751
46029,10,1610,831,779
46029,11,1728,888,840
46029,12,1996,949,1047
46029,13,1940,979,961
46029,14,1514,779,735
46029,15,1136,546,590
46029,16,840,384,456
46029,17,669,257,412
46029,18,790,297,493
46031,0,4165,2089,2076
46031,1,429,193,236
46031,2,419,202,217
46031,3,450,235,215
46031,4,355,176,179
46031,5,219,105,114
46031,6,278,148,130
46031,7,231,123,108
46031,8,216,101,115
46031,9,215,106,109
46031,10,168,105,63
46031,11,233,127,106
46031,12,250,126,124
46031,13,231,117,114
46031,14,153,76,77
46031,15,128,65,63
46031,16,91,43,48
46031,17,55,24,31
46031,18,44,17,27
46033,0,8726,4337,4389
46033,1,350,172,178
46033,2,310,166,144
46033,3,355,176,179
46033,4,431,249,182
46033,5,260,136,124
46033,6,329,167,162
46033,7,351,159,192
46033,8,430,224,206
46033,9,412,206,206
46033,10,474,222,252
46033,11,599,304,295
46033,12,826,357,469
46033,13,978,468,510
46033,14,982,510,472
46033,15,691,371,320
46033,16,455,233,222
46033,17,262,135,127
46033,18,231,82,149
46035,0,19790,9894,9896
46035,1,1254,649,605
46035,2,1179,606,573
46035,3,1394,711,683
46035,4,1274,660,614
46035,5,1366,730,636
46035,6,1333,731,602
46035,7,1175,615,560
46035,8,1177,626,551
46035,9,1099,558,541
46035,10,953,483,470
46035,11,1134,584,550
46035,12,1401,699,702
46035,13,1327,637,690
46035,14,1070,537,533
46035,15,821,390,431
46035,16,626,286,340
46035,17,482,185,297
46035,18,725,207,518
46037,0,5505,2807,2698
46037,1,276,133,143
46037,2,361,178,183
46037,3,373,203,170
46037,4,333,170,163
46037,5,242,130,112
46037,6,239,123,116
46037,7,259,138,121
46037,8,302,159,143
46037,9,269,143,126
46037,10,262,149,113
46037,11,287,137,150
46037,12,426,216,210
46037,13,476,257,219
46037,14,429,221,208
46037,15,326,168,158
46037,16,218,111,107
46037,17,184,91,93
46037,18,243,80,163
46039,0,4337,2243,2094
46039,1,278,159,119
46039,2,279,148,131
46039,3,305,169,136
46039,4,262,146,116
46039,5,194,95,99
46039,6,228,106,122
46039,7,228,128,100
46039,8,246,137,109
46039,9,216,117,99
46039,10,224,118,106
46039,11,272,134,138
46039,12,336,176,160
46039,13,320,174,146
46039,14,293,139,154
46039,15,232,114,118
46039,16,151,73,78
46039,17,130,50,80
46039,18,143,60,83
46041,0,5904,2927,2977
46041,1,770,418,352
46041,2,634,328,306
46041,3,535,263,272
46041,4,463,228,235
46041,5,365,180,185
46041,6,377,179,198
46041,7,358,161,197
46041,8,359,196,163
46041,9,259,114,145
46041,10,271,128,143
46041,11,326,165,161
46041,12,349,173,176
46041,13,279,142,137
46041,14,192,90,102
46041,15,140,64,76
46041,16,97,49,48
46041,17,77,28,49
46041,18,53,21,32
46043,0,2935,1452,1483
46043,1,223,100,123
46043,2,196,93,103
46043,3,197,91,106
46043,4,195,106,89
46043,5,122,65,57
46043,6,138,79,59
46043,7,148,74,74
46043,8,132,71,61
46043,9,120,61,59
46043,10,124,59,65
46043,11,175,90,85
46043,12,218,109,109
46043,13,240,119,121
46043,14,189,101,88
46043,15,161,84,77
46043,16,113,61,52
46043,17,96,46,50
46043,18,148,43,105
46045,0,3875,1939,1936
46045,1,272,129,143
46045,2,253,115,138
46045,3,255,150,105
46045,4,215,102,113
46045,5,193,111,82
46045,6,176,89,87
46045,7,192,90,102
46045,8,200,99,101
46045,9,182,94,88
46045,10,214,118,96
46045,11,250,110,140
46045,12,324,181,143
46045,13,315,166,149
46045,14,250,127,123
46045,15,176,83,93
46045,16,157,74,83
46045,17,97,46,51
46045,18,154,55,99
46047,0,6758,3417,3341
46047,1,274,134,140
46047,2,314,170,144
46047,3,355,183,172
46047,4,350,181,169
46047,5,288,161,127
46047,6,303,146,157
46047,7,268,141,127
46047,8,294,151,143
46047,9,334,152,182
46047,10,366,192,174
46047,11,435,226,209
46047,12,550,272,278
46047,13,667,330,337
46047,14,653,331,322
46047,15,526,276,250
46047,16,297,156,141
46047,17,264,134,130
46047,18,220,81,139
46049,0,2330,1156,1174
46049,1,193,100,93
46049,2,156,77,79
46049,3,150,71,79
46049,4,124,54,70
46049,5,113,57,56
46049,6,123,64,59
46049,7,113,49,64
46049,8,121,64,57
46049,9,105,51,54
46049,10,104,51,53
46049,11,126,61,65
46049,12,175,101,74
46049,13,183,91,92
46049,14,148,78,70
46049,15,102,56,46
46049,16,88,38,50
46049,17,89,41,48
46049,18,117,52,65
46051,0,7147,3756,3391
46051,1,443,246,197
46051,2,423,216,207
46051,3,473,282,191
46051,4,426,223,203
46051,5,367,190,177
46051,6,337,184,153
46051,7,337,187,150
46051,8,385,200,185
46051,9,398,203,195
46051,10,426,268,158
46051,11,445,223,222
46051,12,622,326,296
46051,13,576,314,262
46051,14,470,236,234
46051,15,355,173,182
46051,16,250,116,134
46051,17,190,85,105
46051,18,224,84,140
46053,0,4212,2167,2045
46053,1,277,155,122
46053,2,249,136,113
46053,3,296,159,137
46053,4,260,146,114
46053,5,202,106,96
46053,6,172,93,79
46053,7,175,91,84
46053,8,216,121,95
46053,9,224,116,108
46053,10,215,115,100
46053,11,218,111,107
46053,12,308,157,151
46053,13,328,161,167
46053,14,304,161,143
46053,15,251,124,127
46053,16,180,90,90
46053,17,140,58,82
46053,18,197,67,130
46055,0,1918,954,964
46055,1,115,48,67
46055,2,126,63,63
46055,3,137,67,70
46055,4,114,61,53
46055,5,88,43,45
46055,6,86,39,47
46055,7,89,42,47
46055,8,118,69,49
46055,9,85,40,45
46055,10,85,47,38
46055,11,73,41,32
46055,12,158,81,77
46055,13,176,103,73
46055,14,125,56,69
46055,15,105,52,53
46055,16,94,46,48
46055,17,73,41,32
46055,18,71,15,56
46057,0,6111,3138,2973
46057,1,550,296,254
46057,2,505,247,258
46057,3,547,288,259
46057,4,481,249,232
46057,5,353,179,174
46057,6,342,173,169
46057,7,291,165,126
46057,8,348,189,159
46057,9,320,176,144
46057,10,318,163,155
46057,11,306,153,153
46057,12,414,220,194
46057,13,383,196,187
46057,14,297,154,143
46057,15,215,117,98
46057,16,155,74,81
46057,17,125,54,71
46057,18,161,45,116
46059,0,3262,1627,1635
46059,1,191,108,83
46059,2,205,100,105
46059,3,227,115,112
46059,4,147,69,78
46059,5,162,85,77
46059,6,169,96,73
46059,7,147,72,75
46059,8,167,91,76
46059,9,159,81,78
46059,10,132,64,68
46059,11,215,110,105
46059,12,255,141,114
46059,13,260,125,135
46059,14,228,112,116
46059,15,128,58,70
46059,16,140,66,74
46059,17,133,58,75
46059,18,197,76,121
46061,0,3376,1690,1686
46061,1,256,115,141
46061,2,290,149,141
46061,3,302,154,148
46061,4,275,136,139
46061,5,159,85,74
46061,6,172,83,89
46061,7,143,59,84
46061,8,217,114,103
46061,9,204,105,99
46061,10,185,94,91
46061,11,225,114,111
46061,12,202,100,102
46061,13,225,121,104
46061,14,258,129,129
46061,15,128,66,62
46061,16,77,41,36
46061,17,28,14,14
46061,18,30,11,19
46063,0,1249,657,592
46063,1,82,42,40
46063,2,78,30,48
46063,3,66,31,35
46063,4,87,56,31
46063,5,60,29,31
46063,6,76,45,31
46063,7,76,47,29
46063,8,71,33,38
46063,9,63,37,26
46063,10,75,40,35
46063,11,76,40,36
46063,12,109,60,49
46063,13,108,54,54
46063,14,82,44,38
46063,15,49,28,21
46063,16,33,16,17
46063,17,24,11,13
46063,18,34,14,20
46065,0,17650,8680,8970
46065,1,1183,606,577
46065,2,1260,661,599
46065,3,1192,606,586
46065,4,963,488,475
46065,5,968,482,486
46065,6,1126,534,592
46065,7,1249,628,621
46065,8,1122,544,578
46065,9,971,461,510
46065,10,996,477,519
46065,11,1054,490,564
46065,12,1294,635,659
46065,13,1215,602,613
46065,14,1049,546,503
46065,15,741,382,359
46065,16,490,237,253
46065,17,334,136,198
46065,18,443,165,278
46067,0,7380,3605,3775
46067,1,683,309,374
46067,2,460,246,214
46067,3,468,208,260
46067,4,408,209,199
46067,5,397,198,199
46067,6,337,174,163
46067,7,361,184,177
46067,8,364,194,170
46067,9,371,184,187
46067,10,429,224,205
46067,11,374,198,176
46067,12,520,273,247
46067,13,511,265,246
46067,14,462,226,236
46067,15,327,163,164
46067,16,277,123,154
46067,17,257,97,160
46067,18,374,130,244
46069,0,1282,666,616
46069,1,78,38,40
46069,2,60,36,24
46069,3,84,48,36
46069,4,68,35,33
46069,5,52,28,24
46069,6,82,49,33
46069,7,58,30,28
46069,8,66,35,31
46069,9,69,43,26
46069,10,44,13,31
46069,11,84,41,43
46069,12,83,49,34
46069,13,130,55,75
46069,14,81,47,34
46069,15,57,36,21
46069,16,60,31,29
46069,17,63,35,28
46069,18,63,17,46
46071,0,3307,1662,1645
46071,1,354,183,171
46071,2,303,155,148
46071,3,301,151,150
46071,4,264,139,125
46071,5,229,111,118
46071,6,189,104,85
46071,7,192,88,104
46071,8,151,76,75
46071,9,150,79,71
46071,10,155,69,86
46071,11,196,102,94
46071,12,203,100,103
46071,13,178,88,90
46071,14,138,65,73
46071,15,110,57,53
46071,16,72,37,35
46071,17,63,33,30
46071,18,59,25,34
46073,0,2043,1032,1011
46073,1,131,60,71
46073,2,138,80,58
46073,3,137,71,66
46073,4,100,55,45
46073,5,73,46,27
46073,6,83,48,35
46073,7,116,63,53
46073,8,129,61,68
46073,9,107,60,47
46073,10,91,53,38
46073,11,100,48,52
46073,12,138,70,68
46073,13,150,77,73
46073,14,174,90,84
46073,15,118,61,57
46073,16,88,39,49
46073,17,68,26,42
46073,18,102,24,78
46075,0,928,458,470
46075,1,57,29,28
46075,2,63,33,30
46075,3,59,29,30
46075,4,40,24,16
46075,5,37,14,23
46075,6,40,17,23
46075,7,52,30,22
46075,8,43,21,22
46075,9,33,13,20
46075,10,61,32,29
46075,11,54,24,30
46075,12,89,37,52
46075,13,84,47,37
46075,14,68,37,31
46075,15,51,25,26
46075,16,34,18,16
46075,17,30,15,15
46075,18,33,13,20
46077,0,4919,2524,2395
46077,1,327,171,156
46077,2,323,157,166
46077,3,311,164,147
46077,4,255,141,114
46077,5,245,112,133
46077,6,243,134,109
46077,7,237,126,111
46077,8,291,140,151
46077,9,234,128,106
46077,10,237,121,116
46077,11,288,147,141
46077,12,430,224,206
46077,13,359,207,152
46077,14,353,174,179
46077,15,256,145,111
46077,16,192,90,102
46077,17,145,74,71
46077,18,193,69,124
46079,0,13057,6810,6247
46079,1,709,376,333
46079,2,719,379,340
46079,3,732,375,357
46079,4,968,530,438
46079,5,856,497,359
46079,6,566,314,252
46079,7,615,321,294
46079,8,725,392,333
46079,9,607,317,290
46079,10,609,318,291
46079,11,750,387,363
46079,12,1083,508,575
46079,13,1247,599,648
46079,14,1225,679,546
46079,15,741,408,333
46079,16,391,212,179
46079,17,237,103,134
46079,18,277,95,182
46081,0,25741,12867,12874
46081,1,1121,605,516
46081,2,1268,652,616
46081,3,1431,731,700
46081,4,1716,875,841
46081,5,2003,969,1034
46081,6,1548,813,735
46081,7,1559,783,776
46081,8,1495,784,711
46081,9,1283,650,633
46081,10,1264,651,613
46081,11,1461,733,728
46081,12,1849,851,998
46081,13,2126,1071,1055
46081,14,2059,1041,1018
46081,15,1379,724,655
46081,16,892,440,452
46081,17,584,259,325
46081,18,703,235,468
46083,0,58807,29097,29710
46083,1,4321,2255,2066
46083,2,4805,2477,2328
46083,3,4848,2528,2320
46083,4,3622,1861,1761
46083,5,3148,1522,1626
46083,6,4117,2003,2114
46083,7,4401,2185,2216
46083,8,4716,2352,2364
46083,9,4001,2006,1995
46083,10,3700,1791,1909
46083,11,3199,1624,1575
46083,12,3320,1603,1717
46083,13,3041,1484,1557
46083,14,2775,1286,1489
46083,15,1924,932,992
46083,16,1175,532,643
46083,17,765,333,432
46083,18,929,323,606
46085,0,3821,1998,1823
46085,1,350,185,165
46085,2,311,147,164
46085,3,298,171,127
46085,4,261,144,117
46085,5,219,126,93
46085,6,221,116,105
46085,7,213,109,104
46085,8,208,100,108
46085,9,201,119,82
46085,10,170,93,77
46085,11,197,102,95
46085,12,285,147,138
46085,13,282,150,132
46085,14,189,98,91
46085,15,148,77,71
46085,16,125,60,65
46085,17,84,38,46
46085,18,59,16,43
46087,0,5546,2779,2767
46087,1,409,210,199
46087,2,445,237,208
46087,3,436,230,206
46087,4,347,158,189
46087,5,286,149,137
46087,6,278,162,116
46087,7,263,115,148
46087,8,338,185,153
46087,9,313,157,156
46087,10,314,158,156
46087,11,314,172,142
46087,12,380,199,181
46087,13,370,186,184
46087,14,318,158,160
46087,15,223,93,130
46087,16,210,96,114
46087,17,140,68,72
46087,18,162,46,116
46089,0,2407,1192,1215
46089,1,157,87,70
46089,2,175,82,93
46089,3,166,84,82
46089,4,137,68,69
46089,5,95,54,41
46089,6,99,54,45
46089,7,104,51,53
46089,8,124,63,61
46089,9,111,57,54
46089,10,110,51,59
46089,11,124,58,66
46089,12,160,85,75
46089,13,169,86,83
46089,14,165,83,82
46089,15,139,70,69
46089,16,110,54,56
46089,17,122,58,64
46089,18,140,47,93
46091,0,5112,2750,2362
46091,1,435,216,219
46091,2,308,167,141
46091,3,281,135,146
46091,4,254,152,102
46091,5,311,180,131
46091,6,365,204,161
46091,7,352,220,132
46091,8,272,160,112
46091,9,243,153,90
46091,10,240,138,102
46091,11,293,148,145
46091,12,341,166,175
46091,13,384,212,172
46091,14,362,190,172
46091,15,249,132,117
46091,16,155,75,80
46091,17,110,50,60
46091,18,157,52,105
46093,0,28294,14725,13569
46093,1,1522,784,738
46093,2,1909,975,934
46093,3,2027,1017,1010
46093,4,1697,948,749
46093,5,2387,1540,847
46093,6,2095,1126,969
46093,7,1998,1035,963
46093,8,2013,1025,988
46093,9,1539,802,737
46093,10,1459,749,710
46093,11,1566,753,813
46093,12,1926,966,960
46093,13,1840,900,940
46093,14,1589,816,773
46093,15,1108,570,538
46093,16,702,346,356
46093,17,459,205,254
46093,18,458,168,290
46095,0,2042,1059,983
46095,1,210,98,112
46095,2,139,87,52
46095,3,200,108,92
46095,4,140,73,67
46095,5,134,72,62
46095,6,144,77,67
46095,7,99,53,46
46095,8,81,24,57
46095,9,95,50,45
46095,10,91,48,43
46095,11,122,60,62
46095,12,137,66,71
46095,13,134,74,60
46095,14,109,67,42
46095,15,82,41,41
46095,16,49,25,24
46095,17,40,22,18
46095,18,36,14,22
46097,0,2213,1149,1064
46097,1,132,75,57
46097,2,132,72,60
46097,3,166,89,77
46097,4,142,69,73
46097,5,115,68,47
46097,6,107,58,49
46097,7,105,52,53
46097,8,98,52,46
46097,9,109,58,51
46097,10,94,43,51
46097,11,150,73,77
46097,12,197,105,92
46097,13,202,101,101
46097,14,138,95,43
46097,15,89,47,42
46097,16,84,33,51
46097,17,63,25,38
46097,18,90,34,56
46099,0,192876,97356,95520
46099,1,14858,7515,7343
46099,2,14005,7213,6792
46099,3,12978,6638,6340
46099,4,11879,6142,5737
46099,5,12259,6073,6186
46099,6,15281,8017,7264
46099,7,15392,8234,7158
46099,8,14005,7349,6656
46099,9,11408,5971,5437
46099,10,11014,5651,5363
46099,11,11105,5719,5386
46099,12,12302,6034,6268
46099,13,11161,5469,5692
46099,14,9433,4667,4766
46099,15,6080,2895,3185
46099,16,3632,1601,2031
46099,17,2690,1045,1645
46099,18,3394,1123,2271
46101,0,6579,3272,3307
46101,1,504,247,257
46101,2,466,228,238
46101,3,461,236,225
46101,4,433,220,213
46101,5,360,203,157
46101,6,313,166,147
46101,7,321,151,170
46101,8,409,214,195
46101,9,355,161,194
46101,10,338,176,162
46101,11,404,196,208
46101,12,532,278,254
46101,13,449,215,234
46101,14,398,209,189
46101,15,283,143,140
46101,16,229,97,132
46101,17,151,61,90
46101,18,173,71,102
46102,0,14309,7010,7299
46102,1,1462,773,689
46102,2,1563,761,802
46102,3,1508,759,749
46102,4,1262,640,622
46102,5,1114,586,528
46102,6,1168,575,593
46102,7,1019,516,503
46102,8,846,402,444
46102,9,681,321,360
46102,10,715,341,374
46102,11,714,338,376
46102,12,669,337,332
46102,13,543,248,295
46102,14,415,170,245
46102,15,268,110,158
46102,16,194,72,122
46102,17,90,40,50
46102,18,78,21,57
46103,0,111729,56294,55435
46103,1,7209,3741,3468
46103,2,7112,3729,3383
46103,3,7271,3767,3504
46103,4,6555,3482,3073
46103,5,6723,3671,3052
46103,6,7755,4056,3699
46103,7,7363,3774,3589
46103,8,7024,3524,3500
46103,9,6009,2990,3019
46103,10,5933,2947,2986
46103,11,6389,3217,3172
46103,12,7861,3843,4018
46103,13,8438,4118,4320
46103,14,7301,3604,3697
46103,15,5040,2530,2510
46103,16,3200,1515,1685
46103,17,2055,891,1164
46103,18,2491,895,1596
46105,0,2922,1465,1457
46105,1,175,94,81
46105,2,172,80,92
46105,3,152,78,74
46105,4,168,94,74
46105,5,151,80,71
46105,6,123,62,61
46105,7,122,59,63
46105,8,154,84,70
46105,9,152,75,77
46105,10,141,72,69
46105,11,180,80,100
46105,12,246,122,124
46105,13,251,125,126
46105,14,208,113,95
46105,15,178,95,83
46105,16,122,67,55
46105,17,75,40,35
46105,18,152,45,107
46107,0,2207,1094,1113
46107,1,122,79,43
46107,2,121,60,61
46107,3,154,73,81
46107,4,121,62,59
46107,5,96,47,49
46107,6,103,51,52
46107,7,87,46,41
46107,8,111,57,54
46107,9,87,47,40
46107,10,100,49,51
46107,11,122,51,71
46107,12,184,103,81
46107,13,161,84,77
46107,14,187,86,101
46107,15,144,73,71
46107,16,98,49,49
46107,17,97,42,55
46107,18,112,35,77
46109,0,10447,5254,5193
46109,1,931,488,443
46109,2,846,434,412
46109,3,799,387,412
46109,4,663,356,307
46109,5,644,355,289
46109,6,552,257,295
46109,7,503,251,252
46109,8,503,241,262
46109,9,472,227,245
46109,10,517,275,242
46109,11,613,295,318
46109,12,712,343,369
46109,13,659,355,304
46109,14,616,311,305
46109,15,521,274,247
46109,16,345,173,172
46109,17,254,122,132
46109,18,297,110,187
46111,0,2429,1266,1163
46111,1,186,91,95
46111,2,167,94,73
46111,3,174,90,84
46111,4,128,68,60
46111,5,116,62,54
46111,6,117,61,56
46111,7,167,95,72
46111,8,152,72,80
46111,9,135,85,50
46111,10,117,66,51
46111,11,111,50,61
46111,12,199,96,103
46111,13,183,100,83
46111,14,181,99,82
46111,15,101,50,51
46111,16,68,33,35
46111,17,56,29,27
46111,18,71,25,46
46115,0,6495,3251,3244
46115,1,392,186,206
46115,2,367,189,178
46115,3,464,242,222
46115,4,405,223,182
46115,5,342,171,171
46115,6,342,175,167
46115,7,392,212,180
46115,8,412,225,187
46115,9,287,135,152
46115,10,338,163,175
46115,11,381,194,187
46115,12,537,265,272
46115,13,488,258,230
46115,14,418,210,208
46115,15,269,142,127
46115,16,231,101,130
46115,17,185,84,101
46115,18,245,76,169
46117,0,3022,1550,1472
46117,1,187,98,89
46117,2,198,94,104
46117,3,228,105,123
46117,4,178,108,70
46117,5,123,75,48
46117,6,174,93,81
46117,7,156,82,74
46117,8,186,95,91
46117,9,188,101,87
46117,10,169,83,86
46117,11,199,99,100
46117,12,198,96,102
46117,13,221,103,118
46117,14,203,113,90
46117,15,155,70,85
46117,16,124,60,64
46117,17,73,47,26
46117,18,62,28,34
46119,0,1392,732,660
46119,1,78,33,45
46119,2,83,47,36
46119,3,84,42,42
46119,4,71,38,33
46119,5,53,29,24
46119,6,65,39,26
46119,7,74,43,31
46119,8,75,36,39
46119,9,72,39,33
46119,10,63,31,32
46119,11,90,48,42
46119,12,112,60,52
46119,13,124,64,60
46119,14,124,77,47
46119,15,76,40,36
46119,16,55,24,31
46119,17,40,22,18
46119,18,53,20,33
46121,0,10283,5004,5279
46121,1,1334,649,685
46121,2,1235,651,584
46121,3,1134,551,583
46121,4,947,487,460
46121,5,685,327,358
46121,6,764,385,379
46121,7,650,313,337
46121,8,559,278,281
46121,9,486,229,257
46121,10,421,192,229
46121,11,456,201,255
46121,12,427,218,209
46121,13,424,194,230
46121,14,290,117,173
46121,15,185,85,100
46121,16,114,58,56
46121,17,80,35,45
46121,18,92,34,58
46123,0,5478,2761,2717
46123,1,391,215,176
46123,2,328,168,160
46123,3,334,166,168
46123,4,326,167,159
46123,5,297,151,146
46123,6,312,173,139
46123,7,292,160,132
46123,8,241,119,122
46123,9,266,144,122
46123,10,294,152,142
46123,11,350,168,182
46123,12,451,242,209
46123,13,367,198,169
46123,14,335,167,168
46123,15,294,130,164
46123,16,213,100,113
46123,17,153,70,83
46123,18,234,71,163
46125,0,8424,4241,4183
46125,1,521,273,248
46125,2,607,314,293
46125,3,569,286,283
46125,4,513,279,234
46125,5,367,176,191
46125,6,413,220,193
46125,7,480,242,238
46125,8,523,273,250
46125,9,491,253,238
46125,10,497,252,245
46125,11,484,243,241
46125,12,619,322,297
46125,13,594,298,296
46125,14,531,292,239
46125,15,387,176,211
46125,16,304,130,174
46125,17,233,99,134
46125,18,291,113,178
46127,0,15619,7874,7745
46127,1,969,447,522
46127,2,1046,524,522
46127,3,1113,573,540
46127,4,989,511,478
46127,5,771,406,365
46127,6,934,525,409
46127,7,905,456,449
46127,8,957,477,480
46127,9,989,498,491
46127,10,926,481,445
46127,11,1025,557,468
46127,12,1094,532,562
46127,13,1069,531,538
46127,14,1017,530,487
46127,15,690,336,354
46127,16,487,230,257
46127,17,274,127,147
46127,18,364,133,231
46129,0,5587,2775,2812
46129,1,396,203,193
46129,2,331,141,190
46129,3,373,178,195
46129,4,353,215,138
46129,5,277,133,144
46129,6,292,153,139
46129,7,317,175,142
46129,8,279,140,139
46129,9,298,160,138
46129,10,267,138,129
46129,11,295,136,159
46129,12,381,199,182
46129,13,416,201,215
46129,14,378,188,190
46129,15,295,149,146
46129,16,217,105,112
46129,17,202,84,118
46129,18,220,77,143
46135,0,22869,11900,10969
46135,1,1380,689,691
46135,2,1291,655,636
46135,3,1390,711,679
46135,4,1338,689,649
46135,5,1473,773,700
46135,6,1417,824,593
46135,7,1456,852,604
46135,8,1404,842,562
46135,9,1285,715,570
46135,10,1383,781,602
46135,11,1458,796,662
46135,12,1652,839,813
46135,13,1631,826,805
46135,14,1358,668,690
46135,15,953,450,503
46135,16,739,343,396
46135,17,534,207,327
46135,18,727,240,487
46137,0,2742,1369,1373
46137,1,159,89,70
46137,2,182,77,105
46137,3,263,108,155
46137,4,288,147,141
46137,5,213,102,111
46137,6,163,95,68
46137,7,133,68,65
46137,8,215,134,81
46137,9,190,89,101
46137,10,175,90,85
46137,11,146,57,89
46137,12,232,124,108
46137,13,120,63,57
46137,14,87,48,39
46137,15,63,20,43
46137,16,47,27,20
46137,17,32,11,21
46137,18,34,20,14
47001,0,76482,37216,39266
47001,1,4013,2062,1951
47001,2,4418,2233,2185
47001,3,4773,2440,2333
47001,4,4381,2269,2112
47001,5,4128,2171,1957
47001,6,4943,2480,2463
47001,7,4334,2177,2157
47001,8,4421,2206,2215
47001,9,4440,2204,2236
47001,10,4993,2399,2594
47001,11,5175,2438,2737
47001,12,5632,2740,2892
47001,13,5475,2638,2837
47001,14,4869,2290,2579
47001,15,3914,1827,2087
47001,16,2613,1208,1405
47001,17,1805,705,1100
47001,18,2155,729,1426
47003,0,49038,24090,24948
47003,1,3284,1612,1672
47003,2,3417,1712,1705
47003,3,3628,1847,1781
47003,4,3235,1722,1513
47003,5,2929,1502,1427
47003,6,3509,1778,1731
47003,7,3025,1489,1536
47003,8,3072,1563,1509
47003,9,3037,1514,1523
47003,10,3303,1638,1665
47003,11,3174,1534,1640
47003,12,3227,1552,1675
47003,13,2801,1368,1433
47003,14,2439,1125,1314
47003,15,2059,918,1141
47003,16,1382,633,749
47003,17,844,364,480
47003,18,673,219,454
47005,0,16184,7926,8258
47005,1,815,419,396
47005,2,948,504,444
47005,3,913,453,460
47005,4,879,449,430
47005,5,776,398,378
47005,6,832,413,419
47005,7,780,392,388
47005,8,866,429,437
47005,9,879,443,436
47005,10,1065,527,538
47005,11,1168,582,586
47005,12,1187,547,640
47005,13,1251,585,666
47005,14,1152,580,572
47005,15,1098,524,574
47005,16,718,353,365
47005,17,457,197,260
47005,18,400,131,269
47007,0,14755,8697,6058
47007,1,600,326,274
47007,2,560,323,237
47007,3,628,332,296
47007,4,732,430,302
47007,5,783,474,309
47007,6,1050,689,361
47007,7,984,715,269
47007,8,1053,701,352
47007,9,1124,738,386
47007,10,1103,683,420
47007,11,1137,689,448
47007,12,1237,681,556
47007,13,1041,567,474
47007,14,884,456,428
47007,15,755,387,368
47007,16,539,268,271
47007,17,287,125,162
47007,18,258,113,145
47009,0,131349,63707,67642
47009,1,6588,3341,3247
47009,2,7100,3596,3504
47009,3,7840,4019,3821
47009,4,7938,4031,3907
47009,5,7369,3723,3646
47009,6,8260,4221,4039
47009,7,7227,3579,3648
47009,8,7561,3681,3880
47009,9,7534,3658,3876
47009,10,9032,4407,4625
47009,11,9370,4494,4876
47009,12,9757,4739,5018
47009,13,9198,4305,4893
47009,14,8470,3972,4498
47009,15,7118,3305,3813
47009,16,5049,2318,2731
47009,17,3060,1308,1752
47009,18,2878,1010,1868
47011,0,106727,51892,54835
47011,1,6134,3108,3026
47011,2,6221,3172,3049
47011,3,6683,3451,3232
47011,4,7305,3651,3654
47011,5,7162,3563,3599
47011,6,7317,3642,3675
47011,7,6336,3194,3142
47011,8,6411,3149,3262
47011,9,6704,3362,3342
47011,10,7224,3581,3643
47011,11,7169,3524,3645
47011,12,7247,3471,3776
47011,13,6539,3084,3455
47011,14,5648,2605,3043
47011,15,4936,2199,2737
47011,16,3518,1550,1968
47011,17,2219,941,1278
47011,18,1954,645,1309
47013,0,39583,19454,20129
47013,1,2185,1163,1022
47013,2,2081,1077,1004
47013,3,2416,1265,1151
47013,4,2232,1140,1092
47013,5,2140,1102,1038
47013,6,2560,1276,1284
47013,7,2026,977,1049
47013,8,2195,1077,1118
47013,9,2385,1201,1184
47013,10,2775,1378,1397
47013,11,2857,1448,1409
47013,12,2729,1313,1416
47013,13,2790,1334,1456
47013,14,2551,1212,1339
47013,15,2178,990,1188
47013,16,1647,755,892
47013,17,1031,457,574
47013,18,805,289,516
47015,0,14462,7186,7276
47015,1,869,432,437
47015,2,828,447,381
47015,3,870,439,431
47015,4,809,404,405
47015,5,792,417,375
47015,6,983,519,464
47015,7,866,447,419
47015,8,839,438,401
47015,9,801,405,396
47015,10,1012,508,504
47015,11,1087,557,530
47015,12,1096,559,537
47015,13,959,442,517
47015,14,842,384,458
47015,15,700,322,378
47015,16,510,231,279
47015,17,318,139,179
47015,18,281,96,185
47017,0,28020,13713,14307
47017,1,1572,794,778
47017,2,1725,904,821
47017,3,1681,879,802
47017,4,1946,1063,883
47017,5,1860,964,896
47017,6,1699,876,823
47017,7,1431,693,738
47017,8,1427,689,738
47017,9,1485,733,752
47017,10,1769,863,906
47017,11,1889,925,964
47017,12,1966,971,995
47017,13,1871,889,982
47017,14,1720,773,947
47017,15,1565,734,831
47017,16,1052,458,594
47017,17,696,273,423
47017,18,666,232,434
47019,0,56351,27579,28772
47019,1,2534,1275,1259
47019,2,2708,1361,1347
47019,3,3174,1595,1579
47019,4,2995,1531,1464
47019,5,2867,1449,1418
47019,6,3670,1854,1816
47019,7,3301,1701,1600
47019,8,3149,1608,1541
47019,9,3200,1563,1637
47019,10,4031,1936,2095
47019,11,4032,2003,2029
47019,12,4172,2050,2122
47019,13,4154,1981,2173
47019,14,3811,1803,2008
47019,15,3220,1563,1657
47019,16,2413,1125,1288
47019,17,1508,645,863
47019,18,1412,536,876
47021,0,40439,20093,20346
47021,1,2335,1211,1124
47021,2,2260,1166,1094
47021,3,2725,1378,1347
47021,4,2517,1273,1244
47021,5,2122,1116,1006
47021,6,2624,1368,1256
47021,7,2536,1268,1268
47021,8,2600,1269,1331
47021,9,2513,1215,1298
47021,10,2951,1499,1452
47021,11,3160,1566,1594
47021,12,3292,1621,1671
47021,13,2751,1340,1411
47021,14,2300,1121,1179
47021,15,1626,798,828
47021,16,1044,452,592
47021,17,598,264,334
47021,18,485,168,317
47023,0,17276,8309,8967
47023,1,944,467,477
47023,2,1005,511,494
47023,3,1139,600,539
47023,4,1493,736,757
47023,5,1509,760,749
47023,6,1068,522,546
47023,7,895,427,468
47023,8,1005,480,525
47023,9,1020,464,556
47023,10,1039,522,517
47023,11,1047,485,562
47023,12,1134,557,577
47023,13,1012,493,519
47023,14,913,416,497
47023,15,782,378,404
47023,16,534,231,303
47023,17,369,141,228
47023,18,368,119,249
47025,0,31756,15530,16226
47025,1,1585,813,772
47025,2,1582,785,797
47025,3,1773,900,873
47025,4,1922,977,945
47025,5,2050,1064,986
47025,6,2226,1115,1111
47025,7,1772,916,856
47025,8,1749,874,875
47025,9,1894,943,951
47025,10,2116,1012,1104
47025,11,2208,1084,1124
47025,12,2213,1061,1152
47025,13,2332,1137,1195
47025,14,2071,978,1093
47025,15,1777,819,958
47025,16,1162,548,614
47025,17,769,330,439
47025,18,555,174,381
47027,0,7717,3800,3917
47027,1,370,175,195
47027,2,452,234,218
47027,3,479,243,236
47027,4,386,191,195
47027,5,349,166,183
47027,6,418,201,217
47027,7,357,171,186
47027,8,384,211,173
47027,9,399,205,194
47027,10,513,277,236
47027,11,588,290,298
47027,12,546,277,269
47027,13,599,284,315
47027,14,555,272,283
47027,15,480,240,240
47027,16,418,191,227
47027,17,234,102,132
47027,18,190,70,120
47029,0,35774,17289,18485
47029,1,1889,938,951
47029,2,1969,1007,962
47029,3,2130,1119,1011
47029,4,1930,972,958
47029,5,1854,926,928
47029,6,2088,1005,1083
47029,7,1857,861,996
47029,8,1893,903,990
47029,9,2025,957,1068
47029,10,2457,1193,1264
47029,11,2583,1264,1319
47029,12,2783,1329,1454
47029,13,2780,1286,1494
47029,14,2479,1191,1288
47029,15,2132,1033,1099
47029,16,1418,695,723
47029,17,874,362,512
47029,18,633,248,385
47031,0,55700,27208,28492
47031,1,3519,1818,1701
47031,2,3656,1878,1778
47031,3,3942,2022,1920
47031,4,3469,1783,1686
47031,5,3143,1627,1516
47031,6,3691,1853,1838
47031,7,3186,1506,1680
47031,8,3414,1671,1743
47031,9,3310,1623,1687
47031,10,3556,1752,1804
47031,11,3706,1815,1891
47031,12,3914,1895,2019
47031,13,3574,1762,1812
47031,14,2916,1362,1554
47031,15,2559,1142,1417
47031,16,1851,812,1039
47031,17,1217,503,714
47031,18,1077,384,693
47033,0,14328,6853,7475
47033,1,833,451,382
47033,2,925,433,492
47033,3,1019,493,526
47033,4,908,454,454
47033,5,768,361,407
47033,6,902,468,434
47033,7,811,394,417
47033,8,853,397,456
47033,9,822,417,405
47033,10,879,418,461
47033,11,945,474,471
47033,12,1072,503,569
47033,13,899,438,461
47033,14,805,400,405
47033,15,694,311,383
47033,16,509,216,293
47033,17,341,132,209
47033,18,343,93,250
47035,0,59673,29067,30606
47035,1,2703,1362,1341
47035,2,3024,1507,1517
47035,3,2954,1544,1410
47035,4,2746,1420,1326
47035,5,2580,1374,1206
47035,6,3148,1589,1559
47035,7,2753,1317,1436
47035,8,2667,1287,1380
47035,9,2687,1295,1392
47035,10,3325,1693,1632
47035,11,3603,1759,1844
47035,12,4318,1996,2322
47035,13,4858,2198,2660
47035,14,5312,2490,2822
47035,15,5117,2469,2648
47035,16,3901,1924,1977
47035,17,2265,1110,1155
47035,18,1712,733,979
47037,0,692587,334279,358308
47037,1,45764,23302,22462
47037,2,39954,20149,19805
47037,3,37521,18993,18528
47037,4,38792,19628,19164
47037,5,49657,23557,26100
47037,6,74523,35374,39149
47037,7,66108,32769,33339
47037,8,52816,26428,26388
47037,9,42545,21328,21217
47037,10,41292,20438,20854
47037,11,39395,19571,19824
47037,12,41449,19451,21998
47037,13,37976,17547,20429
47037,14,30137,13691,16446
47037,15,21454,9560,11894
47037,16,13826,5811,8015
47037,17,9326,3509,5817
47037,18,10052,3173,6879
47039,0,11706,5748,5958
47039,1,637,337,300
47039,2,614,335,279
47039,3,730,366,364
47039,4,709,379,330
47039,5,549,266,283
47039,6,594,316,278
47039,7,549,256,293
47039,8,644,314,330
47039,9,676,348,328
47039,10,698,353,345
47039,11,772,382,390
47039,12,889,472,417
47039,13,903,426,477
47039,14,810,380,430
47039,15,702,330,372
47039,16,536,233,303
47039,17,349,144,205
47039,18,345,111,234
47041,0,20138,10061,10077
47041,1,1137,614,523
47041,2,1166,610,556
47041,3,1288,671,617
47041,4,1150,613,537
47041,5,1090,561,529
47041,6,1240,651,589
47041,7,1195,613,582
47041,8,1204,635,569
47041,9,1223,559,664
47041,10,1384,724,660
47041,11,1438,716,722
47041,12,1522,733,789
47041,13,1402,699,703
47041,14,1224,590,634
47041,15,1047,498,549
47041,16,660,283,377
47041,17,423,175,248
47041,18,345,116,229
47043,0,53446,26248,27198
47043,1,3210,1632,1578
47043,2,3391,1729,1662
47043,3,3542,1822,1720
47043,4,3321,1794,1527
47043,5,2953,1554,1399
47043,6,3543,1767,1776
47043,7,3361,1659,1702
47043,8,3365,1622,1743
47043,9,3322,1631,1691
47043,10,3654,1794,1860
47043,11,3754,1876,1878
47043,12,3809,1823,1986
47043,13,3566,1681,1885
47043,14,2901,1354,1547
47043,15,2310,1087,1223
47043,16,1563,711,852
47043,17,1018,421,597
47043,18,863,291,572
47045,0,37320,17994,19326
47045,1,2328,1215,1113
47045,2,2403,1204,1199
47045,3,2607,1367,1240
47045,4,2436,1231,1205
47045,5,2209,1097,1112
47045,6,2398,1178,1220
47045,7,2188,1016,1172
47045,8,2132,960,1172
47045,9,2241,1065,1176
47045,10,2433,1169,1264
47045,11,2534,1255,1279
47045,12,2514,1251,1263
47045,13,2331,1143,1188
47045,14,2054,939,1115
47045,15,1850,844,1006
47045,16,1175,513,662
47045,17,793,327,466
47045,18,694,220,474
47047,0,40507,19937,20570
47047,1,2027,1049,978
47047,2,2055,1012,1043
47047,3,2155,1124,1031
47047,4,2224,1202,1022
47047,5,2000,1007,993
47047,6,2307,1157,1150
47047,7,2209,1097,1112
47047,8,2193,1057,1136
47047,9,2248,1121,1127
47047,10,2675,1297,1378
47047,11,2940,1415,1525
47047,12,3481,1704,1777
47047,13,3338,1619,1719
47047,14,2901,1389,1512
47047,15,2348,1175,1173
47047,16,1627,774,853
47047,17,1006,438,568
47047,18,773,300,473
47049,0,18217,8890,9327
47049,1,965,482,483
47049,2,1040,533,507
47049,3,1088,543,545
47049,4,1121,588,533
47049,5,929,484,445
47049,6,969,501,468
47049,7,872,428,444
47049,8,967,480,487
47049,9,989,485,504
47049,10,1220,589,631
47049,11,1314,630,684
47049,12,1345,631,714
47049,13,1398,686,712
47049,14,1310,629,681
47049,15,1197,550,647
47049,16,773,375,398
47049,17,414,175,239
47049,18,306,101,205
47051,0,41890,20459,21431
47051,1,2105,1091,1014
47051,2,2213,1082,1131
47051,3,2430,1225,1205
47051,4,3129,1590,1539
47051,5,3344,1658,1686
47051,6,2394,1205,1189
47051,7,2039,1028,1011
47051,8,2324,1166,1158
47051,9,2304,1152,1152
47051,10,2576,1270,1306
47051,11,2577,1255,1322
47051,12,3034,1473,1561
47051,13,3033,1437,1596
47051,14,2653,1249,1404
47051,15,2248,1093,1155
47051,16,1596,733,863
47051,17,996,429,567
47051,18,895,323,572
47053,0,49045,23517,25528
47053,1,3116,1636,1480
47053,2,3267,1657,1610
47053,3,3457,1787,1670
47053,4,3130,1574,1556
47053,5,2670,1331,1339
47053,6,2909,1392,1517
47053,7,2881,1329,1552
47053,8,3148,1541,1607
47053,9,2929,1410,1519
47053,10,3105,1510,1595
47053,11,3055,1463,1592
47053,12,3400,1625,1775
47053,13,3115,1491,1624
47053,14,2615,1205,1410
47053,15,2307,1040,1267
47053,16,1626,700,926
47053,17,1107,433,674
47053,18,1208,393,815
47055,0,29503,14321,15182
47055,1,1664,842,822
47055,2,1669,833,836
47055,3,1814,886,928
47055,4,1824,920,904
47055,5,1689,837,852
47055,6,1870,929,941
47055,7,1567,752,815
47055,8,1600,792,808
47055,9,1557,787,770
47055,10,1867,899,968
47055,11,2043,1010,1033
47055,12,2361,1176,1185
47055,13,2075,1027,1048
47055,14,1833,849,984
47055,15,1616,786,830
47055,16,1103,479,624
47055,17,713,317,396
47055,18,638,200,438
47057,0,23145,11660,11485
47057,1,1153,580,573
47057,2,1222,647,575
47057,3,1418,762,656
47057,4,1359,732,627
47057,5,1194,624,570
47057,6,1316,718,598
47057,7,1180,595,585
47057,8,1259,624,635
47057,9,1377,706,671
47057,10,1647,845,802
47057,11,1813,871,942
47057,12,1729,854,875
47057,13,1737,846,891
47057,14,1576,778,798
47057,15,1371,671,700
47057,16,929,454,475
47057,17,524,233,291
47057,18,341,120,221
47059,0,69087,33987,35100
47059,1,3353,1774,1579
47059,2,3410,1793,1617
47059,3,4080,2136,1944
47059,4,4140,2150,1990
47059,5,3924,2059,1865
47059,6,4089,2104,1985
47059,7,3482,1693,1789
47059,8,3810,1925,1885
47059,9,4096,1985,2111
47059,10,4690,2366,2324
47059,11,4903,2354,2549
47059,12,5171,2497,2674
47059,13,5021,2429,2592
47059,14,4622,2121,2501
47059,15,4086,1952,2134
47059,16,2945,1352,1593
47059,17,1842,816,1026
47059,18,1423,481,942
47061,0,13346,6602,6744
47061,1,753,404,349
47061,2,741,396,345
47061,3,845,451,394
47061,4,804,424,380
47061,5,731,381,350
47061,6,807,401,406
47061,7,671,315,356
47061,8,799,401,398
47061,9,785,388,397
47061,10,879,467,412
47061,11,886,431,455
47061,12,932,484,448
47061,13,917,437,480
47061,14,817,362,455
47061,15,837,390,447
47061,16,537,255,282
47061,17,355,137,218
47061,18,250,78,172
47063,0,64569,31520,33049
47063,1,3798,1991,1807
47063,2,4137,2104,2033
47063,3,4308,2153,2155
47063,4,4046,2017,2029
47063,5,3642,1926,1716
47063,6,4178,2127,2051
47063,7,3659,1814,1845
47063,8,3806,1906,1900
47063,9,3878,1934,1944
47063,10,4495,2214,2281
47063,11,4317,2184,2133
47063,12,4501,2137,2364
47063,13,3881,1875,2006
47063,14,3552,1623,1929
47063,15,3250,1453,1797
47063,16,2324,1039,1285
47063,17,1478,614,864
47063,18,1319,409,910
47065,0,364286,175888,188398
47065,1,21007,10720,10287
47065,2,20983,10806,10177
47065,3,21336,10874,10462
47065,4,21310,10476,10834
47065,5,22598,11229,11369
47065,6,27937,13698,14239
47065,7,25135,12595,12540
47065,8,23541,11681,11860
47065,9,21305,10451,10854
47065,10,23266,11386,11880
47065,11,23093,11192,11901
47065,12,24654,11713,12941
47065,13,24091,11290,12801
47065,14,20799,9644,11155
47065,15,16350,7603,8747
47065,16,11108,4852,6256
47065,17,7383,2962,4421
47065,18,8390,2716,5674
47067,0,6549,3231,3318
47067,1,352,154,198
47067,2,363,190,173
47067,3,401,219,182
47067,4,360,201,159
47067,5,326,163,163
47067,6,395,201,194
47067,7,338,156,182
47067,8,370,198,172
47067,9,383,183,200
47067,10,392,210,182
47067,11,444,211,233
47067,12,505,234,271
47067,13,524,266,258
47067,14,516,254,262
47067,15,361,190,171
47067,16,223,100,123
47067,17,170,62,108
47067,18,126,39,87
47069,0,25220,13778,11442
47069,1,1317,653,664
47069,2,1321,645,676
47069,3,1418,693,725
47069,4,1407,732,675
47069,5,1671,1040,631
47069,6,1899,1272,627
47069,7,1820,1192,628
47069,8,1637,1009,628
47069,9,1576,927,649
47069,10,1558,956,602
47069,11,1693,908,785
47069,12,1720,880,840
47069,13,1621,779,842
47069,14,1465,738,727
47069,15,1278,591,687
47069,16,789,361,428
47069,17,561,241,320
47069,18,469,161,308
47071,0,25776,12572,13204
47071,1,1371,725,646
47071,2,1437,699,738
47071,3,1537,777,760
47071,4,1459,760,699
47071,5,1299,684,615
47071,6,1511,747,764
47071,7,1239,610,629
47071,8,1362,656,706
47071,9,1434,691,743
47071,10,1631,801,830
47071,11,1754,881,873
47071,12,1889,902,987
47071,13,1898,903,995
47071,14,1816,882,934
47071,15,1598,804,794
47071,16,1158,556,602
47071,17,728,326,402
47071,18,655,168,487
47073,0,56530,27743,28787
47073,1,2709,1386,1323
47073,2,2915,1474,1441
47073,3,3477,1805,1672
47073,4,3302,1658,1644
47073,5,2905,1470,1435
47073,6,3414,1771,1643
47073,7,2948,1458,1490
47073,8,3013,1504,1509
47073,9,3210,1561,1649
47073,10,4088,1997,2091
47073,11,4242,2101,2141
47073,12,4273,2100,2173
47073,13,4090,1988,2102
47073,14,3847,1804,2043
47073,15,3265,1548,1717
47073,16,2296,1109,1187
47073,17,1350,569,781
47073,18,1186,440,746
47075,0,17335,8085,9250
47075,1,961,478,483
47075,2,1035,526,509
47075,3,1153,573,580
47075,4,1090,545,545
47075,5,980,496,484
47075,6,1029,494,535
47075,7,957,444,513
47075,8,1031,483,548
47075,9,1003,427,576
47075,10,987,443,544
47075,11,1201,556,645
47075,12,1281,611,670
47075,13,1328,614,714
47075,14,1178,530,648
47075,15,791,347,444
47075,16,549,233,316
47075,17,368,138,230
47075,18,413,147,266
47077,0,27847,13519,14328
47077,1,1609,857,752
47077,2,1693,876,817
47077,3,1934,966,968
47077,4,1703,876,827
47077,5,1488,767,721
47077,6,1705,850,855
47077,7,1571,738,833
47077,8,1785,885,900
47077,9,1672,803,869
47077,10,1795,863,932
47077,11,1914,925,989
47077,12,2018,987,1031
47077,13,1830,868,962
47077,14,1649,791,858
47077,15,1354,608,746
47077,16,968,417,551
47077,17,592,239,353
47077,18,567,203,364
47079,0,32358,15686,16672
47079,1,1683,841,842
47079,2,1744,889,855
47079,3,2030,1000,1030
47079,4,1822,959,863
47079,5,1600,870,730
47079,6,1785,888,897
47079,7,1619,788,831
47079,8,1759,860,899
47079,9,1737,886,851
47079,10,1975,956,1019
47079,11,2203,1041,1162
47079,12,2483,1197,1286
47079,13,2392,1144,1248
47079,14,2319,1045,1274
47079,15,2070,989,1081
47079,16,1449,668,781
47079,17,925,398,527
47079,18,763,267,496
47081,0,25063,13172,11891
47081,1,1389,725,664
47081,2,1375,739,636
47081,3,1509,772,737
47081,4,1481,788,693
47081,5,1456,862,594
47081,6,1699,947,752
47081,7,1589,922,667
47081,8,1593,893,700
47081,9,1541,839,702
47081,10,1712,899,813
47081,11,1825,973,852
47081,12,1880,1002,878
47081,13,1613,814,799
47081,14,1473,676,797
47081,15,1170,566,604
47081,16,831,384,447
47081,17,517,239,278
47081,18,410,132,278
47083,0,8263,4058,4205
47083,1,430,219,211
47083,2,492,249,243
47083,3,533,263,270
47083,4,516,271,245
47083,5,437,221,216
47083,6,501,265,236
47083,7,446,202,244
47083,8,466,227,239
47083,9,491,258,233
47083,10,540,268,272
47083,11,544,264,280
47083,12,598,312,286
47083,13,573,266,307
47083,14,535,244,291
47083,15,450,230,220
47083,16,338,157,181
47083,17,189,67,122
47083,18,184,75,109
47085,0,18486,9196,9290
47085,1,1011,528,483
47085,2,1079,588,491
47085,3,1146,572,574
47085,4,1119,612,507
47085,5,954,478,476
47085,6,1157,592,565
47085,7,985,501,484
47085,8,1060,508,552
47085,9,1032,514,518
47085,10,1228,617,611
47085,11,1295,642,653
47085,12,1359,666,693
47085,13,1361,663,698
47085,14,1154,570,584
47085,15,990,454,536
47085,16,747,359,388
47085,17,445,187,258
47085,18,364,145,219
47087,0,11758,5848,5910
47087,1,558,287,271
47087,2,578,267,311
47087,3,626,345,281
47087,4,554,288,266
47087,5,606,305,301
47087,6,709,382,327
47087,7,569,286,283
47087,8,589,299,290
47087,9,687,329,358
47087,10,777,376,401
47087,11,863,433,430
47087,12,952,474,478
47087,13,1049,513,536
47087,14,857,426,431
47087,15,743,377,366
47087,16,475,232,243
47087,17,327,141,186
47087,18,239,88,151
47089,0,54012,26586,27426
47089,1,2598,1342,1256
47089,2,2831,1388,1443
47089,3,3175,1644,1531
47089,4,3447,1791,1656
47089,5,3284,1656,1628
47089,6,3269,1672,1597
47089,7,2703,1377,1326
47089,8,2985,1451,1534
47089,9,3100,1550,1550
47089,10,3759,1847,1912
47089,11,4016,2002,2014
47089,12,4113,2007,2106
47089,13,3914,1921,1993
47089,14,3395,1557,1838
47089,15,2997,1420,1577
47089,16,2145,1018,1127
47089,17,1296,602,694
47089,18,985,341,644
47091,0,17778,9573,8205
47091,1,747,422,325
47091,2,789,383,406
47091,3,914,477,437
47091,4,853,457,396
47091,5,931,582,349
47091,6,1015,607,408
47091,7,1135,732,403
47091,8,944,516,428
47091,9,1217,748,469
47091,10,1352,827,525
47091,11,1262,697,565
47091,12,1209,588,621
47091,13,1354,653,701
47091,14,1249,574,675
47091,15,1141,569,572
47091,16,789,370,419
47091,17,467,224,243
47091,18,410,147,263
47093,0,465289,226006,239283
47093,1,26506,13527,12979
47093,2,26776,13673,13103
47093,3,27631,14116,13515
47093,4,30841,15779,15062
47093,5,41280,20807,20473
47093,6,33348,16495,16853
47093,7,30278,14722,15556
47093,8,30459,14992,15467
47093,9,27530,13586,13944
47093,10,29588,14505,15083
47093,11,29128,14058,15070
47093,12,30187,14578,15609
47093,13,28076,13271,14805
47093,14,24280,11085,13195
47093,15,19200,8750,10450
47093,16,13195,5778,7417
47093,17,8451,3474,4977
47093,18,8535,2810,5725
47095,0,7411,4764,2647
47095,1,289,143,146
47095,2,291,150,141
47095,3,261,132,129
47095,4,353,243,110
47095,5,628,521,107
47095,6,763,589,174
47095,7,617,472,145
47095,8,532,388,144
47095,9,547,409,138
47095,10,522,336,186
47095,11,516,322,194
47095,12,466,277,189
47095,13,460,253,207
47095,14,374,202,172
47095,15,286,129,157
47095,16,208,100,108
47095,17,159,61,98
47095,18,139,37,102
47097,0,25825,13304,12521
47097,1,1494,751,743
47097,2,1531,800,731
47097,3,1724,859,865
47097,4,1679,904,775
47097,5,1713,1006,707
47097,6,1859,1091,768
47097,7,1614,948,666
47097,8,1781,972,809
47097,9,1562,816,746
47097,10,1646,845,801
47097,11,1772,929,843
47097,12,1761,837,924
47097,13,1612,765,847
47097,14,1348,594,754
47097,15,1119,529,590
47097,16,774,362,412
47097,17,463,176,287
47097,18,373,120,253
47099,0,43734,21488,22246
47099,1,2889,1460,1429
47099,2,2992,1559,1433
47099,3,3084,1605,1479
47099,4,2883,1490,1393
47099,5,2324,1202,1122
47099,6,2928,1428,1500
47099,7,2467,1248,1219
47099,8,2480,1224,1256
47099,9,2442,1168,1274
47099,10,2844,1402,1442
47099,11,2929,1479,1450
47099,12,2971,1466,1505
47099,13,2707,1266,1441
47099,14,2386,1172,1214
47099,15,2072,986,1086
47099,16,1538,689,849
47099,17,932,380,552
47099,18,866,264,602
47101,0,12086,5893,6193
47101,1,676,341,335
47101,2,670,327,343
47101,3,786,409,377
47101,4,722,385,337
47101,5,649,352,297
47101,6,702,356,346
47101,7,648,304,344
47101,8,667,312,355
47101,9,716,375,341
47101,10,791,376,415
47101,11,725,358,367
47101,12,869,424,445
47101,13,936,444,492
47101,14,830,398,432
47101,15,653,319,334
47101,16,458,205,253
47101,17,280,105,175
47101,18,308,103,205
47103,0,34117,16753,17364
47103,1,1875,925,950
47103,2,1989,1004,985
47103,3,2350,1181,1169
47103,4,2058,1113,945
47103,5,1730,917,813
47103,6,2033,1050,983
47103,7,1871,922,949
47103,8,2020,1031,989
47103,9,1855,940,915
47103,10,2216,1077,1139
47103,11,2383,1184,1199
47103,12,2595,1295,1300
47103,13,2512,1213,1299
47103,14,2087,990,1097
47103,15,1663,725,938
47103,16,1299,568,731
47103,17,902,385,517
47103,18,679,233,446
47105,0,53054,26085,26969
47105,1,2771,1461,1310
47105,2,2805,1456,1349
47105,3,2963,1519,1444
47105,4,2728,1436,1292
47105,5,2568,1331,1237
47105,6,2752,1408,1344
47105,7,2573,1294,1279
47105,8,2535,1242,1293
47105,9,2681,1306,1375
47105,10,3225,1560,1665
47105,11,3373,1640,1733
47105,12,3800,1864,1936
47105,13,4254,1980,2274
47105,14,4249,2026,2223
47105,15,3978,1910,2068
47105,16,2847,1375,1472
47105,17,1577,762,815
47105,18,1375,515,860
47107,0,53285,25975,27310
47107,1,2937,1493,1444
47107,2,2970,1540,1430
47107,3,3320,1690,1630
47107,4,3363,1750,1613
47107,5,3111,1557,1554
47107,6,3320,1665,1655
47107,7,2730,1344,1386
47107,8,3033,1439,1594
47107,9,3028,1443,1585
47107,10,3635,1801,1834
47107,11,3668,1776,1892
47107,12,3827,1854,1973
47107,13,3885,1904,1981
47107,14,3200,1521,1679
47107,15,2787,1342,1445
47107,16,2038,881,1157
47107,17,1269,541,728
47107,18,1164,434,730
47109,0,25832,12692,13140
47109,1,1347,672,675
47109,2,1518,812,706
47109,3,1685,856,829
47109,4,1614,877,737
47109,5,1371,708,663
47109,6,1578,786,792
47109,7,1263,648,615
47109,8,1479,727,752
47109,9,1539,775,764
47109,10,1733,851,882
47109,11,1753,852,901
47109,12,1816,896,920
47109,13,1766,812,954
47109,14,1624,768,856
47109,15,1517,718,799
47109,16,1080,483,597
47109,17,645,276,369
47109,18,504,175,329
47111,0,24265,11862,12403
47111,1,1719,888,831
47111,2,1688,857,831
47111,3,1627,849,778
47111,4,1491,759,732
47111,5,1466,727,739
47111,6,1663,806,857
47111,7,1494,695,799
47111,8,1394,692,702
47111,9,1436,704,732
47111,10,1651,814,837
47111,11,1667,835,832
47111,12,1641,828,813
47111,13,1514,714,800
47111,14,1285,634,651
47111,15,1024,466,558
47111,16,700,297,403
47111,17,446,169,277
47111,18,359,128,231
47113,0,97605,46226,51379
47113,1,6040,3142,2898
47113,2,6043,3117,2926
47113,3,6069,3033,3036
47113,4,7203,3539,3664
47113,5,6729,3181,3548
47113,6,6764,3210,3554
47113,7,5613,2683,2930
47113,8,5703,2702,3001
47113,9,5382,2547,2835
47113,10,5915,2804,3111
47113,11,6276,2984,3292
47113,12,6802,3116,3686
47113,13,6451,2936,3515
47113,14,5610,2625,2985
47113,15,4216,1937,2279
47113,16,2934,1282,1652
47113,17,1889,727,1162
47113,18,1966,661,1305
47115,0,28575,13960,14615
47115,1,1618,811,807
47115,2,1571,810,761
47115,3,1745,897,848
47115,4,1679,860,819
47115,5,1522,790,732
47115,6,1761,882,879
47115,7,1545,759,786
47115,8,1592,803,789
47115,9,1682,823,859
47115,10,1915,944,971
47115,11,1964,972,992
47115,12,2123,989,1134
47115,13,2121,1030,1091
47115,14,1899,920,979
47115,15,1574,727,847
47115,16,1080,495,585
47115,17,633,250,383
47115,18,551,198,353
47117,0,33683,16495,17188
47117,1,2078,1060,1018
47117,2,2117,1076,1041
47117,3,2261,1166,1095
47117,4,2203,1108,1095
47117,5,1768,912,856
47117,6,2282,1111,1171
47117,7,2070,1033,1037
47117,8,2139,1054,1085
47117,9,2111,1034,1077
47117,10,2337,1159,1178
47117,11,2344,1169,1175
47117,12,2357,1125,1232
47117,13,2186,1040,1146
47117,14,1873,896,977
47117,15,1488,671,817
47117,16,959,477,482
47117,17,555,226,329
47117,18,555,178,377
47119,0,94340,45506,48834
47119,1,6216,3103,3113
47119,2,6170,3039,3131
47119,3,6185,3162,3023
47119,4,5358,2750,2608
47119,5,5137,2568,2569
47119,6,6667,3241,3426
47119,7,6370,3117,3253
47119,8,6411,3141,3270
47119,9,5866,2758,3108
47119,10,5956,2987,2969
47119,11,5945,2860,3085
47119,12,6551,3020,3531
47119,13,6494,3063,3431
47119,14,5269,2520,2749
47119,15,3996,1842,2154
47119,16,2673,1201,1472
47119,17,1575,660,915
47119,18,1501,474,1027
47121,0,12306,6109,6197
47121,1,650,323,327
47121,2,681,322,359
47121,3,724,364,360
47121,4,743,363,380
47121,5,604,302,302
47121,6,676,345,331
47121,7,619,323,296
47121,8,713,342,371
47121,9,745,392,353
47121,10,856,420,436
47121,11,927,461,466
47121,12,910,454,456
47121,13,846,378,468
47121,14,876,462,414
47121,15,798,400,398
47121,16,490,258,232
47121,17,244,110,134
47121,18,204,90,114
47123,0,46357,23088,23269
47123,1,2525,1339,1186
47123,2,2537,1360,1177
47123,3,2934,1485,1449
47123,4,2764,1477,1287
47123,5,2499,1294,1205
47123,6,2827,1493,1334
47123,7,2476,1247,1229
47123,8,2490,1248,1242
47123,9,2546,1265,1281
47123,10,3028,1500,1528
47123,11,3209,1578,1631
47123,12,3353,1684,1669
47123,13,3351,1618,1733
47123,14,3248,1506,1742
47123,15,2762,1338,1424
47123,16,1915,922,993
47123,17,1025,428,597
47123,18,868,306,562
47125,0,205950,102544,103406
47125,1,16962,8710,8252
47125,2,15707,7984,7723
47125,3,14441,7331,7110
47125,4,13117,6552,6565
47125,5,17790,9340,8450
47125,6,21424,11215,10209
47125,7,17947,9162,8785
47125,8,15146,7699,7447
47125,9,12333,6059,6274
47125,10,11687,5641,6046
47125,11,10738,5198,5540
47125,12,10587,5000,5587
47125,13,9066,4248,4818
47125,14,6668,3130,3538
47125,15,5134,2342,2792
47125,16,3301,1413,1888
47125,17,2163,868,1295
47125,18,1739,652,1087
47127,0,6411,3203,3208
47127,1,269,156,113
47127,2,315,165,150
47127,3,390,189,201
47127,4,382,191,191
47127,5,342,178,164
47127,6,370,187,183
47127,7,319,169,150
47127,8,344,184,160
47127,9,413,206,207
47127,10,450,221,229
47127,11,426,231,195
47127,12,488,248,240
47127,13,524,228,296
47127,14,394,187,207
47127,15,385,189,196
47127,16,265,132,133
47127,17,170,79,91
47127,18,165,63,102
47129,0,21579,11809,9770
47129,1,1032,539,493
47129,2,1054,548,506
47129,3,1264,654,610
47129,4,1224,642,582
47129,5,1410,878,532
47129,6,1499,946,553
47129,7,1291,828,463
47129,8,1371,822,549
47129,9,1413,842,571
47129,10,1588,887,701
47129,11,1618,886,732
47129,12,1478,799,679
47129,13,1501,735,766
47129,14,1302,641,661
47129,15,1019,487,532
47129,16,711,345,366
47129,17,438,195,243
47129,18,366,135,231
47131,0,30267,14647,15620
47131,1,1712,874,838
47131,2,1821,957,864
47131,3,1834,886,948
47131,4,1857,966,891
47131,5,1661,824,837
47131,6,1865,963,902
47131,7,1596,759,837
47131,8,1766,871,895
47131,9,1767,888,879
47131,10,2006,990,1016
47131,11,1918,919,999
47131,12,2113,1014,1099
47131,13,2172,1026,1146
47131,14,1889,880,1009
47131,15,1650,782,868
47131,16,1184,525,659
47131,17,766,323,443
47131,18,690,200,490
47133,0,22068,10939,11129
47133,1,1139,610,529
47133,2,1218,635,583
47133,3,1441,753,688
47133,4,1303,679,624
47133,5,1254,641,613
47133,6,1432,764,668
47133,7,1058,503,555
47133,8,1241,609,632
47133,9,1323,679,644
47133,10,1473,721,752
47133,11,1570,767,803
47133,12,1499,729,770
47133,13,1576,775,801
47133,14,1448,703,745
47133,15,1246,580,666
47133,16,872,384,488
47133,17,565,260,305
47133,18,410,147,263
47135,0,8064,4069,3995
47135,1,507,264,243
47135,2,497,248,249
47135,3,489,241,248
47135,4,454,254,200
47135,5,458,245,213
47135,6,487,242,245
47135,7,430,230,200
47135,8,428,225,203
47135,9,469,218,251
47135,10,490,257,233
47135,11,520,266,254
47135,12,532,270,262
47135,13,598,304,294
47135,14,516,256,260
47135,15,473,238,235
47135,16,327,151,176
47135,17,183,86,97
47135,18,206,74,132
47137,0,5082,2542,2540
47137,1,234,113,121
47137,2,213,112,101
47137,3,282,143,139
47137,4,282,170,112
47137,5,226,113,113
47137,6,219,103,116
47137,7,196,109,87
47137,8,257,130,127
47137,9,275,128,147
47137,10,281,138,143
47137,11,405,201,204
47137,12,412,210,202
47137,13,398,190,208
47137,14,438,228,210
47137,15,362,178,184
47137,16,272,132,140
47137,17,201,96,105
47137,18,129,48,81
47139,0,16898,8325,8573
47139,1,852,409,443
47139,2,824,397,427
47139,3,988,514,474
47139,4,993,523,470
47139,5,897,466,431
47139,6,940,493,447
47139,7,859,421,438
47139,8,897,446,451
47139,9,1052,495,557
47139,10,1238,629,609
47139,11,1286,626,660
47139,12,1294,654,640
47139,13,1234,579,655
47139,14,1117,567,550
47139,15,944,447,497
47139,16,695,352,343
47139,17,446,195,251
47139,18,342,112,230
47141,0,78843,39227,39616
47141,1,4524,2324,2200
47141,2,4434,2238,2196
47141,3,4668,2379,2289
47141,4,5872,3201,2671
47141,5,8380,4636,3744
47141,6,5701,2939,2762
47141,7,4567,2293,2274
47141,8,4653,2362,2291
47141,9,4183,2055,2128
47141,10,4689,2315,2374
47141,11,4653,2263,2390
47141,12,4820,2258,2562
47141,13,4565,2170,2395
47141,14,4089,1868,2221
47141,15,3519,1623,1896
47141,16,2479,1101,1378
47141,17,1551,662,889
47141,18,1496,540,956
47143,0,33044,16401,16643
47143,1,1954,1019,935
47143,2,1944,983,961
47143,3,2255,1122,1133
47143,4,2219,1144,1075
47143,5,2098,1137,961
47143,6,2030,1056,974
47143,7,1842,897,945
47143,8,1885,981,904
47143,9,1845,889,956
47143,10,2175,1088,1087
47143,11,2237,1097,1140
47143,12,2215,1093,1122
47143,13,2196,1054,1142
47143,14,2003,951,1052
47143,15,1662,826,836
47143,16,1187,535,652
47143,17,684,293,391
47143,18,613,236,377
47145,0,53140,25926,27214
47145,1,2379,1225,1154
47145,2,2629,1305,1324
47145,3,2985,1569,1416
47145,4,3041,1580,1461
47145,5,2718,1410,1308
47145,6,2922,1437,1485
47145,7,2614,1299,1315
47145,8,2735,1294,1441
47145,9,2938,1416,1522
47145,10,3641,1825,1816
47145,11,3804,1853,1951
47145,12,4228,2009,2219
47145,13,4398,2139,2259
47145,14,3741,1815,1926
47145,15,3287,1606,1681
47145,16,2264,1054,1210
47145,17,1376,578,798
47145,18,1440,512,928
47147,0,71012,35082,35930
47147,1,4422,2274,2148
47147,2,4593,2355,2238
47147,3,4955,2511,2444
47147,4,4551,2283,2268
47147,5,3864,1918,1946
47147,6,4613,2347,2266
47147,7,4465,2226,2239
47147,8,4846,2422,2424
47147,9,4382,2184,2198
47147,10,4901,2461,2440
47147,11,4972,2439,2533
47147,12,5363,2646,2717
47147,13,4565,2189,2376
47147,14,3669,1768,1901
47147,15,2784,1298,1486
47147,16,1941,924,1017
47147,17,1185,504,681
47147,18,941,333,608
47149,0,324890,159916,164974
47149,1,21353,10993,10360
47149,2,21775,11039,10736
47149,3,23298,11893,11405
47149,4,23593,12037,11556
47149,5,29763,14799,14964
47149,6,25815,13322,12493
47149,7,22342,10934,11408
47149,8,24007,11734,12273
47149,9,21894,10709,11185
47149,10,22162,10891,11271
47149,11,19994,9733,10261
47149,12,18861,9149,9712
47149,13,16067,7668,8399
47149,14,12393,5811,6582
47149,15,8995,4100,4895
47149,16,5757,2563,3194
47149,17,3620,1439,2181
47149,18,3201,1102,2099
47151,0,22039,10821,11218
47151,1,1395,711,684
47151,2,1393,716,677
47151,3,1566,794,772
47151,4,1482,736,746
47151,5,1213,611,602
47151,6,1462,728,734
47151,7,1209,601,608
47151,8,1359,671,688
47151,9,1470,719,751
47151,10,1412,707,705
47151,11,1514,767,747
47151,12,1468,720,748
47151,13,1392,659,733
47151,14,1215,589,626
47151,15,1008,451,557
47151,16,738,331,407
47151,17,401,172,229
47151,18,342,138,204
47153,0,14876,7363,7513
47153,1,764,396,368
47153,2,789,399,390
47153,3,944,494,450
47153,4,913,470,443
47153,5,766,392,374
47153,6,877,455,422
47153,7,754,373,381
47153,8,855,409,446
47153,9,897,451,446
47153,10,1012,522,490
47153,11,1015,488,527
47153,12,1099,538,561
47153,13,1163,559,604
47153,14,964,445,519
47153,15,873,451,422
47153,16,568,265,303
47153,17,332,155,177
47153,18,291,101,190
47155,0,97892,47915,49977
47155,1,5308,2734,2574
47155,2,5455,2855,2600
47155,3,5772,2996,2776
47155,4,5573,2944,2629
47155,5,5452,2783,2669
47155,6,6360,3187,3173
47155,7,5320,2675,2645
47155,8,5572,2729,2843
47155,9,5682,2758,2924
47155,10,6712,3324,3388
47155,11,6938,3331,3607
47155,12,7263,3442,3821
47155,13,7144,3321,3823
47155,14,6542,3024,3518
47155,15,5402,2589,2813
47155,16,3663,1701,1962
47155,17,2058,900,1158
47155,18,1676,622,1054
47157,0,935764,444522,491242
47157,1,65125,32807,32318
47157,2,65885,33669,32216
47157,3,64077,32411,31666
47157,4,61046,30812,30234
47157,5,63337,31350,31987
47157,6,74331,36125,38206
47157,7,64653,30940,33713
47157,8,61522,29326,32196
47157,9,55504,26168,29336
47157,10,59066,27746,31320
47157,11,57453,26932,30521
47157,12,60115,27710,32405
47157,13,56551,25717,30834
47157,14,45586,20321,25265
47157,15,32499,14400,18099
47157,16,20909,8682,12227
47157,17,13451,4892,8559
47157,18,14654,4514,10140
47159,0,19942,9921,10021
47159,1,1230,608,622
47159,2,1159,612,547
47159,3,1311,679,632
47159,4,1241,654,587
47159,5,1160,574,586
47159,6,1279,675,604
47159,7,1137,579,558
47159,8,1243,615,628
47159,9,1130,529,601
47159,10,1302,643,659
47159,11,1473,735,738
47159,12,1546,808,738
47159,13,1346,673,673
47159,14,1147,553,594
47159,15,959,448,511
47159,16,630,294,336
47159,17,358,157,201
47159,18,291,85,206
47161,0,13561,6773,6788
47161,1,744,373,371
47161,2,714,349,365
47161,3,830,435,395
47161,4,839,451,388
47161,5,700,350,350
47161,6,760,417,343
47161,7,665,325,340
47161,8,780,414,366
47161,9,784,388,396
47161,10,888,449,439
47161,11,1065,521,544
47161,12,1008,544,464
47161,13,1026,464,562
47161,14,895,444,451
47161,15,768,368,400
47161,16,521,241,280
47161,17,305,130,175
47161,18,269,110,159
47163,0,157668,76687,80981
47163,1,7622,3915,3707
47163,2,8212,4228,3984
47163,3,8975,4579,4396
47163,4,8822,4522,4300
47163,5,8462,4351,4111
47163,6,9894,5035,4859
47163,7,8540,4245,4295
47163,8,8592,4188,4404
47163,9,9101,4523,4578
47163,10,10919,5319,5600
47163,11,11173,5495,5678
47163,12,11464,5535,5929
47163,13,11363,5400,5963
47163,14,10234,4805,5429
47163,15,9096,4250,4846
47163,16,6739,3000,3739
47163,17,4441,1897,2544
47163,18,4019,1400,2619
47165,0,187149,91378,95771
47165,1,11333,5773,5560
47165,2,12018,6122,5896
47165,3,12927,6647,6280
47165,4,11734,6056,5678
47165,5,10322,5304,5018
47165,6,11772,5826,5946
47165,7,11525,5530,5995
47165,8,12663,6134,6529
47165,9,12050,5938,6112
47165,10,13358,6526,6832
47165,11,12926,6289,6637
47165,12,12991,6314,6677
47165,13,11866,5727,6139
47165,14,9899,4625,5274
47165,15,8031,3766,4265
47165,16,5449,2395,3054
47165,17,3233,1350,1883
47165,18,3052,1056,1996
47167,0,61581,30396,31185
47167,1,3699,1857,1842
47167,2,4089,2125,1964
47167,3,4527,2323,2204
47167,4,4296,2250,2046
47167,5,3707,1946,1761
47167,6,4022,2065,1957
47167,7,3833,1870,1963
47167,8,3953,1911,2042
47167,9,3790,1879,1911
47167,10,4108,2021,2087
47167,11,4286,2113,2173
47167,12,4449,2130,2319
47167,13,3918,1864,2054
47167,14,3056,1460,1596
47167,15,2412,1139,1273
47167,16,1641,736,905
47167,17,970,396,574
47167,18,825,311,514
47169,0,11012,6521,4491
47169,1,545,277,268
47169,2,530,288,242
47169,3,562,283,279
47169,4,756,534,222
47169,5,765,538,227
47169,6,1154,859,295
47169,7,1207,746,461
47169,8,923,664,259
47169,9,511,253,258
47169,10,770,465,305
47169,11,694,379,315
47169,12,578,293,285
47169,13,591,273,318
47169,14,483,230,253
47169,15,390,198,192
47169,16,275,141,134
47169,17,146,55,91
47169,18,132,45,87
47171,0,17761,8724,9037
47171,1,799,389,410
47171,2,861,431,430
47171,3,1001,549,452
47171,4,1005,510,495
47171,5,915,449,466
47171,6,1010,527,483
47171,7,896,438,458
47171,8,984,503,481
47171,9,1010,499,511
47171,10,1176,593,583
47171,11,1240,614,626
47171,12,1374,660,714
47171,13,1367,684,683
47171,14,1283,623,660
47171,15,1021,474,547
47171,16,799,387,412
47171,17,533,239,294
47171,18,487,155,332
47173,0,19688,9700,9988
47173,1,1052,532,520
47173,2,1188,588,600
47173,3,1288,628,660
47173,4,1134,622,512
47173,5,1033,506,527
47173,6,1224,607,617
47173,7,1123,545,578
47173,8,1110,539,571
47173,9,1160,614,546
47173,10,1274,623,651
47173,11,1449,704,745
47173,12,1630,818,812
47173,13,1420,688,732
47173,14,1253,641,612
47173,15,981,486,495
47173,16,691,327,364
47173,17,349,129,220
47173,18,329,103,226
47175,0,5765,2886,2879
47175,1,325,172,153
47175,2,292,147,145
47175,3,294,148,146
47175,4,297,154,143
47175,5,290,164,126
47175,6,325,172,153
47175,7,256,133,123
47175,8,286,143,143
47175,9,363,182,181
47175,10,377,180,197
47175,11,379,187,192
47175,12,430,223,207
47175,13,486,230,256
47175,14,503,247,256
47175,15,371,182,189
47175,16,230,110,120
47175,17,149,67,82
47175,18,112,45,67
47177,0,40878,20227,20651
47177,1,2443,1211,1232
47177,2,2586,1328,1258
47177,3,2772,1412,1360
47177,4,2704,1424,1280
47177,5,2205,1176,1029
47177,6,2568,1313,1255
47177,7,2316,1133,1183
47177,8,2599,1268,1331
47177,9,2614,1367,1247
47177,10,2674,1369,1305
47177,11,2653,1322,1331
47177,12,2820,1425,1395
47177,13,2694,1294,1400
47177,14,2224,1045,1179
47177,15,1953,880,1073
47177,16,1403,629,774
47177,17,876,368,508
47177,18,774,263,511
47179,0,128607,62829,65778
47179,1,6398,3284,3114
47179,2,6631,3329,3302
47179,3,7187,3700,3487
47179,4,8390,4060,4330
47179,5,11705,5693,6012
47179,6,8886,4445,4441
47179,7,7186,3616,3570
47179,8,7318,3572,3746
47179,9,7416,3716,3700
47179,10,8534,4269,4265
47179,11,8262,4183,4079
47179,12,8721,4194,4527
47179,13,8409,4051,4358
47179,14,7421,3615,3806
47179,15,6291,2904,3387
47179,16,4511,2104,2407
47179,17,2755,1169,1586
47179,18,2586,925,1661
47181,0,16558,9144,7414
47181,1,707,373,334
47181,2,720,357,363
47181,3,863,457,406
47181,4,842,465,377
47181,5,964,627,337
47181,6,1293,845,448
47181,7,1099,742,357
47181,8,1085,675,410
47181,9,1065,645,420
47181,10,1193,698,495
47181,11,1206,641,565
47181,12,1199,610,589
47181,13,1094,551,543
47181,14,1011,491,520
47181,15,843,404,439
47181,16,579,259,320
47181,17,403,177,226
47181,18,392,127,265
47183,0,33415,16382,17033
47183,1,1699,879,820
47183,2,1819,946,873
47183,3,1795,939,856
47183,4,2569,1229,1340
47183,5,3891,1979,1912
47183,6,2119,1108,1011
47183,7,1635,855,780
47183,8,1727,838,889
47183,9,1690,836,854
47183,10,1972,958,1014
47183,11,2046,1007,1039
47183,12,2167,1069,1098
47183,13,2058,997,1061
47183,14,1954,931,1023
47183,15,1573,735,838
47183,16,1114,489,625
47183,17,779,317,462
47183,18,808,270,538
47185,0,27107,13262,13845
47185,1,1605,812,793
47185,2,1584,821,763
47185,3,1721,874,847
47185,4,1574,813,761
47185,5,1378,700,678
47185,6,1722,878,844
47185,7,1546,793,753
47185,8,1526,744,782
47185,9,1578,786,792
47185,10,1726,834,892
47185,11,1909,944,965
47185,12,1826,893,933
47185,13,1918,894,1024
47185,14,1777,841,936
47185,15,1407,673,734
47185,16,1038,476,562
47185,17,616,254,362
47185,18,656,232,424
47187,0,231729,113699,118030
47187,1,13834,7072,6762
47187,2,17088,8837,8251
47187,3,20078,10103,9975
47187,4,17992,9260,8732
47187,5,11941,6027,5914
47187,6,9778,4918,4860
47187,7,11802,5559,6243
47187,8,16177,7747,8430
47187,9,17310,8361,8949
47187,10,18671,9212,9459
47187,11,16892,8252,8640
47187,12,15847,7691,8156
47187,13,13839,6677,7162
47187,14,10740,5184,5556
47187,15,8191,3892,4299
47187,16,5011,2345,2666
47187,17,3197,1311,1886
47187,18,3341,1251,2090
47189,0,140625,69171,71454
47189,1,8454,4283,4171
47189,2,9158,4727,4431
47189,3,9746,5055,4691
47189,4,9115,4796,4319
47189,5,7194,3732,3462
47189,6,8238,4024,4214
47189,7,8635,4080,4555
47189,8,9844,4816,5028
47189,9,9487,4725,4762
47189,10,10209,5029,5180
47189,11,9704,4795,4909
47189,12,10030,4874,5156
47189,13,8746,4212,4534
47189,14,7634,3575,4059
47189,15,6129,2902,3227
47189,16,4020,1841,2179
47189,17,2399,1050,1349
47189,18,1883,655,1228
48001,0,58057,35546,22511
48001,1,3016,1575,1441
48001,2,3009,1554,1455
48001,3,3140,1624,1516
48001,4,3091,1712,1379
48001,5,3410,2192,1218
48001,6,4493,3140,1353
48001,7,4836,3545,1291
48001,8,4679,3379,1300
48001,9,4599,3348,1251
48001,10,4440,3076,1364
48001,11,3896,2546,1350
48001,12,3576,2122,1454
48001,13,3281,1717,1564
48001,14,2776,1412,1364
48001,15,2246,1104,1142
48001,16,1701,783,918
48001,17,982,379,603
48001,18,886,338,548
48003,0,18128,9274,8854
48003,1,1569,822,747
48003,2,1571,794,777
48003,3,1533,808,725
48003,4,1363,686,677
48003,5,1148,624,524
48003,6,1378,759,619
48003,7,1301,661,640
48003,8,1351,720,631
48003,9,1069,540,529
48003,10,1043,515,528
48003,11,1010,512,498
48003,12,1034,545,489
48003,13,880,444,436
48003,14,610,304,306
48003,15,472,222,250
48003,16,316,133,183
48003,17,243,88,155
48003,18,237,97,140
48005,0,87092,42488,44604
48005,1,5951,3018,2933
48005,2,6113,3087,3026
48005,3,6508,3278,3230
48005,4,5884,2974,2910
48005,5,5380,2682,2698
48005,6,5822,2845,2977
48005,7,5352,2578,2774
48005,8,5311,2551,2760
48005,9,4987,2421,2566
48005,10,5402,2691,2711
48005,11,5375,2691,2684
48005,12,5601,2837,2764
48005,13,5188,2499,2689
48005,14,4403,2076,2327
48005,15,3659,1631,2028
48005,16,2609,1182,1427
48005,17,1818,781,1037
48005,18,1729,666,1063
48007,0,23792,11751,12041
48007,1,1141,592,549
48007,2,1116,560,556
48007,3,1196,611,585
48007,4,1161,617,544
48007,5,1109,606,503
48007,6,1108,546,562
48007,7,1075,554,521
48007,8,1141,579,562
48007,9,1068,535,533
48007,10,1318,645,673
48007,11,1424,667,757
48007,12,1929,929,1000
48007,13,1957,920,1037
48007,14,2018,967,1051
48007,15,1925,934,991
48007,16,1544,742,802
48007,17,860,425,435
48007,18,702,322,380
48009,0,8786,4326,4460
48009,1,461,208,253
48009,2,485,244,241
48009,3,613,316,297
48009,4,544,291,253
48009,5,450,247,203
48009,6,441,239,202
48009,7,487,229,258
48009,8,488,271,217
48009,9,491,224,267
48009,10,541,242,299
48009,11,608,318,290
48009,12,715,346,369
48009,13,704,333,371
48009,14,532,245,287
48009,15,424,204,220
48009,16,344,162,182
48009,17,247,113,134
48009,18,211,94,117
48011,0,1892,918,974
48011,1,108,49,59
48011,2,142,72,70
48011,3,121,57,64
48011,4,102,46,56
48011,5,77,43,34
48011,6,89,47,42
48011,7,87,39,48
48011,8,113,54,59
48011,9,111,61,50
48011,10,112,60,52
48011,11,82,44,38
48011,12,146,63,83
48011,13,149,77,72
48011,14,135,69,66
48011,15,122,63,59
48011,16,84,37,47
48011,17,68,25,43
48011,18,44,12,32
48013,0,50310,25084,25226
48013,1,3671,1880,1791
48013,2,3841,1950,1891
48013,3,3904,2026,1878
48013,4,3654,1878,1776
48013,5,3159,1575,1584
48013,6,3230,1642,1588
48013,7,3255,1705,1550
48013,8,3334,1640,1694
48013,9,2980,1516,1464
48013,10,3093,1526,1567
48013,11,2905,1469,1436
48013,12,3124,1513,1611
48013,13,2775,1367,1408
48013,14,2388,1147,1241
48013,15,1950,943,1007
48013,16,1355,636,719
48013,17,863,378,485
48013,18,829,293,536
48015,0,29989,14954,15035
48015,1,1768,898,870
48015,2,2041,1028,1013
48015,3,2065,1071,994
48015,4,1989,992,997
48015,5,1660,854,806
48015,6,1748,888,860
48015,7,1647,839,808
48015,8,1662,796,866
48015,9,1677,855,822
48015,10,1749,853,896
48015,11,1917,969,948
48015,12,2104,1070,1034
48015,13,2263,1131,1132
48015,14,1836,929,907
48015,15,1529,733,796
48015,16,1114,551,563
48015,17,601,271,330
48015,18,619,226,393
48017,0,7027,3499,3528
48017,1,577,278,299
48017,2,574,290,284
48017,3,669,331,338
48017,4,602,296,306
48017,5,439,229,210
48017,6,384,187,197
48017,7,422,211,211
48017,8,397,202,195
48017,9,451,232,219
48017,10,340,168,172
48017,11,370,181,189
48017,12,400,206,194
48017,13,377,205,172
48017,14,313,152,161
48017,15,232,118,114
48017,16,190,89,101
48017,17,158,66,92
48017,18,132,58,74
48019,0,22824,11327,11497
48019,1,949,522,427
48019,2,1043,529,514
48019,3,1138,554,584
48019,4,1066,560,506
48019,5,1001,513,488
48019,6,957,511,446
48019,7,1045,529,516
48019,8,1087,537,550
48019,9,1055,511,544
48019,10,1308,648,660
48019,11,1584,752,832
48019,12,2196,1005,1191
48019,13,2238,1075,1163
48019,14,2098,1029,1069
48019,15,1733,892,841
48019,16,1156,592,564
48019,17,627,322,305
48019,18,543,246,297
48021,0,86976,44296,42680
48021,1,5922,3000,2922
48021,2,5812,2897,2915
48021,3,6498,3308,3190
48021,4,6098,3207,2891
48021,5,5075,2682,2393
48021,6,5245,2834,2411
48021,7,5315,2815,2500
48021,8,5317,2789,2528
48021,9,5203,2735,2468
48021,10,5494,2817,2677
48021,11,5657,2897,2760
48021,12,6203,3152,3051
48021,13,5926,2941,2985
48021,14,4864,2429,2435
48021,15,3666,1771,1895
48021,16,2129,989,1140
48021,17,1374,587,787
48021,18,1178,446,732
48023,0,3582,1744,1838
48023,1,212,103,109
48023,2,242,124,118
48023,3,234,124,110
48023,4,205,110,95
48023,5,161,96,65
48023,6,201,89,112
48023,7,177,80,97
48023,8,211,114,97
48023,9,183,94,89
48023,10,192,92,100
48023,11,220,97,123
48023,12,234,130,104
48023,13,257,126,131
48023,14,229,111,118
48023,15,183,76,107
48023,16,182,80,102
48023,17,119,53,66
48023,18,140,45,95
48025,0,32587,19819,12768
48025,1,1895,974,921
48025,2,1868,951,917
48025,3,1956,990,966
48025,4,2124,1164,960
48025,5,2704,1915,789
48025,6,2919,2078,841
48025,7,2769,1964,805
48025,8,2688,1909,779
48025,9,2256,1565,691
48025,10,2180,1504,676
48025,11,1889,1173,716
48025,12,1771,980,791
48025,13,1556,813,743
48025,14,1264,623,641
48025,15,1059,517,542
48025,16,716,313,403
48025,17,530,232,298
48025,18,443,154,289
48027,0,355642,176710,178932
48027,1,30043,15119,14924
48027,2,27667,14008,13659
48027,3,26126,13431,12695
48027,4,24702,12744,11958
48027,5,30052,16574,13478
48027,6,31798,16553,15245
48027,7,27481,13693,13788
48027,8,25400,12513,12887
48027,9,20889,10191,10698
48027,10,19568,9466,10102
48027,11,18490,9017,9473
48027,12,18501,8574,9927
48027,13,16340,7621,8719
48027,14,13048,6018,7030
48027,15,10224,4706,5518
48027,16,6729,3042,3687
48027,17,4248,1812,2436
48027,18,4336,1628,2708
48029,0,1986049,980516,1005533
48029,1,141698,72331,69367
48029,2,139902,71357,68545
48029,3,142368,72375,69993
48029,4,142291,73114,69177
48029,5,145553,75084,70469
48029,6,162541,83586,78955
48029,7,155306,79198,76108
48029,8,143331,72174,71157
48029,9,125203,61764,63439
48029,10,124305,60705,63600
48029,11,113056,55249,57807
48029,12,112088,53875,58213
48029,13,97786,45484,52302
48029,14,81756,37231,44525
48029,15,62057,28018,34039
48029,16,40861,17719,23142
48029,17,27410,11050,16360
48029,18,28537,10202,18335
48031,0,11702,5872,5830
48031,1,511,246,265
48031,2,507,270,237
48031,3,695,344,351
48031,4,681,403,278
48031,5,549,299,250
48031,6,496,259,237
48031,7,517,248,269
48031,8,583,331,252
48031,9,625,319,306
48031,10,721,350,371
48031,11,808,378,430
48031,12,1063,524,539
48031,13,1105,543,562
48031,14,963,444,519
48031,15,818,406,412
48031,16,522,254,268
48031,17,304,148,156
48031,18,234,106,128
48033,0,648,337,311
48033,1,33,17,16
48033,2,35,23,12
48033,3,38,14,24
48033,4,35,21,14
48033,5,29,16,13
48033,6,20,11,9
48033,7,27,13,14
48033,8,34,18,16
48033,9,33,15,18
48033,10,65,39,26
48033,11,48,21,27
48033,12,47,29,18
48033,13,44,19,25
48033,14,42,22,20
48033,15,35,19,16
48033,16,25,16,9
48033,17,31,16,15
48033,18,27,8,19
48035,0,18691,9248,9443
48035,1,1033,545,488
48035,2,1118,581,537
48035,3,1198,627,571
48035,4,1086,563,523
48035,5,867,468,399
48035,6,955,455,500
48035,7,857,402,455
48035,8,1028,515,513
48035,9,905,436,469
48035,10,1035,496,539
48035,11,1168,581,587
48035,12,1371,665,706
48035,13,1463,712,751
48035,14,1339,683,656
48035,15,1257,605,652
48035,16,893,429,464
48035,17,547,234,313
48035,18,571,251,320
48037,0,94324,47473,46851
48037,1,6117,3130,2987
48037,2,6206,3140,3066
48037,3,6312,3238,3074
48037,4,5891,3100,2791
48037,5,5827,3155,2672
48037,6,6812,3731,3081
48037,7,6178,3311,2867
48037,8,6311,3236,3075
48037,9,5765,3050,2715
48037,10,5827,3069,2758
48037,11,5707,2831,2876
48037,12,6108,2989,3119
48037,13,5658,2725,2933
48037,14,4878,2279,2599
48037,15,4097,1863,2234
48037,16,2841,1241,1600
48037,17,1752,728,1024
48037,18,2037,657,1380
48039,0,370200,187001,183199
48039,1,25765,13183,12582
48039,2,27589,14110,13479
48039,3,28074,14423,13651
48039,4,25434,13246,12188
48039,5,21202,11035,10167
48039,6,24993,12805,12188
48039,7,27250,13850,13400
48039,8,28597,14533,14064
48039,9,25951,13271,12680
48039,10,25757,13230,12527
48039,11,23208,11968,11240
48039,12,22605,11302,11303
48039,13,20097,9975,10122
48039,14,15573,7579,7994
48039,15,11639,5495,6144
48039,16,7452,3359,4093
48039,17,4705,2102,2603
48039,18,4309,1535,2774
48041,0,226758,114626,112132
48041,1,13916,7125,6791
48041,2,12910,6534,6376
48041,3,12527,6376,6151
48041,4,21466,10647,10819
48041,5,44070,23700,20370
48041,6,20574,10805,9769
48041,7,15767,8011,7756
48041,8,14127,7231,6896
48041,9,11246,5711,5535
48041,10,10685,5191,5494
48041,11,9801,4844,4957
48041,12,9792,4726,5066
48041,13,9115,4336,4779
48041,14,7034,3404,3630
48041,15,5274,2411,2863
48041,16,3593,1597,1996
48041,17,2423,1025,1398
48041,18,2438,952,1486
48043,0,9267,4684,4583
48043,1,488,234,254
48043,2,499,264,235
48043,3,475,248,227
48043,4,458,246,212
48043,5,488,236,252
48043,6,600,308,292
48043,7,621,329,292
48043,8,637,333,304
48043,9,528,254,274
48043,10,493,255,238
48043,11,534,257,277
48043,12,611,318,293
48043,13,691,333,358
48043,14,713,350,363
48043,15,566,319,247
48043,16,393,202,191
48043,17,242,130,112
48043,18,230,68,162
48045,0,1516,749,767
48045,1,65,29,36
48045,2,85,40,45
48045,3,90,53,37
48045,4,82,38,44
48045,5,76,42,34
48045,6,69,32,37
48045,7,92,50,42
48045,8,82,36,46
48045,9,96,47,49
48045,10,84,41,43
48045,11,97,43,54
48045,12,111,61,50
48045,13,90,36,54
48045,14,102,60,42
48045,15,112,56,56
48045,16,74,36,38
48045,17,62,30,32
48045,18,47,19,28
48047,0,7114,3595,3519
48047,1,590,296,294
48047,2,607,322,285
48047,3,532,286,246
48047,4,475,253,222
48047,5,457,276,181
48047,6,489,268,221
48047,7,402,233,169
48047,8,424,216,208
48047,9,344,177,167
48047,10,313,138,175
48047,11,361,176,185
48047,12,418,204,214
48047,13,399,197,202
48047,14,381,158,223
48047,15,331,160,171
48047,16,258,115,143
48047,17,187,75,112
48047,18,146,45,101
48049,0,37924,18764,19160
48049,1,2048,1041,1007
48049,2,2178,1126,1052
48049,3,2396,1227,1169
48049,4,2861,1450,1411
48049,5,2244,1173,1071
48049,6,2262,1177,1085
48049,7,2252,1110,1142
48049,8,2277,1136,1141
48049,9,2056,1027,1029
48049,10,2309,1156,1153
48049,11,2303,1155,1148
48049,12,2687,1326,1361
48049,13,2495,1171,1324
48049,14,2293,1100,1193
48049,15,1930,948,982
48049,16,1468,668,800
48049,17,929,413,516
48049,18,936,360,576
48051,0,18389,9045,9344
48051,1,1138,551,587
48051,2,1082,561,521
48051,3,1157,585,572
48051,4,1105,594,511
48051,5,930,429,501
48051,6,1090,512,578
48051,7,1003,499,504
48051,8,1013,480,533
48051,9,918,448,470
48051,10,1056,520,536
48051,11,1252,643,609
48051,12,1427,716,711
48051,13,1463,686,777
48051,14,1210,607,603
48051,15,971,498,473
48051,16,583,299,284
48051,17,466,203,263
48051,18,525,214,311
48053,0,47542,23296,24246
48053,1,2662,1361,1301
48053,2,2752,1424,1328
48053,3,2936,1502,1434
48053,4,2841,1456,1385
48053,5,2516,1276,1240
48053,6,2648,1292,1356
48053,7,2517,1273,1244
48053,8,2645,1274,1371
48053,9,2560,1215,1345
48053,10,2710,1349,1361
48053,11,2845,1382,1463
48053,12,3597,1740,1857
48053,13,3688,1738,1950
48053,14,3491,1688,1803
48053,15,2885,1421,1464
48053,16,1890,892,998
48053,17,1258,555,703
48053,18,1101,458,643
48055,0,43247,21822,21425
48055,1,2759,1347,1412
48055,2,2671,1346,1325
48055,3,2909,1518,1391
48055,4,3494,1935,1559
48055,5,3388,1934,1454
48055,6,2932,1514,1418
48055,7,2886,1426,1460
48055,8,2789,1412,1377
48055,9,2565,1252,1313
48055,10,2711,1345,1366
48055,11,2625,1324,1301
48055,12,2725,1371,1354
48055,13,2583,1266,1317
48055,14,2120,1039,1081
48055,15,1581,752,829
48055,16,1068,470,598
48055,17,718,315,403
48055,18,723,256,467
48057,0,21561,11078,10483
48057,1,1426,745,681
48057,2,1390,687,703
48057,3,1484,764,720
48057,4,1487,791,696
48057,5,1286,682,604
48057,6,1433,792,641
48057,7,1287,700,587
48057,8,1333,663,670
48057,9,1158,591,567
48057,10,1232,628,604
48057,11,1334,691,643
48057,12,1461,765,696
48057,13,1380,670,710
48057,14,1262,652,610
48057,15,1004,522,482
48057,16,690,342,348
48057,17,471,213,258
48057,18,443,180,263
48059,0,13994,6930,7064
48059,1,840,451,389
48059,2,814,413,401
48059,3,918,485,433
48059,4,854,426,428
48059,5,642,317,325
48059,6,769,389,380
48059,7,803,393,410
48059,8,833,420,413
48059,9,814,392,422
48059,10,816,379,437
48059,11,858,443,415
48059,12,1107,546,561
48059,13,1057,498,559
48059,14,899,437,462
48059,15,745,388,357
48059,16,507,240,267
48059,17,367,177,190
48059,18,351,136,215
48061,0,423908,206353,217555
48061,1,34371,17515,16856
48061,2,35426,18068,17358
48061,3,35980,18336,17644
48061,4,36570,18650,17920
48061,5,31189,16063,15126
48061,6,28319,14422,13897
48061,7,24326,12104,12222
48061,8,25283,12370,12913
48061,9,26243,12728,13515
48061,10,25209,11658,13551
48061,11,22288,10265,12023
48061,12,21424,9859,11565
48061,13,19865,8944,10921
48061,14,17620,8126,9494
48061,15,14679,6713,7966
48061,16,10322,4537,5785
48061,17,7479,3164,4315
48061,18,7315,2831,4484
48063,0,13033,6329,6704
48063,1,975,497,478
48063,2,945,456,489
48063,3,1002,495,507
48063,4,861,411,450
48063,5,854,454,400
48063,6,755,360,395
48063,7,671,320,351
48063,8,718,327,391
48063,9,642,320,322
48063,10,728,319,409
48063,11,802,386,416
48063,12,832,416,416
48063,13,834,390,444
48063,14,825,418,407
48063,15,599,297,302
48063,16,434,207,227
48063,17,319,156,163
48063,18,237,100,137
48065,0,6005,3010,2995
48065,1,324,156,168
48065,2,391,214,177
48065,3,449,224,225
48065,4,418,214,204
48065,5,309,149,160
48065,6,315,162,153
48065,7,333,171,162
48065,8,377,191,186
48065,9,358,174,184
48065,10,317,162,155
48065,11,373,184,189
48065,12,421,219,202
48065,13,447,228,219
48065,14,367,187,180
48065,15,295,147,148
48065,16,221,103,118
48065,17,165,79,86
48065,18,125,46,79
48067,0,30119,14581,15538
48067,1,1800,958,842
48067,2,1822,921,901
48067,3,1958,985,973
48067,4,1873,994,879
48067,5,1549,802,747
48067,6,1577,769,808
48067,7,1492,679,813
48067,8,1656,786,870
48067,9,1617,750,867
48067,10,1874,895,979
48067,11,1954,957,997
48067,12,2115,1001,1114
48067,13,2172,1036,1136
48067,14,1917,944,973
48067,15,1775,848,927
48067,16,1362,635,727
48067,17,812,331,481
48067,18,794,290,504
48069,0,7665,3945,3720
48069,1,558,318,240
48069,2,617,330,287
48069,3,642,335,307
48069,4,580,287,293
48069,5,593,296,297
48069,6,451,218,233
48069,7,409,202,207
48069,8,453,238,215
48069,9,417,221,196
48069,10,391,218,173
48069,11,374,194,180
48069,12,473,246,227
48069,13,495,261,234
48069,14,358,185,173
48069,15,264,137,127
48069,16,224,106,118
48069,17,200,89,111
48069,18,166,64,102
48071,0,42454,21505,20949
48071,1,3004,1542,1462
48071,2,3352,1697,1655
48071,3,3436,1804,1632
48071,4,3232,1719,1513
48071,5,2532,1290,1242
48071,6,2745,1407,1338
48071,7,2889,1404,1485
48071,8,3173,1665,1508
48071,9,2870,1413,1457
48071,10,2878,1439,1439
48071,11,2585,1324,1261
48071,12,2482,1286,1196
48071,13,2266,1162,1104
48071,14,1821,919,902
48071,15,1425,664,761
48071,16,820,389,431
48071,17,515,225,290
48071,18,429,156,273
48073,0,52592,26822,25770
48073,1,3744,1892,1852
48073,2,3619,1876,1743
48073,3,3729,1953,1776
48073,4,3869,2103,1766
48073,5,3322,1861,1461
48073,6,3250,1700,1550
48073,7,3035,1550,1485
48073,8,2899,1462,1437
48073,9,3095,1644,1451
48073,10,3245,1740,1505
48073,11,3114,1635,1479
48073,12,3260,1616,1644
48073,13,3180,1571,1609
48073,14,2928,1403,1525
48073,15,2424,1108,1316
48073,16,1734,823,911
48073,17,1094,516,578
48073,18,1051,369,682
48075,0,7291,4434,2857
48075,1,353,197,156
48075,2,398,202,196
48075,3,431,220,211
48075,4,419,254,165
48075,5,782,620,162
48075,6,879,716,163
48075,7,593,439,154
48075,8,495,322,173
48075,9,410,242,168
48075,10,339,194,145
48075,11,322,161,161
48075,12,379,184,195
48075,13,368,190,178
48075,14,323,159,164
48075,15,284,116,168
48075,16,232,109,123
48075,17,142,56,86
48075,18,142,53,89
48077,0,10456,5209,5247
48077,1,485,252,233
48077,2,556,266,290
48077,3,652,330,322
48077,4,619,314,305
48077,5,493,270,223
48077,6,505,242,263
48077,7,472,248,224
48077,8,598,290,308
48077,9,587,293,294
48077,10,622,297,325
48077,11,699,348,351
48077,12,911,453,458
48077,13,882,448,434
48077,14,760,376,384
48077,15,609,311,298
48077,16,434,207,227
48077,17,294,148,146
48077,18,278,116,162
48079,0,2836,1423,1413
48079,1,205,99,106
48079,2,206,119,87
48079,3,225,112,113
48079,4,217,102,115
48079,5,143,72,71
48079,6,196,107,89
48079,7,191,88,103
48079,8,165,95,70
48079,9,132,65,67
48079,10,154,77,77
48079,11,174,93,81
48079,12,197,99,98
48079,13,168,77,91
48079,14,131,59,72
48079,15,107,60,47
48079,16,84,40,44
48079,17,89,37,52
48079,18,52,22,30
48081,0,3370,1666,1704
48081,1,197,114,83
48081,2,198,93,105
48081,3,175,90,85
48081,4,223,99,124
48081,5,153,73,80
48081,6,178,97,81
48081,7,170,96,74
48081,8,170,76,94
48081,9,146,76,70
48081,10,157,69,88
48081,11,208,98,110
48081,12,259,132,127
48081,13,217,112,105
48081,14,271,133,138
48081,15,219,99,120
48081,16,191,97,94
48081,17,140,74,66
48081,18,98,38,60
48083,0,8397,4240,4157
48083,1,436,238,198
48083,2,481,224,257
48083,3,521,265,256
48083,4,512,263,249
48083,5,375,221,154
48083,6,393,187,206
48083,7,383,192,191
48083,8,421,212,209
48083,9,450,219,231
48083,10,474,235,239
48083,11,492,273,219
48083,12,692,338,354
48083,13,671,351,320
48083,14,626,285,341
48083,15,576,304,272
48083,16,361,185,176
48083,17,300,144,156
48083,18,233,104,129
48085,0,1005146,494802,510344
48085,1,62230,31716,30514
48085,2,71730,36597,35133
48085,3,79017,40191,38826
48085,4,72529,37541,34988
48085,5,57820,29284,28536
48085,6,60152,30020,30132
48085,7,68182,32878,35304
48085,8,78940,38102,40838
48085,9,80268,39064,41204
48085,10,81916,40900,41016
48085,11,69752,34855,34897
48085,12,63003,31664,31339
48085,13,48952,23461,25491
48085,14,38604,17301,21303
48085,15,30764,13950,16814
48085,16,19697,8673,11024
48085,17,11542,4942,6600
48085,18,10048,3663,6385
48087,0,2962,1449,1513
48087,1,179,85,94
48087,2,253,125,128
48087,3,220,111,109
48087,4,211,113,98
48087,5,179,94,85
48087,6,159,80,79
48087,7,169,78,91
48087,8,180,97,83
48087,9,145,71,74
48087,10,157,75,82
48087,11,170,85,85
48087,12,196,101,95
48087,13,185,86,99
48087,14,173,83,90
48087,15,137,63,74
48087,16,99,40,59
48087,17,76,35,41
48087,18,74,27,47
48089,0,21217,10665,10552
48089,1,1366,683,683
48089,2,1360,708,652
48089,3,1299,679,620
48089,4,1298,650,648
48089,5,1206,626,580
48089,6,1223,687,536
48089,7,1051,562,489
48089,8,1128,570,558
48089,9,1050,534,516
48089,10,1128,567,561
48089,11,1278,641,637
48089,12,1548,789,759
48089,13,1584,782,802
48089,14,1452,701,751
48089,15,1143,567,576
48089,16,898,429,469
48089,17,558,269,289
48089,18,647,221,426
48091,0,148373,73333,75040
48091,1,8630,4489,4141
48091,2,9133,4644,4489
48091,3,9863,4999,4864
48091,4,9318,4831,4487
48091,5,7949,4040,3909
48091,6,8252,4113,4139
48091,7,8786,4307,4479
48091,8,9258,4588,4670
48091,9,8706,4423,4283
48091,10,9891,4869,5022
48091,11,9954,4906,5048
48091,12,10952,5296,5656
48091,13,10852,5221,5631
48091,14,9387,4524,4863
48091,15,7381,3601,3780
48091,16,4555,2235,2320
48091,17,2866,1299,1567
48091,18,2640,948,1692
48093,0,13534,6738,6796
48093,1,757,386,371
48093,2,845,449,396
48093,3,906,443,463
48093,4,795,411,384
48093,5,709,388,321
48093,6,683,336,347
48093,7,653,342,311
48093,8,683,338,345
48093,9,681,329,352
48093,10,787,375,412
48093,11,912,471,441
48093,12,919,465,454
48093,13,915,450,465
48093,14,953,477,476
48093,15,854,400,454
48093,16,666,315,351
48093,17,449,216,233
48093,18,367,147,220
48095,0,4276,3020,1256
48095,1,117,59,58
48095,2,111,70,41
48095,3,182,85,97
48095,4,160,98,62
48095,5,249,189,60
48095,6,372,316,56
48095,7,352,300,52
48095,8,404,344,60
48095,9,446,380,66
48095,10,368,306,62
48095,11,265,191,74
48095,12,258,167,91
48095,13,236,123,113
48095,14,235,121,114
48095,15,198,105,93
48095,16,142,79,63
48095,17,101,47,54
48095,18,80,40,40
48097,0,40574,20262,20312
48097,1,2779,1468,1311
48097,2,2553,1292,1261
48097,3,2625,1327,1298
48097,4,2639,1474,1165
48097,5,2510,1355,1155
48097,6,2620,1327,1293
48097,7,2311,1150,1161
48097,8,2294,1128,1166
48097,9,2148,1037,1111
48097,10,2279,1102,1177
48097,11,2524,1228,1296
48097,12,2906,1426,1480
48097,13,2866,1418,1448
48097,14,2481,1237,1244
48097,15,1935,907,1028
48097,16,1395,670,725
48097,17,890,377,513
48097,18,819,339,480
48099,0,74808,37143,37665
48099,1,5108,2539,2569
48099,2,4985,2512,2473
48099,3,4454,2303,2151
48099,4,4326,2313,2013
48099,5,7580,4570,3010
48099,6,7748,3982,3766
48099,7,6769,3416,3353
48099,8,5983,2922,3061
48099,9,5118,2350,2768
48099,10,4628,2133,2495
48099,11,3797,1765,2032
48099,12,3480,1617,1863
48099,13,3163,1419,1744
48099,14,2509,1151,1358
48099,15,2081,883,1198
48099,16,1458,625,833
48099,17,935,369,566
48099,18,686,274,412
48101,0,1389,674,715
48101,1,75,42,33
48101,2,84,41,43
48101,3,89,47,42
48101,4,97,57,40
48101,5,56,32,24
48101,6,60,32,28
48101,7,75,38,37
48101,8,84,37,47
48101,9,68,32,36
48101,10,63,26,37
48101,11,79,34,45
48101,12,115,59,56
48101,13,106,51,55
48101,14,96,41,55
48101,15,83,47,36
48101,16,75,29,46
48101,17,42,19,23
48101,18,42,10,32
48103,0,4794,2415,2379
48103,1,382,211,171
48103,2,404,186,218
48103,3,398,202,196
48103,4,362,185,177
48103,5,316,159,157
48103,6,325,173,152
48103,7,299,169,130
48103,8,311,148,163
48103,9,294,153,141
48103,10,272,125,147
48103,11,281,149,132
48103,12,318,168,150
48103,13,260,130,130
48103,14,177,95,82
48103,15,131,57,74
48103,16,101,44,57
48103,17,83,32,51
48103,18,80,29,51
48105,0,3499,1747,1752
48105,1,235,120,115
48105,2,248,125,123
48105,3,248,115,133
48105,4,209,103,106
48105,5,188,83,105
48105,6,192,93,99
48105,7,193,107,86
48105,8,235,110,125
48105,9,203,112,91
48105,10,217,118,99
48105,11,228,109,119
48105,12,225,124,101
48105,13,258,138,120
48105,14,188,87,101
48105,15,168,79,89
48105,16,127,50,77
48105,17,74,46,28
48105,18,63,28,35
48107,0,5779,2857,2922
48107,1,385,190,195
48107,2,423,218,205
48107,3,463,234,229
48107,4,419,210,209
48107,5,318,152,166
48107,6,342,177,165
48107,7,319,179,140
48107,8,361,184,177
48107,9,306,154,152
48107,10,294,137,157
48107,11,324,153,171
48107,12,376,190,186
48107,13,368,185,183
48107,14,315,167,148
48107,15,252,114,138
48107,16,233,108,125
48107,17,143,57,86
48107,18,138,48,90
48109,0,2204,1089,1115
48109,1,155,87,68
48109,2,115,56,59
48109,3,138,66,72
48109,4,138,71,67
48109,5,143,80,63
48109,6,141,78,63
48109,7,115,57,58
48109,8,118,65,53
48109,9,93,44,49
48109,10,123,56,67
48109,11,149,68,81
48109,12,151,77,74
48109,13,152,71,81
48109,14,145,65,80
48109,15,120,57,63
48109,16,74,36,38
48109,17,65,20,45
48109,18,69,35,34
48111,0,7200,3754,3446
48111,1,697,372,325
48111,2,565,283,282
48111,3,631,330,301
48111,4,563,305,258
48111,5,427,222,205
48111,6,525,295,230
48111,7,510,264,246
48111,8,443,231,212
48111,9,360,169,191
48111,10,488,257,231
48111,11,433,225,208
48111,12,408,222,186
48111,13,326,173,153
48111,14,299,166,133
48111,15,204,97,107
48111,16,143,71,72
48111,17,88,39,49
48111,18,90,33,57
48113,0,2637772,1301788,1335984
48113,1,196910,100949,95961
48113,2,189846,96801,93045
48113,3,191891,97971,93920
48113,4,178970,90759,88211
48113,5,183602,92693,90909
48113,6,228091,113757,114334
48113,7,208358,105151,103207
48113,8,190748,95597,95151
48113,9,171293,84122,87171
48113,10,168584,82708,85876
48113,11,158615,79315,79300
48113,12,155945,76737,79208
48113,13,131765,63212,68553
48113,14,100502,46201,54301
48113,15,72903,32556,40347
48113,16,47522,20340,27182
48113,17,30392,12232,18160
48113,18,31835,10687,21148
48115,0,12619,6922,5697
48115,1,875,447,428
48115,2,907,456,451
48115,3,935,502,433
48115,4,866,470,396
48115,5,917,609,308
48115,6,1089,720,369
48115,7,927,605,322
48115,8,843,517,326
48115,9,728,408,320
48115,10,639,343,296
48115,11,615,318,297
48115,12,734,372,362
48115,13,660,324,336
48115,14,540,259,281
48115,15,473,207,266
48115,16,369,157,212
48115,17,265,109,156
48115,18,237,99,138
48117,0,18760,9369,9391
48117,1,1614,819,795
48117,2,1608,813,795
48117,3,1664,852,812
48117,4,1505,759,746
48117,5,1335,684,651
48117,6,1325,689,636
48117,7,1148,580,568
48117,8,1092,563,529
48117,9,1109,555,554
48117,10,1035,512,523
48117,11,1027,510,517
48117,12,962,495,467
48117,13,959,453,506
48117,14,834,415,419
48117,15,522,223,299
48117,16,388,202,186
48117,17,288,110,178
48117,18,345,135,210
48119,0,5349,2661,2688
48119,1,366,178,188
48119,2,334,151,183
48119,3,340,163,177
48119,4,328,183,145
48119,5,250,129,121
48119,6,316,154,162
48119,7,266,130,136
48119,8,330,168,162
48119,9,277,158,119
48119,10,317,149,168
48119,11,352,163,189
48119,12,339,177,162
48119,13,420,212,208
48119,14,345,158,187
48119,15,292,151,141
48119,16,254,135,119
48119,17,128,69,59
48119,18,95,33,62
48121,0,859064,422725,436339
48121,1,53959,27601,26358
48121,2,57574,29381,28193
48121,3,62873,32059,30814
48121,4,61150,30709,30441
48121,5,56181,27853,28328
48121,6,62402,30918,31484
48121,7,64566,31860,32706
48121,8,67065,32685,34380
48121,9,65056,31788,33268
48121,10,66831,33089,33742
48121,11,57573,28954,28619
48121,12,54102,26654,27448
48121,13,42318,20188,22130
48121,14,31809,14713,17096
48121,15,24579,11241,13338
48121,16,15080,6816,8264
48121,17,8529,3601,4928
48121,18,7417,2615,4802
48123,0,20187,10602,9585
48123,1,1275,655,620
48123,2,1257,664,593
48123,3,1235,657,578
48123,4,1182,617,565
48123,5,956,502,454
48123,6,1162,635,527
48123,7,1249,724,525
48123,8,1318,778,540
48123,9,1249,762,487
48123,10,1225,713,512
48123,11,1284,725,559
48123,12,1442,764,678
48123,13,1330,680,650
48123,14,1197,557,640
48123,15,979,460,519
48123,16,713,308,405
48123,17,562,223,339
48123,18,572,178,394
48125,0,2249,1245,1004
48125,1,116,47,69
48125,2,106,56,50
48125,3,122,63,59
48125,4,145,85,60
48125,5,124,86,38
48125,6,162,127,35
48125,7,147,108,39
48125,8,133,73,60
48125,9,158,92,66
48125,10,122,73,49
48125,11,97,47,50
48125,12,148,79,69
48125,13,156,85,71
48125,14,136,52,84
48125,15,132,59,73
48125,16,119,53,66
48125,17,70,32,38
48125,18,56,28,28
48127,0,10308,5071,5237
48127,1,775,409,366
48127,2,868,467,401
48127,3,876,435,441
48127,4,766,372,394
48127,5,637,314,323
48127,6,638,327,311
48127,7,626,326,300
48127,8,613,305,308
48127,9,603,291,312
48127,10,525,252,273
48127,11,544,253,291
48127,12,575,293,282
48127,13,533,262,271
48127,14,525,226,299
48127,15,441,218,223
48127,16,296,125,171
48127,17,204,86,118
48127,18,263,110,153
48129,0,3319,1630,1689
48129,1,171,93,78
48129,2,177,89,88
48129,3,185,89,96
48129,4,326,169,157
48129,5,245,140,105
48129,6,149,72,77
48129,7,127,69,58
48129,8,197,96,101
48129,9,166,75,91
48129,10,139,71,68
48129,11,177,80,97
48129,12,219,116,103
48129,13,245,111,134
48129,14,242,120,122
48129,15,191,74,117
48129,16,160,77,83
48129,17,120,56,64
48129,18,83,33,50
48131,0,11212,5780,5432
48131,1,784,392,392
48131,2,817,414,403
48131,3,763,375,388
48131,4,746,387,359
48131,5,834,478,356
48131,6,767,476,291
48131,7,661,354,307
48131,8,665,360,305
48131,9,640,344,296
48131,10,631,335,296
48131,11,637,324,313
48131,12,672,340,332
48131,13,584,277,307
48131,14,509,258,251
48131,15,549,257,292
48131,16,440,206,234
48131,17,252,102,150
48131,18,261,101,160
48133,0,18322,9149,9173
48133,1,1112,571,541
48133,2,983,505,478
48133,3,1127,550,577
48133,4,1402,782,620
48133,5,1142,618,524
48133,6,993,530,463
48133,7,904,464,440
48133,8,1045,515,530
48133,9,917,468,449
48133,10,951,455,496
48133,11,1060,511,549
48133,12,1358,667,691
48133,13,1325,671,654
48133,14,1137,564,573
48133,15,1060,480,580
48133,16,769,362,407
48133,17,532,250,282
48133,18,505,186,319
48135,0,162124,82485,79639
48135,1,14541,7450,7091
48135,2,14157,7207,6950
48135,3,12939,6628,6311
48135,4,11905,6031,5874
48135,5,11701,6145,5556
48135,6,14345,7636,6709
48135,7,13044,6983,6061
48135,8,11517,6140,5377
48135,9,9587,4989,4598
48135,10,8664,4365,4299
48135,11,8248,4143,4105
48135,12,8411,4141,4270
48135,13,7305,3631,3674
48135,14,5417,2650,2767
48135,15,3939,1824,2115
48135,16,2690,1116,1574
48135,17,1940,798,1142
48135,18,1774,608,1166
48137,0,1928,1019,909
48137,1,125,69,56
48137,2,135,71,64
48137,3,114,67,47
48137,4,99,60,39
48137,5,77,37,40
48137,6,97,54,43
48137,7,75,38,37
48137,8,98,50,48
48137,9,80,43,37
48137,10,96,48,48
48137,11,103,56,47
48137,12,128,56,72
48137,13,140,71,69
48137,14,181,91,90
48137,15,159,97,62
48137,16,106,52,54
48137,17,59,34,25
48137,18,56,25,31
48139,0,179436,88513,90923
48139,1,12202,6247,5955
48139,2,13039,6711,6328
48139,3,14123,7275,6848
48139,4,13291,6857,6434
48139,5,11136,5795,5341
48139,6,11415,5629,5786
48139,7,11864,5715,6149
48139,8,12158,5962,6196
48139,9,11505,5472,6033
48139,10,12258,6078,6180
48139,11,11452,5721,5731
48139,12,11640,5738,5902
48139,13,10372,5075,5297
48139,14,8151,3802,4349
48139,15,6148,2843,3305
48139,16,4095,1853,2242
48139,17,2382,984,1398
48139,18,2205,756,1449
48141,0,840758,414214,426544
48141,1,63036,32110,30926
48141,2,62962,31897,31065
48141,3,63413,31945,31468
48141,4,63775,32780,30995
48141,5,69248,37320,31928
48141,6,68106,35971,32135
48141,7,58209,30184,28025
48141,8,53847,27046,26801
48141,9,50841,24899,25942
48141,10,50158,23884,26274
48141,11,46191,21807,24384
48141,12,46778,21610,25168
48141,13,41102,18798,22304
48141,14,32891,14917,17974
48141,15,25584,11591,13993
48141,16,17943,7489,10454
48141,17,12958,5131,7827
48141,18,13716,4835,8881
48143,0,42446,20784,21662
48143,1,2415,1219,1196
48143,2,2349,1208,1141
48143,3,2460,1282,1178
48143,4,4714,2158,2556
48143,5,5770,2828,2942
48143,6,2962,1488,1474
48143,7,2447,1245,1202
48143,8,2264,1092,1172
48143,9,2085,1046,1039
48143,10,2106,1026,1080
48143,11,2157,1077,1080
48143,12,2469,1253,1216
48143,13,2233,1119,1114
48143,14,1935,917,1018
48143,15,1568,750,818
48143,16,1002,472,530
48143,17,751,340,411
48143,18,759,264,495
48145,0,17335,8230,9105
48145,1,1047,520,527
48145,2,1015,517,498
48145,3,974,507,467
48145,4,932,498,434
48145,5,1129,582,547
48145,6,1282,582,700
48145,7,1225,537,688
48145,8,1127,466,661
48145,9,964,406,558
48145,10,1033,463,570
48145,11,1153,537,616
48145,12,1202,557,645
48145,13,1105,566,539
48145,14,985,488,497
48145,15,759,360,399
48145,16,595,284,311
48145,17,419,191,228
48145,18,389,169,220
48147,0,35286,18731,16555
48147,1,1874,1015,859
48147,2,2066,1059,1007
48147,3,2301,1199,1102
48147,4,2097,1094,1003
48147,5,2116,1294,822
48147,6,2376,1402,974
48147,7,2125,1226,899
48147,8,2242,1270,972
48147,9,2109,1141,968
48147,10,2297,1217,1080
48147,11,2299,1248,1051
48147,12,2521,1261,1260
48147,13,2331,1197,1134
48147,14,2030,999,1031
48147,15,1721,846,875
48147,16,1217,553,664
48147,17,853,415,438
48147,18,711,295,416
48149,0,25349,12456,12893
48149,1,1270,623,647
48149,2,1390,680,710
48149,3,1559,826,733
48149,4,1395,678,717
48149,5,1291,665,626
48149,6,1240,623,617
48149,7,1185,560,625
48149,8,1390,690,700
48149,9,1268,641,627
48149,10,1340,696,644
48149,11,1515,737,778
48149,12,2015,965,1050
48149,13,2060,1047,1013
48149,14,1919,946,973
48149,15,1579,791,788
48149,16,1216,585,631
48149,17,823,391,432
48149,18,894,312,582
48151,0,3839,1903,1936
48151,1,211,115,96
48151,2,235,101,134
48151,3,246,124,122
48151,4,202,114,88
48151,5,186,95,91
48151,6,215,109,106
48151,7,211,105,106
48151,8,189,100,89
48151,9,183,89,94
48151,10,220,108,112
48151,11,229,123,106
48151,12,276,146,130
48151,13,293,145,148
48151,14,276,128,148
48151,15,201,115,86
48151,16,170,63,107
48151,17,159,69,90
48151,18,137,54,83
48153,0,5837,2942,2895
48153,1,378,193,185
48153,2,450,225,225
48153,3,482,261,221
48153,4,419,232,187
48153,5,360,178,182
48153,6,360,185,175
48153,7,289,156,133
48153,8,352,171,181
48153,9,303,153,150
48153,10,336,175,161
48153,11,317,162,155
48153,12,367,167,200
48153,13,332,179,153
48153,14,308,151,157
48153,15,242,113,129
48153,16,232,100,132
48153,17,148,65,83
48153,18,162,76,86
48155,0,1200,583,617
48155,1,45,24,21
48155,2,77,32,45
48155,3,70,40,30
48155,4,75,37,38
48155,5,63,27,36
48155,6,50,25,25
48155,7,59,27,32
48155,8,57,30,27
48155,9,47,20,27
48155,10,69,34,35
48155,11,97,51,46
48155,12,97,55,42
48155,13,78,38,40
48155,14,79,45,34
48155,15,73,27,46
48155,16,68,37,31
48155,17,49,17,32
48155,18,47,17,30
48157,0,787858,386599,401259
48157,1,54653,27615,27038
48157,2,60354,31056,29298
48157,3,63286,32274,31012
48157,4,58250,29695,28555
48157,5,45005,22794,22211
48157,6,44605,21948,22657
48157,7,50284,23614,26670
48157,8,60224,28642,31582
48157,9,60045,29033,31012
48157,10,59787,29297,30490
48157,11,50884,25144,25740
48157,12,49016,24004,25012
48157,13,44337,21521,22816
48157,14,34339,16354,17985
48157,15,23511,11091,12420
48157,16,13780,6397,7383
48157,17,7889,3366,4523
48157,18,7609,2754,4855
48159,0,10766,5350,5416
48159,1,579,298,281
48159,2,667,334,333
48159,3,808,409,399
48159,4,695,353,342
48159,5,527,265,262
48159,6,552,293,259
48159,7,617,298,319
48159,8,587,287,300
48159,9,541,273,268
48159,10,622,326,296
48159,11,677,319,358
48159,12,805,416,389
48159,13,737,376,361
48159,14,703,338,365
48159,15,629,294,335
48159,16,454,221,233
48159,17,292,144,148
48159,18,274,106,168
48161,0,19808,10281,9527
48161,1,1139,546,593
48161,2,1220,611,609
48161,3,1319,689,630
48161,4,1306,686,620
48161,5,907,472,435
48161,6,1036,580,456
48161,7,1168,643,525
48161,8,1287,732,555
48161,9,1344,783,561
48161,10,1326,759,567
48161,11,1195,638,557
48161,12,1294,695,599
48161,13,1329,647,682
48161,14,1225,594,631
48161,15,999,466,533
48161,16,727,349,378
48161,17,499,225,274
48161,18,488,166,322
48163,0,19816,11753,8063
48163,1,1263,620,643
48163,2,1282,657,625
48163,3,1238,646,592
48163,4,1451,800,651
48163,5,2008,1491,517
48163,6,2058,1537,521
48163,7,1693,1220,473
48163,8,1394,917,477
48163,9,1129,681,448
48163,10,1040,602,438
48163,11,1063,575,488
48163,12,928,489,439
48163,13,834,421,413
48163,14,777,374,403
48163,15,658,315,343
48163,16,419,190,229
48163,17,311,130,181
48163,18,270,88,182
48165,0,20901,10598,10303
48165,1,2163,1081,1082
48165,2,2069,1064,1005
48165,3,2090,1004,1086
48165,4,1781,889,892
48165,5,1352,693,659
48165,6,1442,764,678
48165,7,1444,777,667
48165,8,1281,663,618
48165,9,1222,617,605
48165,10,1073,540,533
48165,11,1092,571,521
48165,12,1177,595,582
48165,13,862,469,393
48165,14,615,299,316
48165,15,441,225,216
48165,16,302,133,169
48165,17,279,126,153
48165,18,216,88,128
48167,0,337890,166132,171758
48167,1,21536,10960,10576
48167,2,22521,11489,11032
48167,3,23749,12140,11609
48167,4,22631,11660,10971
48167,5,19759,10104,9655
48167,6,22503,11197,11306
48167,7,22696,11122,11574
48167,8,23214,11388,11826
48167,9,21339,10386,10953
48167,10,22078,10789,11289
48167,11,21817,10546,11271
48167,12,23907,11648,12259
48167,13,21535,10630,10905
48167,14,17265,8271,8994
48167,15,12774,6111,6663
48167,16,8230,3678,4552
48167,17,5259,2190,3069
48167,18,5077,1823,3254
48169,0,6578,4355,2223
48169,1,302,146,156
48169,2,294,157,137
48169,3,310,152,158
48169,4,441,311,130
48169,5,688,572,116
48169,6,848,659,189
48169,7,560,417,143
48169,8,356,246,110
48169,9,400,260,140
48169,10,564,409,155
48169,11,352,220,132
48169,12,470,325,145
48169,13,264,152,112
48169,14,192,76,116
48169,15,178,82,96
48169,16,147,71,76
48169,17,125,68,57
48169,18,87,32,55
48171,0,26804,13054,13750
48171,1,1341,694,647
48171,2,1481,748,733
48171,3,1556,813,743
48171,4,1490,780,710
48171,5,1249,651,598
48171,6,1175,594,581
48171,7,1183,594,589
48171,8,1338,654,684
48171,9,1219,573,646
48171,10,1340,639,701
48171,11,1452,702,750
48171,12,1917,905,1012
48171,13,2096,958,1138
48171,14,2195,1029,1166
48171,15,2003,967,1036
48171,16,1566,768,798
48171,17,1064,541,523
48171,18,1139,444,695
48173,0,1388,765,623
48173,1,90,44,46
48173,2,104,62,42
48173,3,101,52,49
48173,4,104,61,43
48173,5,88,52,36
48173,6,83,43,40
48173,7,84,62,22
48173,8,97,46,51
48173,9,88,48,40
48173,10,95,51,44
48173,11,77,42,35
48173,12,88,44,44
48173,13,78,43,35
48173,14,73,41,32
48173,15,47,27,20
48173,16,40,19,21
48173,17,32,18,14
48173,18,19,10,9
48175,0,7584,3756,3828
48175,1,425,214,211
48175,2,409,190,219
48175,3,466,251,215
48175,4,477,245,232
48175,5,377,202,175
48175,6,382,196,186
48175,7,396,195,201
48175,8,412,210,202
48175,9,405,190,215
48175,10,443,225,218
48175,11,465,224,241
48175,12,569,279,290
48175,13,620,303,317
48175,14,571,291,280
48175,15,453,231,222
48175,16,298,133,165
48175,17,201,97,104
48175,18,215,80,135
48177,0,20826,10517,10309
48177,1,1525,763,762
48177,2,1504,815,689
48177,3,1620,856,764
48177,4,1545,792,753
48177,5,1188,652,536
48177,6,1312,671,641
48177,7,1214,599,615
48177,8,1212,624,588
48177,9,1120,556,564
48177,10,1195,563,632
48177,11,1201,617,584
48177,12,1410,705,705
48177,13,1297,667,630
48177,14,1020,527,493
48177,15,872,403,469
48177,16,701,334,367
48177,17,480,216,264
48177,18,410,157,253
48179,0,21895,11615,10280
48179,1,1508,799,709
48179,2,1606,838,768
48179,3,1624,803,821
48179,4,1373,710,663
48179,5,1194,646,548
48179,6,1481,855,626
48179,7,1433,793,640
48179,8,1500,850,650
48179,9,1357,801,556
48179,10,1388,831,557
48179,11,1267,743,524
48179,12,1386,721,665
48179,13,1227,614,613
48179,14,1050,529,521
48179,15,841,393,448
48179,16,693,299,394
48179,17,470,190,280
48179,18,497,200,297
48181,0,133991,65368,68623
48181,1,8595,4337,4258
48181,2,8796,4580,4216
48181,3,9168,4675,4493
48181,4,8737,4440,4297
48181,5,7837,3961,3876
48181,6,8624,4278,4346
48181,7,7984,3889,4095
48181,8,8182,3991,4191
48181,9,7398,3643,3755
48181,10,8124,3969,4155
48181,11,8362,4056,4306
48181,12,9427,4558,4869
48181,13,9140,4357,4783
48181,14,7501,3549,3952
48181,15,6334,2982,3352
48181,16,4293,1975,2318
48181,17,2786,1174,1612
48181,18,2703,954,1749
48183,0,123707,60112,63595
48183,1,8835,4568,4267
48183,2,9031,4567,4464
48183,3,8979,4612,4367
48183,4,8377,4407,3970
48183,5,8295,4200,4095
48183,6,8872,4341,4531
48183,7,8132,4013,4119
48183,8,7931,3949,3982
48183,9,6933,3436,3497
48183,10,7213,3371,3842
48183,11,6937,3326,3611
48183,12,7752,3684,4068
48183,13,7404,3563,3841
48183,14,5946,2768,3178
48183,15,4654,2056,2598
48183,16,3399,1426,1973
48183,17,2436,939,1497
48183,18,2581,886,1695
48185,0,28360,15432,12928
48185,1,1698,835,863
48185,2,1667,884,783
48185,3,1837,963,874
48185,4,1781,913,868
48185,5,1621,985,636
48185,6,1885,1152,733
48185,7,1774,1019,755
48185,8,1744,1003,741
48185,9,1683,967,716
48185,10,1797,1062,735
48185,11,1898,1054,844
48185,12,2062,1114,948
48185,13,1984,1055,929
48185,14,1670,882,788
48185,15,1357,690,667
48185,16,868,442,426
48185,17,522,230,292
48185,18,512,182,330
48187,0,163694,81018,82676
48187,1,10259,5209,5050
48187,2,11448,5875,5573
48187,3,11906,6092,5814
48187,4,11959,6082,5877
48187,5,9969,5146,4823
48187,6,9976,4977,4999
48187,7,11169,5600,5569
48187,8,12223,6154,6069
48187,9,11177,5564,5613
48187,10,11175,5544,5631
48187,11,10628,5315,5313
48187,12,10380,5014,5366
48187,13,8814,4161,4653
48187,14,7491,3548,3943
48187,15,6060,2869,3191
48187,16,4045,1839,2206
48187,17,2619,1113,1506
48187,18,2396,916,1480
48189,0,33830,17658,16172
48189,1,2258,1177,1081
48189,2,2677,1304,1373
48189,3,2674,1370,1304
48189,4,2670,1377,1293
48189,5,2723,1612,1111
48189,6,2450,1412,1038
48189,7,2281,1286,995
48189,8,2178,1178,1000
48189,9,1817,955,862
48189,10,1919,1025,894
48189,11,1924,999,925
48189,12,1931,982,949
48189,13,1783,879,904
48189,14,1377,683,694
48189,15,1097,517,580
48189,16,875,394,481
48189,17,598,257,341
48189,18,598,251,347
48191,0,3028,1499,1529
48191,1,143,74,69
48191,2,200,88,112
48191,3,205,111,94
48191,4,229,126,103
48191,5,166,86,80
48191,6,168,91,77
48191,7,134,70,64
48191,8,167,82,85
48191,9,142,55,87
48191,10,161,70,91
48191,11,179,98,81
48191,12,220,112,108
48191,13,213,106,107
48191,14,184,83,101
48191,15,173,86,87
48191,16,143,65,78
48191,17,105,50,55
48191,18,96,46,50
48193,0,8484,4218,4266
48193,1,514,260,254
48193,2,534,281,253
48193,3,493,264,229
48193,4,499,261,238
48193,5,393,217,176
48193,6,489,240,249
48193,7,453,242,211
48193,8,421,226,195
48193,9,419,205,214
48193,10,445,212,233
48193,11,471,243,228
48193,12,632,307,325
48193,13,609,302,307
48193,14,571,281,290
48193,15,493,226,267
48193,16,432,213,219
48193,17,289,134,155
48193,18,327,104,223
48195,0,5463,2785,2678
48195,1,416,223,193
48195,2,404,221,183
48195,3,495,269,226
48195,4,441,229,212
48195,5,313,150,163
48195,6,383,194,189
48195,7,311,173,138
48195,8,293,133,160
48195,9,320,160,160
48195,10,309,165,144
48195,11,329,175,154
48195,12,343,186,157
48195,13,299,155,144
48195,14,244,129,115
48195,15,183,84,99
48195,16,149,67,82
48195,17,116,40,76
48195,18,115,32,83
48197,0,3922,1984,1938
48197,1,200,116,84
48197,2,228,117,111
48197,3,262,144,118
48197,4,239,125,114
48197,5,202,116,86
48197,6,197,94,103
48197,7,210,116,94
48197,8,244,122,122
48197,9,223,106,117
48197,10,257,135,122
48197,11,240,118,122
48197,12,247,123,124
48197,13,291,145,146
48197,14,269,138,131
48197,15,214,80,134
48197,16,174,91,83
48197,17,108,53,55
48197,18,117,45,72
48199,0,57207,28188,29019
48199,1,3725,1917,1808
48199,2,3919,2035,1884
48199,3,4044,2085,1959
48199,4,3613,1859,1754
48199,5,3062,1587,1475
48199,6,3645,1831,1814
48199,7,3554,1729,1825
48199,8,3782,1902,1880
48199,9,3344,1602,1742
48199,10,3610,1797,1813
48199,11,3580,1758,1822
48199,12,3986,1972,2014
48199,13,3815,1866,1949
48199,14,3102,1477,1625
48199,15,2486,1150,1336
48199,16,1759,769,990
48199,17,1112,455,657
48199,18,1069,397,672
48201,0,4698619,2333866,2364753
48201,1,354882,180819,174063
48201,2,347924,176270,171654
48201,3,347033,177043,169990
48201,4,322735,165763,156972
48201,5,315119,159372,155747
48201,6,383316,192775,190541
48201,7,373203,189332,183871
48201,8,354961,179746,175215
48201,9,316139,158759,157380
48201,10,307728,152681,155047
48201,11,276851,136998,139853
48201,12,268462,131507,136955
48201,13,236002,114037,121965
48201,14,180600,84360,96240
48201,15,128764,59216,69548
48201,16,82124,36077,46047
48201,17,51445,20917,30528
48201,18,51331,18194,33137
48203,0,66726,32660,34066
48203,1,4301,2181,2120
48203,2,4651,2366,2285
48203,3,4997,2534,2463
48203,4,4634,2385,2249
48203,5,3997,2038,1959
48203,6,3963,1964,1999
48203,7,4004,1903,2101
48203,8,4185,2021,2164
48203,9,3739,1854,1885
48203,10,4065,2010,2055
48203,11,4009,1892,2117
48203,12,4508,2238,2270
48203,13,4396,2197,2199
48203,14,3703,1736,1967
48203,15,3003,1425,1578
48203,16,1998,939,1059
48203,17,1328,538,790
48203,18,1245,439,806
48205,0,5619,3365,2254
48205,1,301,161,140
48205,2,338,169,169
48205,3,343,175,168
48205,4,327,167,160
48205,5,264,135,129
48205,6,401,264,137
48205,7,410,301,109
48205,8,418,302,116
48205,9,476,344,132
48205,10,491,341,150
48205,11,381,271,110
48205,12,352,195,157
48205,13,263,146,117
48205,14,209,105,104
48205,15,217,102,115
48205,16,197,94,103
48205,17,106,44,62
48205,18,125,49,76
48207,0,5813,3108,2705
48207,1,224,109,115
48207,2,305,154,151
48207,3,318,161,157
48207,4,388,221,167
48207,5,411,264,147
48207,6,402,247,155
48207,7,410,242,168
48207,8,355,222,133
48207,9,310,168,142
48207,10,287,161,126
48207,11,317,159,158
48207,12,415,207,208
48207,13,394,193,201
48207,14,377,196,181
48207,15,323,154,169
48207,16,227,105,122
48207,17,170,82,88
48207,18,180,63,117
48209,0,222631,110756,111875
48209,1,13905,7176,6729
48209,2,14098,7094,7004
48209,3,14687,7514,7173
48209,4,18003,8853,9150
48209,5,27291,13384,13907
48209,6,16432,8669,7763
48209,7,15674,8124,7550
48209,8,16184,8145,8039
48209,9,13931,7095,6836
48209,10,13381,6714,6667
48209,11,11789,5828,5961
48209,12,11901,5824,6077
48209,13,10891,5106,5785
48209,14,9268,4457,4811
48209,15,6787,3220,3567
48209,16,3905,1770,2135
48209,17,2410,1050,1360
48209,18,2094,733,1361
48211,0,3825,1920,1905
48211,1,258,136,122
48211,2,295,169,126
48211,3,384,187,197
48211,4,361,170,191
48211,5,169,82,87
48211,6,183,96,87
48211,7,223,115,108
48211,8,249,120,129
48211,9,278,132,146
48211,10,225,120,105
48211,11,203,106,97
48211,12,243,125,118
48211,13,201,106,95
48211,14,186,89,97
48211,15,149,69,80
48211,16,93,41,52
48211,17,58,22,36
48211,18,67,35,32
48213,0,82299,40249,42050
48213,1,4636,2436,2200
48213,2,4826,2474,2352
48213,3,5143,2639,2504
48213,4,5027,2662,2365
48213,5,4461,2278,2183
48213,6,4657,2350,2307
48213,7,4473,2168,2305
48213,8,4432,2144,2288
48213,9,4245,2074,2171
48213,10,4906,2286,2620
48213,11,5115,2532,2583
48213,12,6108,2908,3200
48213,13,6188,2934,3254
48213,14,5529,2657,2872
48213,15,4806,2255,2551
48213,16,3599,1667,1932
48213,17,2261,1050,1211
48213,18,1887,735,1152
48215,0,865939,424482,441457
48215,1,77329,39621,37708
48215,2,79561,40774,38787
48215,3,77819,39320,38499
48215,4,75972,38224,37748
48215,5,66007,33111,32896
48215,6,62433,31742,30691
48215,7,54118,27183,26935
48215,8,54903,26865,28038
48215,9,54575,26416,28159
48215,10,51492,24426,27066
48215,11,43557,20564,22993
48215,12,38596,18258,20338
48215,13,33552,15383,18169
48215,14,29324,13304,16020
48215,15,24462,11083,13379
48215,16,17600,7849,9751
48215,17,12486,5397,7089
48215,18,12153,4962,7191
48217,0,36354,18114,18240
48217,1,2152,1143,1009
48217,2,2362,1217,1145
48217,3,2456,1241,1215
48217,4,2458,1256,1202
48217,5,2003,1088,915
48217,6,2005,1015,990
48217,7,2098,990,1108
48217,8,2085,1062,1023
48217,9,1850,931,919
48217,10,2097,1034,1063
48217,11,2216,1096,1120
48217,12,2525,1222,1303
48217,13,2505,1229,1276
48217,14,2267,1131,1136
48217,15,1994,990,1004
48217,16,1447,691,756
48217,17,930,455,475
48217,18,904,323,581
48219,0,22980,11458,11522
48219,1,1526,780,746
48219,2,1678,874,804
48219,3,1673,829,844
48219,4,2047,1027,1020
48219,5,1627,875,752
48219,6,1630,862,768
48219,7,1504,769,735
48219,8,1515,787,728
48219,9,1199,602,597
48219,10,1211,555,656
48219,11,1270,611,659
48219,12,1406,673,733
48219,13,1322,674,648
48219,14,1072,537,535
48219,15,826,366,460
48219,16,609,270,339
48219,17,482,207,275
48219,18,383,160,223
48221,0,60537,29601,30936
48221,1,3416,1815,1601
48221,2,3551,1810,1741
48221,3,3749,1896,1853
48221,4,3311,1704,1607
48221,5,2764,1419,1345
48221,6,3194,1580,1614
48221,7,3228,1598,1630
48221,8,3355,1670,1685
48221,9,2945,1450,1495
48221,10,3273,1565,1708
48221,11,3702,1787,1915
48221,12,4437,2135,2302
48221,13,4742,2260,2482
48221,14,4558,2131,2427
48221,15,3992,1915,2077
48221,16,2825,1375,1450
48221,17,1834,864,970
48221,18,1661,627,1034
48223,0,36810,18124,18686
48223,1,2383,1215,1168
48223,2,2442,1269,1173
48223,3,2613,1334,1279
48223,4,2469,1270,1199
48223,5,2158,1105,1053
48223,6,2248,1123,1125
48223,7,2235,1122,1113
48223,8,2058,1019,1039
48223,9,2056,989,1067
48223,10,2281,1111,1170
48223,11,2275,1110,1165
48223,12,2531,1276,1255
48223,13,2341,1146,1195
48223,14,2109,987,1122
48223,15,1716,797,919
48223,16,1284,615,669
48223,17,852,376,476
48223,18,759,260,499
48225,0,23169,12385,10784
48225,1,1214,625,589
48225,2,1281,644,637
48225,3,1365,713,652
48225,4,1164,585,579
48225,5,1108,622,486
48225,6,1398,768,630
48225,7,1311,799,512
48225,8,1515,922,593
48225,9,1457,894,563
48225,10,1513,947,566
48225,11,1554,895,659
48225,12,1591,836,755
48225,13,1599,759,840
48225,14,1478,701,777
48225,15,1290,622,668
48225,16,946,462,484
48225,17,736,333,403
48225,18,649,258,391
48227,0,36459,20966,15493
48227,1,2262,1200,1062
48227,2,2155,1089,1066
48227,3,2117,1080,1037
48227,4,2359,1378,981
48227,5,2432,1534,898
48227,6,2915,1737,1178
48227,7,2961,1842,1119
48227,8,2364,1329,1035
48227,9,2380,1493,887
48227,10,2721,1798,923
48227,11,2838,1957,881
48227,12,2332,1348,984
48227,13,1930,988,942
48227,14,1602,820,782
48227,15,1048,495,553
48227,16,806,346,460
48227,17,625,280,345
48227,18,612,252,360
48229,0,4795,2541,2254
48229,1,287,125,162
48229,2,297,154,143
48229,3,275,139,136
48229,4,262,132,130
48229,5,363,212,151
48229,6,486,268,218
48229,7,464,243,221
48229,8,369,218,151
48229,9,349,217,132
48229,10,235,125,110
48229,11,198,98,100
48229,12,241,120,121
48229,13,232,106,126
48229,14,225,108,117
48229,15,207,118,89
48229,16,145,79,66
48229,17,73,40,33
48229,18,87,39,48
48231,0,96493,47593,48900
48231,1,6224,3176,3048
48231,2,6218,3157,3061
48231,3,6629,3437,3192
48231,4,7024,3518,3506
48231,5,6505,3325,3180
48231,6,6305,3182,3123
48231,7,5796,2807,2989
48231,8,5891,2928,2963
48231,9,5414,2644,2770
48231,10,6076,2986,3090
48231,11,6359,3146,3213
48231,12,6686,3304,3382
48231,13,6084,2997,3087
48231,14,4890,2320,2570
48231,15,4017,1912,2105
48231,16,2865,1316,1549
48231,17,1902,825,1077
48231,18,1608,613,995
48233,0,21198,10663,10535
48233,1,1435,737,698
48233,2,1486,745,741
48233,3,1552,758,794
48233,4,1499,756,743
48233,5,1198,604,594
48233,6,1335,711,624
48233,7,1305,660,645
48233,8,1346,687,659
48233,9,1325,665,660
48233,10,1257,636,621
48233,11,1109,576,533
48233,12,1424,719,705
48233,13,1420,735,685
48233,14,1170,583,587
48233,15,845,413,432
48233,16,607,303,304
48233,17,434,183,251
48233,18,451,192,259
48235,0,1522,781,741
48235,1,84,35,49
48235,2,94,50,44
48235,3,95,46,49
48235,4,93,55,38
48235,5,74,40,34
48235,6,92,55,37
48235,7,95,50,45
48235,8,67,37,30
48235,9,80,45,35
48235,10,95,47,48
48235,11,86,47,39
48235,12,124,68,56
48235,13,116,45,71
48235,14,95,50,45
48235,15,87,43,44
48235,16,76,38,38
48235,17,28,14,14
48235,18,41,16,25
48237,0,8843,4988,3855
48237,1,484,256,228
48237,2,555,264,291
48237,3,544,302,242
48237,4,583,323,260
48237,5,601,403,198
48237,6,649,448,201
48237,7,585,369,216
48237,8,545,339,206
48237,9,516,276,240
48237,10,555,329,226
48237,11,606,357,249
48237,12,602,329,273
48237,13,504,266,238
48237,14,472,240,232
48237,15,410,191,219
48237,16,284,140,144
48237,17,206,95,111
48237,18,142,61,81
48239,0,14874,7400,7474
48239,1,1022,493,529
48239,2,1015,495,520
48239,3,1113,538,575
48239,4,992,541,451
48239,5,799,403,396
48239,6,912,450,462
48239,7,943,528,415
48239,8,989,487,502
48239,9,782,391,391
48239,10,825,425,400
48239,11,849,421,428
48239,12,948,491,457
48239,13,1000,486,514
48239,14,832,438,394
48239,15,597,291,306
48239,16,517,236,281
48239,17,362,149,213
48239,18,377,137,240
48241,0,35872,17762,18110
48241,1,2209,1071,1138
48241,2,2411,1235,1176
48241,3,2521,1306,1215
48241,4,2205,1176,1029
48241,5,1949,1016,933
48241,6,2157,1125,1032
48241,7,1980,969,1011
48241,8,2106,1091,1015
48241,9,1855,920,935
48241,10,2111,1019,1092
48241,11,2263,1130,1133
48241,12,2587,1277,1310
48241,13,2497,1198,1299
48241,14,2234,1047,1187
48241,15,1842,871,971
48241,16,1397,659,738
48241,17,847,377,470
48241,18,701,275,426
48243,0,2252,1154,1098
48243,1,35,17,18
48243,2,27,14,13
48243,3,29,13,16
48243,4,109,72,37
48243,5,78,41,37
48243,6,101,57,44
48243,7,112,55,57
48243,8,94,50,44
48243,9,112,53,59
48243,10,150,69,81
48243,11,137,68,69
48243,12,213,107,106
48243,13,270,137,133
48243,14,257,128,129
48243,15,225,126,99
48243,16,145,80,65
48243,17,69,39,30
48243,18,89,28,61
48245,0,255001,130778,124223
48245,1,17728,9170,8558
48245,2,16978,8717,8261
48245,3,16836,8501,8335
48245,4,16438,8379,8059
48245,5,17382,9171,8211
48245,6,19233,10560,8673
48245,7,18184,10114,8070
48245,8,17497,9668,7829
48245,9,15300,8289,7011
48245,10,15260,8139,7121
48245,11,15163,7852,7311
48245,12,16791,8513,8278
48245,13,15402,7482,7920
48245,14,12039,5781,6258
48245,15,9001,4167,4834
48245,16,6236,2630,3606
48245,17,4536,1851,2685
48245,18,4997,1794,3203
48247,0,5248,2694,2554
48247,1,423,223,200
48247,2,418,208,210
48247,3,493,266,227
48247,4,427,259,168
48247,5,287,141,146
48247,6,280,154,126
48247,7,322,176,146
48247,8,301,167,134
48247,9,320,169,151
48247,10,236,116,120
48247,11,286,150,136
48247,12,289,143,146
48247,13,243,123,120
48247,14,271,113,158
48247,15,258,126,132
48247,16,185,79,106
48247,17,130,53,77
48247,18,79,28,51
48249,0,40822,20244,20578
48249,1,3068,1545,1523
48249,2,3158,1612,1546
48249,3,3317,1745,1572
48249,4,2971,1580,1391
48249,5,2582,1336,1246
48249,6,2763,1389,1374
48249,7,2579,1305,1274
48249,8,2666,1370,1296
48249,9,2258,1103,1155
48249,10,2313,1121,1192
48249,11,2269,1064,1205
48249,12,2404,1156,1248
48249,13,2208,1050,1158
48249,14,1994,1001,993
48249,15,1636,776,860
48249,16,1064,472,592
48249,17,815,351,464
48249,18,757,268,489
48251,0,171361,85449,85912
48251,1,11436,5894,5542
48251,2,12281,6386,5895
48251,3,13164,6766,6398
48251,4,11900,6086,5814
48251,5,10386,5334,5052
48251,6,11154,5670,5484
48251,7,11287,5650,5637
48251,8,11559,5825,5734
48251,9,10503,5222,5281
48251,10,11228,5627,5601
48251,11,10956,5564,5392
48251,12,11302,5658,5644
48251,13,9986,4875,5111
48251,14,8053,3745,4308
48251,15,6714,3071,3643
48251,16,4412,2021,2391
48251,17,2874,1255,1619
48251,18,2166,800,1366
48253,0,19817,12433,7384
48253,1,869,412,457
48253,2,931,488,443
48253,3,993,521,472
48253,4,1036,575,461
48253,5,1538,1163,375
48253,6,1724,1339,385
48253,7,1652,1234,418
48253,8,1545,1149,396
48253,9,1408,1025,383
48253,10,1441,982,459
48253,11,1227,789,438
48253,12,1244,692,552
48253,13,1118,583,535
48253,14,934,483,451
48253,15,807,395,412
48253,16,568,263,305
48253,17,407,180,227
48253,18,375,160,215
48255,0,15650,9209,6441
48255,1,941,485,456
48255,2,898,457,441
48255,3,948,503,445
48255,4,946,491,455
48255,5,1253,873,380
48255,6,1492,1075,417
48255,7,1334,938,396
48255,8,1196,807,389
48255,9,997,648,349
48255,10,901,579,322
48255,11,799,431,368
48255,12,883,504,379
48255,13,857,438,419
48255,14,658,318,340
48255,15,524,241,283
48255,16,372,177,195
48255,17,330,126,204
48255,18,321,118,203
48257,0,128622,63360,65262
48257,1,9470,4870,4600
48257,2,9764,4889,4875
48257,3,10359,5214,5145
48257,4,9208,4796,4412
48257,5,7165,3642,3523
48257,6,8249,3935,4314
48257,7,9296,4533,4763
48257,8,9443,4649,4794
48257,9,8706,4330,4376
48257,10,8610,4217,4393
48257,11,7981,3890,4091
48257,12,7921,3970,3951
48257,13,7083,3462,3621
48257,14,5451,2609,2842
48257,15,4054,1874,2180
48257,16,2784,1285,1499
48257,17,1649,714,935
48257,18,1429,481,948
48259,0,45641,22350,23291
48259,1,2319,1186,1133
48259,2,2833,1376,1457
48259,3,3282,1681,1601
48259,4,3186,1648,1538
48259,5,2430,1265,1165
48259,6,2119,1054,1065
48259,7,2412,1198,1214
48259,8,2713,1326,1387
48259,9,2977,1486,1491
48259,10,3079,1531,1548
48259,11,3070,1486,1584
48259,12,3335,1593,1742
48259,13,3183,1530,1653
48259,14,2766,1332,1434
48259,15,2295,1119,1176
48259,16,1582,738,844
48259,17,985,446,539
48259,18,1075,355,720
48261,0,442,228,214
48261,1,17,11,6
48261,2,37,21,16
48261,3,39,21,18
48261,4,49,30,19
48261,5,23,11,12
48261,6,18,5,13
48261,7,32,17,15
48261,8,27,12,15
48261,9,17,8,9
48261,10,30,13,17
48261,11,28,13,15
48261,12,24,15,9
48261,13,32,17,15
48261,14,11,9,2
48261,15,27,12,15
48261,16,11,7,4
48261,17,7,3,4
48261,18,13,3,10
48263,0,726,361,365
48263,1,37,21,16
48263,2,42,27,15
48263,3,49,27,22
48263,4,41,21,20
48263,5,25,11,14
48263,6,21,12,9
48263,7,38,26,12
48263,8,44,20,24
48263,9,23,11,12
48263,10,42,25,17
48263,11,49,24,25
48263,12,52,27,25
48263,13,66,39,27
48263,14,40,20,20
48263,15,50,19,31
48263,16,43,16,27
48263,17,34,8,26
48263,18,30,7,23
48265,0,52405,25219,27186
48265,1,2734,1351,1383
48265,2,2655,1312,1343
48265,3,2896,1506,1390
48265,4,3128,1598,1530
48265,5,2847,1465,1382
48265,6,2861,1394,1467
48265,7,2672,1307,1365
48265,8,2465,1185,1280
48265,9,2337,1172,1165
48265,10,2667,1227,1440
48265,11,3046,1461,1585
48265,12,3717,1710,2007
48265,13,3864,1825,2039
48265,14,4009,1872,2137
48265,15,3797,1768,2029
48265,16,2850,1351,1499
48265,17,1953,911,1042
48265,18,1907,804,1103
48267,0,4362,2134,2228
48267,1,190,92,98
48267,2,189,109,80
48267,3,237,118,119
48267,4,239,121,118
48267,5,198,88,110
48267,6,187,104,83
48267,7,210,120,90
48267,8,212,102,110
48267,9,199,88,111
48267,10,248,111,137
48267,11,248,129,119
48267,12,337,155,182
48267,13,388,199,189
48267,14,363,170,193
48267,15,355,167,188
48267,16,251,125,126
48267,17,173,87,86
48267,18,138,49,89
48269,0,277,140,137
48269,1,13,11,2
48269,2,24,10,14
48269,3,26,10,16
48269,4,11,2,9
48269,5,11,7,4
48269,6,17,9,8
48269,7,14,6,8
48269,8,23,12,11
48269,9,7,6,1
48269,10,19,12,7
48269,11,22,9,13
48269,12,17,7,10
48269,13,24,15,9
48269,14,14,8,6
48269,15,9,5,4
48269,16,8,5,3
48269,17,13,2,11
48269,18,5,4,1
48271,0,3767,2074,1693
48271,1,152,78,74
48271,2,194,96,98
48271,3,229,138,91
48271,4,221,126,95
48271,5,260,164,96
48271,6,240,164,76
48271,7,225,160,65
48271,8,235,143,92
48271,9,249,126,123
48271,10,211,110,101
48271,11,212,116,96
48271,12,183,86,97
48271,13,252,130,122
48271,14,216,105,111
48271,15,223,112,111
48271,16,194,90,104
48271,17,156,64,92
48271,18,115,66,49
48273,0,31129,15939,15190
48273,1,2116,1103,1013
48273,2,2048,1036,1012
48273,3,2046,1054,992
48273,4,2935,1553,1382
48273,5,4723,2472,2251
48273,6,2473,1406,1067
48273,7,1919,1067,852
48273,8,1820,979,841
48273,9,1406,705,701
48273,10,1515,760,755
48273,11,1371,658,713
48273,12,1337,675,662
48273,13,1391,657,734
48273,14,1150,548,602
48273,15,1099,502,597
48273,16,748,351,397
48273,17,528,218,310
48273,18,504,195,309
48275,0,3653,1809,1844
48275,1,256,136,120
48275,2,297,149,148
48275,3,258,122,136
48275,4,240,128,112
48275,5,178,99,79
48275,6,229,95,134
48275,7,214,115,99
48275,8,189,91,98
48275,9,190,114,76
48275,10,170,75,95
48275,11,218,111,107
48275,12,233,126,107
48275,13,255,143,112
48275,14,208,107,101
48275,15,186,88,98
48275,16,122,46,76
48275,17,114,34,80
48275,18,96,30,66
48277,0,49728,23970,25758
48277,1,3352,1731,1621
48277,2,3244,1687,1557
48277,3,3220,1630,1590
48277,4,3179,1623,1556
48277,5,2796,1383,1413
48277,6,3345,1635,1710
48277,7,2847,1408,1439
48277,8,2781,1303,1478
48277,9,2684,1289,1395
48277,10,3055,1440,1615
48277,11,3171,1550,1621
48277,12,3363,1604,1759
48277,13,3144,1514,1630
48277,14,2877,1327,1550
48277,15,2516,1182,1334
48277,16,1842,812,1030
48277,17,1155,473,682
48277,18,1157,379,778
48279,0,13158,6523,6635
48279,1,972,475,497
48279,2,1058,549,509
48279,3,1028,526,502
48279,4,978,485,493
48279,5,760,414,346
48279,6,789,409,380
48279,7,767,382,385
48279,8,799,401,398
48279,9,730,360,370
48279,10,646,325,321
48279,11,776,386,390
48279,12,834,398,436
48279,13,805,419,386
48279,14,644,316,328
48279,15,471,223,248
48279,16,417,186,231
48279,17,365,157,208
48279,18,319,112,207
48281,0,21229,10461,10768
48281,1,1152,584,568
48281,2,1291,643,648
48281,3,1369,671,698
48281,4,1382,713,669
48281,5,1056,556,500
48281,6,1082,562,520
48281,7,1132,565,567
48281,8,1276,637,639
48281,9,1287,637,650
48281,10,1350,673,677
48281,11,1571,791,780
48281,12,1592,818,774
48281,13,1524,718,806
48281,14,1296,590,706
48281,15,1132,542,590
48281,16,770,351,419
48281,17,496,218,278
48281,18,471,192,279
48283,0,7531,4457,3074
48283,1,418,230,188
48283,2,416,222,194
48283,3,397,215,182
48283,4,459,249,210
48283,5,1077,857,220
48283,6,858,634,224
48283,7,518,291,227
48283,8,454,271,183
48283,9,470,282,188
48283,10,411,227,184
48283,11,411,210,201
48283,12,321,164,157
48283,13,288,127,161
48283,14,298,146,152
48283,15,293,131,162
48283,16,190,94,96
48283,17,139,58,81
48283,18,113,49,64
48285,0,20110,9822,10288
48285,1,1196,606,590
48285,2,1254,624,630
48285,3,1486,757,729
48285,4,1268,638,630
48285,5,1030,538,492
48285,6,1053,536,517
48285,7,996,474,522
48285,8,1095,527,568
48285,9,975,495,480
48285,10,1104,537,567
48285,11,1181,626,555
48285,12,1401,720,681
48285,13,1388,630,758
48285,14,1431,711,720
48285,15,1109,510,599
48285,16,803,380,423
48285,17,612,267,345
48285,18,728,246,482
48287,0,17144,8609,8535
48287,1,990,489,501
48287,2,1009,515,494
48287,3,1032,486,546
48287,4,1151,721,430
48287,5,929,487,442
48287,6,982,489,493
48287,7,1002,491,511
48287,8,1061,549,512
48287,9,984,476,508
48287,10,1010,497,513
48287,11,1104,529,575
48287,12,1379,694,685
48287,13,1341,682,659
48287,14,1010,514,496
48287,15,783,398,385
48287,16,618,290,328
48287,17,409,171,238
48287,18,350,131,219
48289,0,17270,8587,8683
48289,1,1055,587,468
48289,2,1079,541,538
48289,3,1084,572,512
48289,4,1028,513,515
48289,5,807,429,378
48289,6,846,417,429
48289,7,811,402,409
48289,8,907,439,468
48289,9,920,462,458
48289,10,894,462,432
48289,11,988,477,511
48289,12,1281,632,649
48289,13,1344,657,687
48289,14,1248,606,642
48289,15,1128,537,591
48289,16,884,428,456
48289,17,519,250,269
48289,18,447,176,271
48291,0,86323,42794,43529
48291,1,6223,3183,3040
48291,2,6473,3337,3136
48291,3,6418,3302,3116
48291,4,5891,2979,2912
48291,5,5645,2869,2776
48291,6,6414,3184,3230
48291,7,5880,2888,2992
48291,8,5560,2706,2854
48291,9,5315,2496,2819
48291,10,5723,2799,2924
48291,11,5340,2734,2606
48291,12,5576,2791,2785
48291,13,4813,2391,2422
48291,14,3999,1964,2035
48291,15,3004,1454,1550
48291,16,1965,901,1064
48291,17,1083,456,627
48291,18,1001,360,641
48293,0,23519,12143,11376
48293,1,1475,741,734
48293,2,1451,742,709
48293,3,1408,725,683
48293,4,1517,869,648
48293,5,1415,831,584
48293,6,1554,888,666
48293,7,1428,810,618
48293,8,1396,768,628
48293,9,1331,706,625
48293,10,1327,670,657
48293,11,1381,691,690
48293,12,1613,792,821
48293,13,1642,800,842
48293,14,1443,673,770
48293,15,1230,609,621
48293,16,835,378,457
48293,17,508,225,283
48293,18,565,225,340
48295,0,3355,1734,1621
48295,1,199,109,90
48295,2,237,112,125
48295,3,273,139,134
48295,4,232,123,109
48295,5,176,93,83
48295,6,175,100,75
48295,7,231,133,98
48295,8,248,159,89
48295,9,161,67,94
48295,10,160,87,73
48295,11,191,97,94
48295,12,244,122,122
48295,13,220,107,113
48295,14,203,114,89
48295,15,116,57,59
48295,16,112,45,67
48295,17,83,38,45
48295,18,94,32,62
48297,0,12166,6667,5499
48297,1,656,338,318
48297,2,675,348,327
48297,3,666,354,312
48297,4,670,346,324
48297,5,673,405,268
48297,6,852,531,321
48297,7,890,599,291
48297,8,812,510,302
48297,9,703,416,287
48297,10,642,363,279
48297,11,700,366,334
48297,12,908,469,439
48297,13,814,398,416
48297,14,733,364,369
48297,15,643,318,325
48297,16,490,268,222
48297,17,338,162,176
48297,18,301,112,189
48299,0,21646,10482,11164
48299,1,953,501,452
48299,2,830,423,407
48299,3,973,500,473
48299,4,914,470,444
48299,5,831,418,413
48299,6,883,443,440
48299,7,815,410,405
48299,8,858,447,411
48299,9,810,389,421
48299,10,1065,506,559
48299,11,1210,560,650
48299,12,1646,768,878
48299,13,2040,939,1101
48299,14,2238,1041,1197
48299,15,2041,978,1063
48299,16,1512,766,746
48299,17,1077,531,546
48299,18,950,392,558
48301,0,152,85,67
48301,1,11,7,4
48301,2,17,8,9
48301,3,11,6,5
48301,4,17,9,8
48301,5,10,6,4
48301,6,14,9,5
48301,7,13,5,8
48301,8,13,6,7
48301,9,2,1,1
48301,10,2,1,1
48301,11,7,4,3
48301,12,7,4,3
48301,13,13,10,3
48301,14,7,4,3
48301,15,5,4,1
48301,16,3,1,2
48301,17,0,0,0
48301,18,0,0,0
48303,0,307412,151464,155948
48303,1,20651,10503,10148
48303,2,20199,10388,9811
48303,3,20547,10326,10221
48303,4,25551,12781,12770
48303,5,37729,19519,18210
48303,6,24809,12704,12105
48303,7,20446,10334,10112
48303,8,19975,10016,9959
48303,9,16452,8107,8345
48303,10,15588,7469,8119
48303,11,15208,7376,7832
48303,12,16411,7887,8524
48303,13,15646,7378,8268
48303,14,12387,5815,6572
48303,15,9512,4340,5172
48303,16,6705,2846,3859
48303,17,4878,2010,2868
48303,18,4718,1665,3053
48305,0,5877,2997,2880
48305,1,412,209,203
48305,2,440,226,214
48305,3,481,246,235
48305,4,394,211,183
48305,5,303,152,151
48305,6,356,202,154
48305,7,358,192,166
48305,8,368,184,184
48305,9,349,184,165
48305,10,269,131,138
48305,11,385,183,202
48305,12,404,213,191
48305,13,368,197,171
48305,14,273,147,126
48305,15,236,115,121
48305,16,201,86,115
48305,17,170,74,96
48305,18,110,45,65
48307,0,7987,4012,3975
48307,1,422,213,209
48307,2,522,311,211
48307,3,508,258,250
48307,4,521,282,239
48307,5,445,226,219
48307,6,451,233,218
48307,7,418,225,193
48307,8,424,219,205
48307,9,450,233,217
48307,10,407,199,208
48307,11,514,241,273
48307,12,514,254,260
48307,13,613,283,330
48307,14,514,251,263
48307,15,493,243,250
48307,16,324,152,172
48307,17,219,94,125
48307,18,228,95,133
48309,0,254607,124464,130143
48309,1,17733,9032,8701
48309,2,17297,8941,8356
48309,3,17215,8872,8343
48309,4,20949,10558,10391
48309,5,26179,13193,12986
48309,6,17682,8912,8770
48309,7,15931,7877,8054
48309,8,15556,7537,8019
48309,9,13606,6689,6917
48309,10,13703,6692,7011
48309,11,13581,6395,7186
48309,12,14729,7187,7542
48309,13,13831,6590,7241
48309,14,11748,5511,6237
48309,15,9047,4091,4956
48309,16,6282,2780,3502
48309,17,4573,1898,2675
48309,18,4965,1709,3256
48311,0,749,411,338
48311,1,33,15,18
48311,2,36,19,17
48311,3,47,26,21
48311,4,38,19,19
48311,5,40,27,13
48311,6,56,41,15
48311,7,39,19,20
48311,8,35,15,20
48311,9,32,18,14
48311,10,51,29,22
48311,11,58,33,25
48311,12,44,19,25
48311,13,60,34,26
48311,14,40,24,16
48311,15,43,22,21
48311,16,36,24,12
48311,17,32,12,20
48311,18,29,15,14
48313,0,14422,8283,6139
48313,1,780,387,393
48313,2,861,416,445
48313,3,869,437,432
48313,4,924,510,414
48313,5,1280,916,364
48313,6,1398,1006,392
48313,7,1172,833,339
48313,8,978,629,349
48313,9,865,539,326
48313,10,794,440,354
48313,11,755,384,371
48313,12,738,352,386
48313,13,757,390,367
48313,14,682,316,366
48313,15,557,281,276
48313,16,451,216,235
48313,17,286,129,157
48313,18,275,102,173
48315,0,9928,4842,5086
48315,1,447,231,216
48315,2,505,233,272
48315,3,521,271,250
48315,4,497,260,237
48315,5,437,235,202
48315,6,451,242,209
48315,7,478,230,248
48315,8,499,227,272
48315,9,476,246,230
48315,10,563,257,306
48315,11,696,322,374
48315,12,893,413,480
48315,13,847,408,439
48315,14,812,403,409
48315,15,709,340,369
48315,16,537,265,272
48315,17,305,151,154
48315,18,255,108,147
48317,0,5753,2911,2842
48317,1,508,261,247
48317,2,521,269,252
48317,3,487,254,233
48317,4,432,203,229
48317,5,323,163,160
48317,6,377,191,186
48317,7,438,223,215
48317,8,359,195,164
48317,9,295,164,131
48317,10,359,186,173
48317,11,332,161,171
48317,12,355,179,176
48317,13,319,156,163
48317,14,194,97,97
48317,15,185,86,99
48317,16,108,46,62
48317,17,85,43,42
48317,18,76,34,42
48319,0,4280,2143,2137
48319,1,246,143,103
48319,2,218,110,108
48319,3,273,150,123
48319,4,253,125,128
48319,5,185,92,93
48319,6,177,101,76
48319,7,190,106,84
48319,8,223,101,122
48319,9,193,89,104
48319,10,214,95,119
48319,11,261,129,132
48319,12,299,169,130
48319,13,328,162,166
48319,14,333,152,181
48319,15,330,162,168
48319,16,258,123,135
48319,17,172,78,94
48319,18,127,56,71
48321,0,36552,18415,18137
48321,1,2623,1364,1259
48321,2,2587,1297,1290
48321,3,2614,1326,1288
48321,4,2359,1235,1124
48321,5,2161,1146,1015
48321,6,2383,1249,1134
48321,7,2228,1125,1103
48321,8,2262,1199,1063
48321,9,1894,933,961
48321,10,1969,933,1036
48321,11,2184,1095,1089
48321,12,2615,1279,1336
48321,13,2452,1279,1173
48321,14,2122,1099,1023
48321,15,1542,745,797
48321,16,1091,529,562
48321,17,762,351,411
48321,18,704,231,473
48323,0,58485,29178,29307
48323,1,5396,2716,2680
48323,2,4861,2461,2400
48323,3,4859,2443,2416
48323,4,5195,2670,2525
48323,5,4786,2673,2113
48323,6,4338,2343,1995
48323,7,3657,1979,1678
48323,8,3368,1681,1687
48323,9,3365,1636,1729
48323,10,3418,1586,1832
48323,11,3039,1463,1576
48323,12,2750,1300,1450
48323,13,2537,1156,1381
48323,14,2262,1059,1203
48323,15,1732,765,967
48323,16,1232,525,707
48323,17,939,409,530
48323,18,751,313,438
48325,0,50921,26276,24645
48325,1,3065,1535,1530
48325,2,3101,1619,1482
48325,3,3384,1703,1681
48325,4,3690,2001,1689
48325,5,3459,2121,1338
48325,6,3220,1788,1432
48325,7,3062,1637,1425
48325,8,2967,1509,1458
48325,9,2915,1524,1391
48325,10,3377,1729,1648
48325,11,3337,1675,1662
48325,12,3612,1848,1764
48325,13,3243,1576,1667
48325,14,2782,1375,1407
48325,15,2298,1150,1148
48325,16,1451,686,765
48325,17,988,443,545
48325,18,970,357,613
48327,0,2139,1062,1077
48327,1,91,50,41
48327,2,107,54,53
48327,3,120,69,51
48327,4,103,45,58
48327,5,87,49,38
48327,6,103,57,46
48327,7,81,45,36
48327,8,97,41,56
48327,9,87,33,54
48327,10,106,42,64
48327,11,113,59,54
48327,12,183,81,102
48327,13,182,90,92
48327,14,170,83,87
48327,15,181,105,76
48327,16,139,70,69
48327,17,81,37,44
48327,18,108,52,56
48329,0,172578,87103,85475
48329,1,15256,7802,7454
48329,2,14242,7248,6994
48329,3,12751,6521,6230
48329,4,10997,5609,5388
48329,5,10999,5602,5397
48329,6,15687,8183,7504
48329,7,15487,8228,7259
48329,8,13108,6960,6148
48329,9,10196,5328,4868
48329,10,9192,4660,4532
48329,11,8546,4229,4317
48329,12,9624,4615,5009
48329,13,8694,4315,4379
48329,14,5976,2861,3115
48329,15,4058,1884,2174
48329,16,2832,1197,1635
48329,17,2294,905,1389
48329,18,2639,956,1683
48331,0,25131,12385,12746
48331,1,1579,795,784
48331,2,1621,824,797
48331,3,1815,936,879
48331,4,1747,962,785
48331,5,1362,728,634
48331,6,1328,630,698
48331,7,1366,713,653
48331,8,1439,676,763
48331,9,1326,637,689
48331,10,1436,687,749
48331,11,1485,709,776
48331,12,1769,877,892
48331,13,1760,859,901
48331,14,1598,753,845
48331,15,1301,658,643
48331,16,880,433,447
48331,17,643,273,370
48331,18,676,235,441
48333,0,4921,2456,2465
48333,1,223,133,90
48333,2,235,143,92
48333,3,367,179,188
48333,4,295,148,147
48333,5,223,111,112
48333,6,213,119,94
48333,7,189,91,98
48333,8,231,103,128
48333,9,233,111,122
48333,10,270,125,145
48333,11,319,166,153
48333,12,358,167,191
48333,13,359,178,181
48333,14,415,202,213
48333,15,339,168,171
48333,16,288,156,132
48333,17,159,73,86
48333,18,205,83,122
48335,0,8145,4751,3394
48335,1,469,237,232
48335,2,523,267,256
48335,3,486,257,229
48335,4,481,263,218
48335,5,701,532,169
48335,6,743,545,198
48335,7,609,417,192
48335,8,561,351,210
48335,9,492,331,161
48335,10,492,278,214
48335,11,466,276,190
48335,12,463,236,227
48335,13,419,196,223
48335,14,410,200,210
48335,15,306,155,151
48335,16,222,99,123
48335,17,163,67,96
48335,18,139,44,95
48337,0,19596,9618,9978
48337,1,1175,565,610
48337,2,1212,596,616
48337,3,1306,677,629
48337,4,1173,602,571
48337,5,966,471,495
48337,6,1105,542,563
48337,7,1084,543,541
48337,8,1051,517,534
48337,9,1023,511,512
48337,10,1115,553,562
48337,11,1254,621,633
48337,12,1419,731,688
48337,13,1398,673,725
48337,14,1233,573,660
48337,15,1215,596,619
48337,16,792,391,401
48337,17,586,256,330
48337,18,489,200,289
48339,0,590925,292758,298167
48339,1,40154,20588,19566
48339,2,43390,22040,21350
48339,3,45276,23126,22150
48339,4,41348,21113,20235
48339,5,34288,17314,16974
48339,6,37234,18808,18426
48339,7,37938,18801,19137
48339,8,41500,20606,20894
48339,9,39592,19654,19938
48339,10,41324,20425,20899
48339,11,38653,19270,19383
48339,12,38705,19097,19608
48339,13,34260,16837,17423
48339,14,27191,12892,14299
48339,15,21211,9992,11219
48339,16,13836,6278,7558
48339,17,7846,3371,4475
48339,18,7179,2546,4633
48341,0,21485,11160,10325
48341,1,2141,1038,1103
48341,2,1842,955,887
48341,3,1847,976,871
48341,4,1611,854,757
48341,5,1391,741,650
48341,6,1585,843,742
48341,7,1420,809,611
48341,8,1457,791,666
48341,9,1281,670,611
48341,10,1181,648,533
48341,11,1135,609,526
48341,12,1157,573,584
48341,13,1094,546,548
48341,14,803,403,400
48341,15,556,262,294
48341,16,406,190,216
48341,17,288,122,166
48341,18,290,130,160
48343,0,12339,5934,6405
48343,1,701,375,326
48343,2,824,415,409
48343,3,815,405,410
48343,4,729,389,340
48343,5,634,316,318
48343,6,716,346,370
48343,7,636,325,311
48343,8,736,360,376
48343,9,660,284,376
48343,10,683,319,364
48343,11,702,332,370
48343,12,877,414,463
48343,13,923,416,507
48343,14,794,377,417
48343,15,678,319,359
48343,16,498,241,257
48343,17,420,195,225
48343,18,313,106,207
48345,0,1234,634,600
48345,1,58,31,27
48345,2,56,31,25
48345,3,84,45,39
48345,4,76,38,38
48345,5,59,38,21
48345,6,55,28,27
48345,7,65,36,29
48345,8,48,20,28
48345,9,50,23,27
48345,10,77,39,38
48345,11,52,35,17
48345,12,96,52,44
48345,13,84,37,47
48345,14,123,57,66
48345,15,84,46,38
48345,16,75,32,43
48345,17,46,22,24
48345,18,46,24,22
48347,0,65711,31479,34232
48347,1,4265,2149,2116
48347,2,4365,2198,2167
48347,3,4243,2202,2041
48347,4,6433,2845,3588
48347,5,8538,4027,4511
48347,6,4200,2113,2087
48347,7,3377,1664,1713
48347,8,3553,1752,1801
48347,9,3190,1465,1725
48347,10,3204,1543,1661
48347,11,3356,1661,1695
48347,12,3659,1770,1889
48347,13,3643,1709,1934
48347,14,3235,1568,1667
48347,15,2510,1219,1291
48347,16,1659,731,928
48347,17,1113,439,674
48347,18,1168,424,744
48349,0,49565,24313,25252
48349,1,3708,1802,1906
48349,2,3510,1819,1691
48349,3,3700,1903,1797
48349,4,3485,1874,1611
48349,5,3027,1555,1472
48349,6,2973,1460,1513
48349,7,2843,1343,1500
48349,8,2828,1336,1492
48349,9,2727,1287,1440
48349,10,2988,1472,1516
48349,11,2965,1508,1457
48349,12,3303,1591,1712
48349,13,3079,1523,1556
48349,14,2725,1313,1412
48349,15,2199,1065,1134
48349,16,1575,713,862
48349,17,976,420,556
48349,18,954,329,625
48351,0,13746,7066,6680
48351,1,681,347,334
48351,2,784,404,380
48351,3,752,378,374
48351,4,880,460,420
48351,5,838,499,339
48351,6,885,504,381
48351,7,747,425,322
48351,8,792,431,361
48351,9,713,350,363
48351,10,855,463,392
48351,11,957,487,470
48351,12,1026,502,524
48351,13,1015,493,522
48351,14,882,419,463
48351,15,734,352,382
48351,16,551,274,277
48351,17,362,165,197
48351,18,292,113,179
48353,0,14751,7370,7381
48353,1,1063,551,512
48353,2,1044,520,524
48353,3,1116,572,544
48353,4,1064,592,472
48353,5,873,490,383
48353,6,848,457,391
48353,7,874,435,439
48353,8,880,436,444
48353,9,800,391,409
48353,10,824,403,421
48353,11,840,413,427
48353,12,911,434,477
48353,13,920,451,469
48353,14,824,393,431
48353,15,674,335,339
48353,16,524,250,274
48353,17,327,135,192
48353,18,345,112,233
48355,0,362265,179134,183131
48355,1,24433,12529,11904
48355,2,24323,12475,11848
48355,3,24871,12825,12046
48355,4,25605,13134,12471
48355,5,25878,13082,12796
48355,6,26818,13937,12881
48355,7,25155,12784,12371
48355,8,24840,12493,12347
48355,9,21702,10660,11042
48355,10,21488,10515,10973
48355,11,20725,10145,10580
48355,12,22654,10975,11679
48355,13,21558,10377,11181
48355,14,17193,8219,8974
48355,15,13623,6403,7220
48355,16,8833,3912,4921
48355,17,6119,2453,3666
48355,18,6447,2216,4231
48357,0,9947,5030,4917
48357,1,858,424,434
48357,2,833,410,423
48357,3,958,489,469
48357,4,781,414,367
48357,5,635,331,304
48357,6,631,323,308
48357,7,637,326,311
48357,8,595,293,302
48357,9,652,336,316
48357,10,567,296,271
48357,11,557,293,264
48357,12,595,304,291
48357,13,540,275,265
48357,14,367,180,187
48357,15,293,147,146
48357,16,219,90,129
48357,17,116,52,64
48357,18,113,47,66
48359,0,2131,1109,1022
48359,1,98,49,49
48359,2,83,40,43
48359,3,179,114,65
48359,4,211,140,71
48359,5,109,60,49
48359,6,118,47,71
48359,7,123,59,64
48359,8,182,95,87
48359,9,116,53,63
48359,10,152,75,77
48359,11,133,59,74
48359,12,163,93,70
48359,13,145,72,73
48359,14,104,56,48
48359,15,91,48,43
48359,16,55,18,37
48359,17,37,17,20
48359,18,32,14,18
48361,0,83572,41439,42133
48361,1,5725,2939,2786
48361,2,5778,2977,2801
48361,3,5756,3002,2754
48361,4,5292,2770,2522
48361,5,4849,2459,2390
48361,6,5654,2925,2729
48361,7,5377,2635,2742
48361,8,5269,2612,2657
48361,9,4897,2425,2472
48361,10,5174,2595,2579
48361,11,5201,2560,2641
48361,12,5729,2849,2880
48361,13,5405,2627,2778
48361,14,4353,2099,2254
48361,15,3393,1575,1818
48361,16,2491,1144,1347
48361,17,1699,694,1005
48361,18,1530,552,978
48363,0,28875,14235,14640
48363,1,1771,920,851
48363,2,1897,1053,844
48363,3,1914,969,945
48363,4,1803,903,900
48363,5,1736,901,835
48363,6,1818,908,910
48363,7,1635,852,783
48363,8,1509,685,824
48363,9,1508,720,788
48363,10,1686,817,869
48363,11,1770,831,939
48363,12,2102,1024,1078
48363,13,2087,994,1093
48363,14,1766,856,910
48363,15,1598,801,797
48363,16,1067,507,560
48363,17,630,276,354
48363,18,578,218,360
48365,0,23148,11456,11692
48365,1,1364,726,638
48365,2,1406,695,711
48365,3,1639,852,787
48365,4,1612,826,786
48365,5,1323,700,623
48365,6,1322,690,632
48365,7,1277,664,613
48365,8,1427,699,728
48365,9,1340,640,700
48365,10,1329,653,676
48365,11,1374,653,721
48365,12,1598,774,824
48365,13,1699,827,872
48365,14,1485,733,752
48365,15,1115,555,560
48365,16,827,355,472
48365,17,569,239,330
48365,18,442,175,267
48367,0,138371,68872,69499
48367,1,8698,4461,4237
48367,2,9447,4921,4526
48367,3,10151,5162,4989
48367,4,9353,4815,4538
48367,5,7434,3871,3563
48367,6,7749,3880,3869
48367,7,8504,4119,4385
48367,8,9154,4553,4601
48367,9,8360,4137,4223
48367,10,9364,4517,4847
48367,11,9606,4822,4784
48367,12,10241,5160,5081
48367,13,9008,4365,4643
48367,14,7313,3522,3791
48367,15,5760,2840,2920
48367,16,3842,1874,1968
48367,17,2340,1046,1294
48367,18,2047,807,1240
48369,0,9864,5123,4741
48369,1,790,427,363
48369,2,767,395,372
48369,3,780,407,373
48369,4,747,387,360
48369,5,644,361,283
48369,6,668,399,269
48369,7,608,308,300
48369,8,628,335,293
48369,9,543,299,244
48369,10,549,267,282
48369,11,609,304,305
48369,12,619,305,314
48369,13,557,301,256
48369,14,409,201,208
48369,15,326,168,158
48369,16,271,124,147
48369,17,188,83,105
48369,18,161,52,109
48371,0,15673,8912,6761
48371,1,1025,520,505
48371,2,1115,551,564
48371,3,1098,572,526
48371,4,955,500,455
48371,5,946,559,387
48371,6,1191,741,450
48371,7,1266,788,478
48371,8,1237,795,442
48371,9,1056,693,363
48371,10,995,635,360
48371,11,1002,587,415
48371,12,894,496,398
48371,13,792,431,361
48371,14,676,333,343
48371,15,535,279,256
48371,16,400,179,221
48371,17,262,147,115
48371,18,228,106,122
48373,0,50031,26937,23094
48373,1,2713,1336,1377
48373,2,2776,1453,1323
48373,3,2936,1582,1354
48373,4,2657,1442,1215
48373,5,2767,1649,1118
48373,6,3045,1797,1248
48373,7,3006,1772,1234
48373,8,3080,1844,1236
48373,9,2801,1629,1172
48373,10,3084,1766,1318
48373,11,3277,1733,1544
48373,12,3950,1878,2072
48373,13,4517,2242,2275
48373,14,3875,1974,1901
48373,15,2684,1427,1257
48373,16,1517,804,713
48373,17,756,374,382
48373,18,590,235,355
48375,0,119648,61609,58039
48375,1,9313,4758,4555
48375,2,9505,4873,4632
48375,3,9047,4608,4439
48375,4,7832,3948,3884
48375,5,7945,4166,3779
48375,6,9306,4885,4421
48375,7,8825,4859,3966
48375,8,8396,4626,3770
48375,9,7264,3942,3322
48375,10,7190,3969,3221
48375,11,6787,3679,3108
48375,12,6908,3493,3415
48375,13,6408,3170,3238
48375,14,4970,2423,2547
48375,15,3627,1650,1977
48375,16,2528,1122,1406
48375,17,1810,742,1068
48375,18,1987,696,1291
48377,0,6948,3557,3391
48377,1,559,278,281
48377,2,491,269,222
48377,3,520,298,222
48377,4,433,223,210
48377,5,392,191,201
48377,6,346,183,163
48377,7,388,216,172
48377,8,405,231,174
48377,9,359,163,196
48377,10,363,174,189
48377,11,370,171,199
48377,12,347,168,179
48377,13,368,185,183
48377,14,397,202,195
48377,15,376,204,172
48377,16,312,140,172
48377,17,244,136,108
48377,18,278,125,153
48379,0,12159,6044,6115
48379,1,584,309,275
48379,2,723,386,337
48379,3,691,369,322
48379,4,648,325,323
48379,5,560,294,266
48379,6,618,296,322
48379,7,647,307,340
48379,8,656,324,332
48379,9,596,296,300
48379,10,708,346,362
48379,11,742,377,365
48379,12,992,498,494
48379,13,1011,464,547
48379,14,989,484,505
48379,15,844,419,425
48379,16,549,281,268
48379,17,359,151,208
48379,18,242,118,124
48381,0,136271,67024,69247
48381,1,8790,4523,4267
48381,2,8995,4542,4453
48381,3,9342,4761,4581
48381,4,9559,4870,4689
48381,5,9316,4724,4592
48381,6,9974,5037,4937
48381,7,10044,5056,4988
48381,8,9798,4962,4836
48381,9,8185,4147,4038
48381,10,7815,3850,3965
48381,11,7494,3608,3886
48381,12,8340,4004,4336
48381,13,8083,3831,4252
48381,14,6918,3255,3663
48381,15,5141,2385,2756
48381,16,3699,1597,2102
48381,17,2583,1055,1528
48381,18,2195,817,1378
48383,0,3741,2001,1740
48383,1,291,157,134
48383,2,325,163,162
48383,3,312,174,138
48383,4,259,129,130
48383,5,264,129,135
48383,6,225,139,86
48383,7,248,140,108
48383,8,278,159,119
48383,9,268,161,107
48383,10,209,111,98
48383,11,220,115,105
48383,12,211,111,100
48383,13,211,102,109
48383,14,143,73,70
48383,15,99,57,42
48383,16,70,31,39
48383,17,62,36,26
48383,18,46,14,32
48385,0,3478,1733,1745
48385,1,153,83,70
48385,2,158,96,62
48385,3,175,91,84
48385,4,157,87,70
48385,5,157,72,85
48385,6,157,75,82
48385,7,141,69,72
48385,8,165,81,84
48385,9,153,73,80
48385,10,202,91,111
48385,11,218,113,105
48385,12,267,126,141
48385,13,350,179,171
48385,14,321,151,170
48385,15,278,133,145
48385,16,191,96,95
48385,17,150,85,65
48385,18,85,32,53
48387,0,12175,5912,6263
48387,1,637,321,316
48387,2,679,337,342
48387,3,665,344,321
48387,4,673,367,306
48387,5,605,303,302
48387,6,650,322,328
48387,7,595,300,295
48387,8,646,312,334
48387,9,623,303,320
48387,10,735,352,383
48387,11,795,381,414
48387,12,950,452,498
48387,13,926,453,473
48387,14,854,415,439
48387,15,777,356,421
48387,16,588,272,316
48387,17,385,184,201
48387,18,392,138,254
48389,0,15695,9632,6063
48389,1,1026,516,510
48389,2,967,521,446
48389,3,955,489,466
48389,4,941,542,399
48389,5,1495,1087,408
48389,6,1330,939,391
48389,7,1367,996,371
48389,8,1375,1007,368
48389,9,1079,740,339
48389,10,1058,715,343
48389,11,847,495,352
48389,12,730,411,319
48389,13,646,309,337
48389,14,569,313,256
48389,15,430,182,248
48389,16,374,167,207
48389,17,252,110,142
48389,18,254,93,161
48391,0,7032,3450,3582
48391,1,451,211,240
48391,2,417,204,213
48391,3,462,228,234
48391,4,449,227,222
48391,5,349,197,152
48391,6,414,209,205
48391,7,351,182,169
48391,8,418,207,211
48391,9,323,156,167
48391,10,399,201,198
48391,11,441,197,244
48391,12,500,262,238
48391,13,468,233,235
48391,14,420,223,197
48391,15,468,208,260
48391,16,292,130,162
48391,17,228,109,119
48391,18,182,66,116
48393,0,903,448,455
48393,1,58,21,37
48393,2,52,24,28
48393,3,75,40,35
48393,4,58,28,30
48393,5,29,14,15
48393,6,48,21,27
48393,7,50,25,25
48393,8,75,41,34
48393,9,45,25,20
48393,10,47,18,29
48393,11,47,22,25
48393,12,70,43,27
48393,13,60,31,29
48393,14,59,29,30
48393,15,57,33,24
48393,16,33,14,19
48393,17,25,15,10
48393,18,15,4,11
48395,0,17284,8478,8806
48395,1,1133,582,551
48395,2,1150,586,564
48395,3,1209,629,580
48395,4,1043,544,499
48395,5,899,459,440
48395,6,1110,512,598
48395,7,979,495,484
48395,8,1060,517,543
48395,9,953,442,511
48395,10,971,461,510
48395,11,1122,562,560
48395,12,1127,549,578
48395,13,1192,592,600
48395,14,1049,505,544
48395,15,861,435,426
48395,16,596,268,328
48395,17,398,173,225
48395,18,432,167,265
48397,0,100657,49740,50917
48397,1,6338,3300,3038
48397,2,7297,3750,3547
48397,3,8476,4301,4175
48397,4,7613,3869,3744
48397,5,5521,2902,2619
48397,6,5039,2534,2505
48397,7,6153,2937,3216
48397,8,7596,3728,3868
48397,9,7428,3659,3769
48397,10,7607,3786,3821
48397,11,6825,3443,3382
48397,12,6618,3279,3339
48397,13,5552,2624,2928
48397,14,4304,2066,2238
48397,15,3355,1553,1802
48397,16,2300,1039,1261
48397,17,1306,529,777
48397,18,1329,441,888
48399,0,10234,5203,5031
48399,1,562,292,270
48399,2,618,324,294
48399,3,719,372,347
48399,4,665,356,309
48399,5,571,307,264
48399,6,592,302,290
48399,7,597,312,285
48399,8,610,326,284
48399,9,503,256,247
48399,10,605,292,313
48399,11,656,323,333
48399,12,685,357,328
48399,13,725,373,352
48399,14,606,318,288
48399,15,535,259,276
48399,16,427,196,231
48399,17,272,129,143
48399,18,286,109,177
48401,0,54450,29363,25087
48401,1,3055,1573,1482
48401,2,3442,1795,1647
48401,3,3516,1770,1746
48401,4,3391,1819,1572
48401,5,3535,2259,1276
48401,6,3785,2284,1501
48401,7,3566,2071,1495
48401,8,3611,1997,1614
48401,9,3679,2136,1543
48401,10,3489,2009,1480
48401,11,3334,1874,1460
48401,12,3625,1863,1762
48401,13,3395,1722,1673
48401,14,2936,1426,1510
48401,15,2345,1127,1218
48401,16,1635,761,874
48401,17,1030,455,575
48401,18,1081,422,659
48403,0,10589,5213,5376
48403,1,524,277,247
48403,2,498,236,262
48403,3,597,295,302
48403,4,552,271,281
48403,5,459,230,229
48403,6,479,238,241
48403,7,464,232,232
48403,8,466,212,254
48403,9,422,213,209
48403,10,526,255,271
48403,11,622,304,318
48403,12,881,443,438
48403,13,865,428,437
48403,14,914,455,459
48403,15,887,439,448
48403,16,670,364,306
48403,17,406,187,219
48403,18,357,134,223
48405,0,8232,4052,4180
48405,1,421,215,206
48405,2,454,224,230
48405,3,460,242,218
48405,4,446,248,198
48405,5,349,168,181
48405,6,469,238,231
48405,7,380,198,182
48405,8,367,156,211
48405,9,366,187,179
48405,10,433,196,237
48405,11,552,280,272
48405,12,691,344,347
48405,13,667,333,334
48405,14,603,319,284
48405,15,538,255,283
48405,16,444,211,233
48405,17,277,122,155
48405,18,315,116,199
48407,0,28719,14249,14470
48407,1,1601,793,808
48407,2,1671,856,815
48407,3,1827,939,888
48407,4,1679,868,811
48407,5,1548,788,760
48407,6,1558,769,789
48407,7,1453,708,745
48407,8,1473,710,763
48407,9,1505,725,780
48407,10,1692,845,847
48407,11,1710,819,891
48407,12,2379,1189,1190
48407,13,2343,1179,1164
48407,14,2093,1012,1081
48407,15,1672,825,847
48407,16,1201,612,589
48407,17,732,340,392
48407,18,582,272,310
48409,0,66893,33652,33241
48409,1,4902,2513,2389
48409,2,4846,2577,2269
48409,3,5093,2604,2489
48409,4,4771,2438,2333
48409,5,4084,2165,1919
48409,6,4411,2292,2119
48409,7,4490,2325,2165
48409,8,4551,2294,2257
48409,9,4033,2098,1935
48409,10,4019,1998,2021
48409,11,3854,1881,1973
48409,12,4122,1997,2125
48409,13,3696,1849,1847
48409,14,3180,1574,1606
48409,15,2806,1317,1489
48409,16,1815,827,988
48409,17,1195,507,688
48409,18,1025,396,629
48411,0,6054,3308,2746
48411,1,312,162,150
48411,2,319,164,155
48411,3,353,170,183
48411,4,354,204,150
48411,5,460,335,125
48411,6,481,344,137
48411,7,416,284,132
48411,8,285,168,117
48411,9,229,107,122
48411,10,328,166,162
48411,11,315,174,141
48411,12,377,172,205
48411,13,379,175,204
48411,14,398,203,195
48411,15,404,196,208
48411,16,257,132,125
48411,17,182,82,100
48411,18,205,70,135
48413,0,2895,1436,1459
48413,1,150,75,75
48413,2,189,82,107
48413,3,252,138,114
48413,4,238,106,132
48413,5,136,68,68
48413,6,157,72,85
48413,7,190,101,89
48413,8,194,104,90
48413,9,144,70,74
48413,10,174,84,90
48413,11,161,82,79
48413,12,179,92,87
48413,13,164,78,86
48413,14,201,106,95
48413,15,152,84,68
48413,16,110,49,61
48413,17,55,16,39
48413,18,49,29,20
48415,0,16866,9148,7718
48415,1,1166,578,588
48415,2,1191,621,570
48415,3,1217,652,565
48415,4,1128,595,533
48415,5,1149,662,487
48415,6,1173,703,470
48415,7,1067,620,447
48415,8,1221,730,491
48415,9,1029,627,402
48415,10,1015,622,393
48415,11,961,538,423
48415,12,1044,550,494
48415,13,957,519,438
48415,14,775,388,387
48415,15,580,276,304
48415,16,465,203,262
48415,17,354,136,218
48415,18,374,128,246
48417,0,3253,1572,1681
48417,1,172,87,85
48417,2,203,103,100
48417,3,231,116,115
48417,4,237,112,125
48417,5,143,67,76
48417,6,178,80,98
48417,7,186,103,83
48417,8,146,67,79
48417,9,188,89,99
48417,10,181,87,94
48417,11,179,93,86
48417,12,280,130,150
48417,13,264,136,128
48417,14,190,83,107
48417,15,164,88,76
48417,16,124,55,69
48417,17,109,52,57
48417,18,78,24,54
48419,0,25418,12637,12781
48419,1,1804,902,902
48419,2,1747,911,836
48419,3,1854,950,904
48419,4,1744,908,836
48419,5,1481,778,703
48419,6,1625,815,810
48419,7,1424,711,713
48419,8,1433,733,700
48419,9,1528,743,785
48419,10,1532,770,762
48419,11,1521,743,778
48419,12,1692,849,843
48419,13,1582,776,806
48419,14,1410,669,741
48419,15,1105,532,573
48419,16,848,380,468
48419,17,614,292,322
48419,18,474,175,299
48421,0,3079,1604,1475
48421,1,210,94,116
48421,2,241,133,108
48421,3,278,146,132
48421,4,216,130,86
48421,5,180,95,85
48421,6,185,104,81
48421,7,167,82,85
48421,8,174,87,87
48421,9,161,92,69
48421,10,198,102,96
48421,11,230,111,119
48421,12,189,100,89
48421,13,191,107,84
48421,14,136,72,64
48421,15,114,55,59
48421,16,86,38,48
48421,17,55,29,26
48421,18,68,27,41
48423,0,230221,111207,119014
48423,1,15891,8195,7696
48423,2,15402,7904,7498
48423,3,15845,8181,7664
48423,4,15960,7972,7988
48423,5,15515,7667,7848
48423,6,16390,7933,8457
48423,7,15049,7274,7775
48423,8,14321,6917,7404
48423,9,12876,6228,6648
48423,10,13685,6456,7229
48423,11,13215,6319,6896
48423,12,14167,6821,7346
48423,13,13895,6477,7418
48423,14,11695,5470,6225
48423,15,9595,4363,5232
48423,16,7125,3164,3961
48423,17,4856,2079,2777
48423,18,4739,1787,2952
48425,0,9016,4442,4574
48425,1,449,252,197
48425,2,548,255,293
48425,3,629,325,304
48425,4,599,272,327
48425,5,493,273,220
48425,6,494,227,267
48425,7,492,247,245
48425,8,537,266,271
48425,9,537,248,289
48425,10,602,289,313
48425,11,633,314,319
48425,12,654,330,324
48425,13,644,323,321
48425,14,591,300,291
48425,15,415,211,204
48425,16,282,143,139
48425,17,205,92,113
48425,18,212,75,137
48427,0,64525,31430,33095
48427,1,6284,3113,3171
48427,2,6084,3045,3039
48427,3,5445,2705,2740
48427,4,5514,2736,2778
48427,5,5209,2652,2557
48427,6,4727,2458,2269
48427,7,3865,1983,1882
48427,8,3840,1940,1900
48427,9,3690,1792,1898
48427,10,3787,1835,1952
48427,11,3386,1524,1862
48427,12,2915,1326,1589
48427,13,2466,1143,1323
48427,14,2220,970,1250
48427,15,1903,831,1072
48427,16,1386,642,744
48427,17,945,405,540
48427,18,859,330,529
48429,0,9433,4990,4443
48429,1,506,269,237
48429,2,551,286,265
48429,3,635,323,312
48429,4,583,317,266
48429,5,627,408,219
48429,6,616,382,234
48429,7,570,314,256
48429,8,629,370,259
48429,9,522,281,241
48429,10,495,254,241
48429,11,532,297,235
48429,12,686,330,356
48429,13,617,301,316
48429,14,576,286,290
48429,15,464,220,244
48429,16,353,170,183
48429,17,229,94,135
48429,18,242,88,154
48431,0,1311,668,643
48431,1,109,54,55
48431,2,96,52,44
48431,3,101,54,47
48431,4,96,53,43
48431,5,71,43,28
48431,6,65,32,33
48431,7,86,43,43
48431,8,90,45,45
48431,9,89,47,42
48431,10,78,35,43
48431,11,69,35,34
48431,12,80,46,34
48431,13,92,47,45
48431,14,48,23,25
48431,15,44,24,20
48431,16,30,12,18
48431,17,30,13,17
48431,18,37,10,27
48433,0,1362,665,697
48433,1,79,42,37
48433,2,72,31,41
48433,3,90,42,48
48433,4,89,44,45
48433,5,52,32,20
48433,6,75,41,34
48433,7,43,20,23
48433,8,85,36,49
48433,9,55,28,27
48433,10,75,42,33
48433,11,88,46,42
48433,12,96,49,47
48433,13,102,50,52
48433,14,93,46,47
48433,15,94,39,55
48433,16,62,29,33
48433,17,46,19,27
48433,18,66,29,37
48435,0,3758,1920,1838
48435,1,240,120,120
48435,2,242,130,112
48435,3,245,124,121
48435,4,273,128,145
48435,5,186,107,79
48435,6,226,118,108
48435,7,214,126,88
48435,8,190,91,99
48435,9,200,96,104
48435,10,268,144,124
48435,11,240,116,124
48435,12,270,142,128
48435,13,274,134,140
48435,14,213,107,106
48435,15,188,99,89
48435,16,111,55,56
48435,17,77,44,33
48435,18,101,39,62
48437,0,7462,3975,3487
48437,1,464,244,220
48437,2,544,285,259
48437,3,554,272,282
48437,4,523,279,244
48437,5,507,333,174
48437,6,536,331,205
48437,7,510,306,204
48437,8,444,239,205
48437,9,398,222,176
48437,10,402,217,185
48437,11,440,227,213
48437,12,412,211,201
48437,13,409,205,204
48437,14,392,196,196
48437,15,308,143,165
48437,16,245,122,123
48437,17,187,69,118
48437,18,187,74,113
48439,0,2084931,1020097,1064834
48439,1,146515,75158,71357
48439,2,151170,76151,75019
48439,3,158807,81251,77556
48439,4,148283,74875,73408
48439,5,138294,68996,69298
48439,6,158507,78562,79945
48439,7,153889,75497,78392
48439,8,149575,72859,76716
48439,9,135794,65769,70025
48439,10,139287,68006,71281
48439,11,130752,64036,66716
48439,12,129737,63720,66017
48439,13,109134,52364,56770
48439,14,82589,38149,44440
48439,15,61851,28265,33586
48439,16,39821,17289,22532
48439,17,25289,10222,15067
48439,18,25637,8928,16709
48441,0,137640,67226,70414
48441,1,10099,5088,5011
48441,2,9509,4813,4696
48441,3,9228,4773,4455
48441,4,10414,5186,5228
48441,5,14335,7272,7063
48441,6,10820,5581,5239
48441,7,9394,4685,4709
48441,8,8776,4362,4414
48441,9,6849,3381,3468
48441,10,6599,3243,3356
48441,11,6768,3246,3522
48441,12,7790,3702,4088
48441,13,7274,3475,3799
48441,14,5791,2626,3165
48441,15,4904,2205,2699
48441,16,3701,1587,2114
48441,17,2627,1067,1560
48441,18,2762,934,1828
48443,0,823,421,402
48443,1,42,21,21
48443,2,58,28,30
48443,3,42,21,21
48443,4,40,25,15
48443,5,41,28,13
48443,6,30,10,20
48443,7,42,23,19
48443,8,43,19,24
48443,9,52,28,24
48443,10,45,26,19
48443,11,46,25,21
48443,12,42,19,23
48443,13,56,31,25
48443,14,73,38,35
48443,15,67,32,35
48443,16,41,20,21
48443,17,22,11,11
48443,18,41,16,25
48445,0,12287,6417,5870
48445,1,977,498,479
48445,2,935,467,468
48445,3,953,479,474
48445,4,860,434,426
48445,5,803,485,318
48445,6,891,511,380
48445,7,826,482,344
48445,8,787,458,329
48445,9,617,331,286
48445,10,666,384,282
48445,11,697,347,350
48445,12,739,377,362
48445,13,676,338,338
48445,14,553,275,278
48445,15,448,209,239
48445,16,354,153,201
48445,17,274,110,164
48445,18,231,79,152
48447,0,1515,708,807
48447,1,73,34,39
48447,2,82,26,56
48447,3,93,48,45
48447,4,82,41,41
48447,5,62,39,23
48447,6,67,38,29
48447,7,61,29,32
48447,8,87,35,52
48447,9,67,32,35
48447,10,75,34,41
48447,11,108,42,66
48447,12,121,60,61
48447,13,112,55,57
48447,14,116,58,58
48447,15,99,50,49
48447,16,86,37,49
48447,17,69,30,39
48447,18,55,20,35
48449,0,33033,16186,16847
48449,1,2651,1306,1345
48449,2,2612,1314,1298
48449,3,2774,1392,1382
48449,4,2532,1299,1233
48449,5,2241,1126,1115
48449,6,2220,1069,1151
48449,7,1798,866,932
48449,8,1909,868,1041
48449,9,1940,973,967
48449,10,2075,1030,1045
48449,11,1964,1015,949
48449,12,1915,956,959
48449,13,1687,824,863
48449,14,1597,757,840
48449,15,1227,555,672
48449,16,821,390,431
48449,17,527,238,289
48449,18,543,208,335
48451,0,118189,58764,59425
48451,1,8001,4085,3916
48451,2,7903,4021,3882
48451,3,7983,4051,3932
48451,4,8950,4634,4316
48451,5,9229,4971,4258
48451,6,9382,4882,4500
48451,7,8938,4677,4261
48451,8,7744,3918,3826
48451,9,5977,3049,2928
48451,10,5998,2904,3094
48451,11,6160,2929,3231
48451,12,6976,3369,3607
48451,13,6681,3088,3593
48451,14,5738,2761,2977
48451,15,4542,2089,2453
48451,16,3190,1422,1768
48451,17,2407,1007,1400
48451,18,2390,907,1483
48453,0,1248743,631266,617477
48453,1,78436,40110,38326
48453,2,75376,38715,36661
48453,3,74197,37683,36514
48453,4,75309,37925,37384
48453,5,81968,41405,40563
48453,6,126669,65558,61111
48453,7,123833,64785,59048
48453,8,107698,56323,51375
48453,9,92210,47644,44566
48453,10,86388,44421,41967
48453,11,72618,36967,35651
48453,12,69492,34426,35066
48453,13,61154,29496,31658
48453,14,47714,22644,25070
48453,15,32024,15071,16953
48453,16,18820,8512,10308
48453,17,11805,4948,6857
48453,18,13032,4633,8399
48455,0,14740,7105,7635
48455,1,782,444,338
48455,2,793,397,396
48455,3,860,419,441
48455,4,788,384,404
48455,5,650,315,335
48455,6,751,390,361
48455,7,680,330,350
48455,8,742,345,397
48455,9,704,350,354
48455,10,813,377,436
48455,11,894,443,451
48455,12,1163,519,644
48455,13,1199,501,698
48455,14,1238,598,640
48455,15,1026,541,485
48455,16,792,361,431
48455,17,478,231,247
48455,18,387,160,227
48457,0,21696,11693,10003
48457,1,1034,509,525
48457,2,1207,613,594
48457,3,1246,640,606
48457,4,1131,603,528
48457,5,1408,940,468
48457,6,1620,1133,487
48457,7,1326,873,453
48457,8,1293,738,555
48457,9,1191,687,504
48457,10,1163,612,551
48457,11,1289,657,632
48457,12,1457,690,767
48457,13,1485,749,736
48457,14,1407,687,720
48457,15,1264,585,679
48457,16,975,473,502
48457,17,654,309,345
48457,18,546,195,351
48459,0,41260,20387,20873
48459,1,2431,1202,1229
48459,2,2678,1368,1310
48459,3,3000,1579,1421
48459,4,2627,1404,1223
48459,5,2196,1190,1006
48459,6,2460,1182,1278
48459,7,2291,1114,1177
48459,8,2504,1242,1262
48459,9,2285,1132,1153
48459,10,2476,1215,1261
48459,11,2536,1239,1297
48459,12,3227,1548,1679
48459,13,2973,1473,1500
48459,14,2453,1178,1275
48459,15,2033,955,1078
48459,16,1352,629,723
48459,17,961,451,510
48459,18,777,286,491
48461,0,3671,1881,1790
48461,1,297,156,141
48461,2,319,175,144
48461,3,285,138,147
48461,4,267,135,132
48461,5,180,101,79
48461,6,240,123,117
48461,7,268,136,132
48461,8,231,124,107
48461,9,230,121,109
48461,10,199,91,108
48461,11,185,94,91
48461,12,198,90,108
48461,13,256,143,113
48461,14,148,70,78
48461,15,123,67,56
48461,16,102,58,44
48461,17,71,35,36
48461,18,72,24,48
48463,0,26846,13209,13637
48463,1,1959,984,975
48463,2,2041,1015,1026
48463,3,2032,1068,964
48463,4,2136,1076,1060
48463,5,1906,983,923
48463,6,1939,1013,926
48463,7,1614,822,792
48463,8,1490,734,756
48463,9,1498,750,748
48463,10,1514,707,807
48463,11,1374,670,704
48463,12,1424,664,760
48463,13,1401,709,692
48463,14,1262,563,699
48463,15,1207,558,649
48463,16,792,363,429
48463,17,583,263,320
48463,18,674,267,407
48465,0,49208,25156,24052
48465,1,4257,2151,2106
48465,2,3846,1972,1874
48465,3,3784,1937,1847
48465,4,3603,1869,1734
48465,5,4021,2306,1715
48465,6,3855,2168,1687
48465,7,3342,1868,1474
48465,8,3005,1563,1442
48465,9,2747,1391,1356
48465,10,2721,1352,1369
48465,11,2645,1348,1297
48465,12,2348,1102,1246
48465,13,2033,931,1102
48465,14,2006,938,1068
48465,15,1812,849,963
48465,16,1292,616,676
48465,17,919,411,508
48465,18,972,384,588
48467,0,56019,27363,28656
48467,1,3292,1669,1623
48467,2,3406,1732,1674
48467,3,3784,1871,1913
48467,4,3772,1879,1893
48467,5,2900,1495,1405
48467,6,3075,1570,1505
48467,7,2912,1462,1450
48467,8,3145,1544,1601
48467,9,3160,1537,1623
48467,10,3593,1707,1886
48467,11,3584,1720,1864
48467,12,4166,2077,2089
48467,13,3909,1865,2044
48467,14,3497,1662,1835
48467,15,2991,1425,1566
48467,16,2143,970,1173
48467,17,1482,724,758
48467,18,1208,454,754
48469,0,92035,45094,46941
48469,1,6347,3276,3071
48469,2,6533,3303,3230
48469,3,6575,3376,3199
48469,4,6393,3218,3175
48469,5,5967,2997,2970
48469,6,6740,3437,3303
48469,7,6105,3105,3000
48469,8,6000,2979,3021
48469,9,5099,2510,2589
48469,10,4978,2384,2594
48469,11,5130,2478,2652
48469,12,5783,2810,2973
48469,13,5563,2671,2892
48469,14,4633,2160,2473
48469,15,3754,1722,2032
48469,16,2655,1173,1482
48469,17,1850,797,1053
48469,18,1930,698,1232
48471,0,72480,42184,30296
48471,1,3120,1583,1537
48471,2,3019,1620,1399
48471,3,2927,1490,1437
48471,4,4970,2416,2554
48471,5,10431,5358,5073
48471,6,5841,3702,2139
48471,7,5079,3484,1595
48471,8,4823,3256,1567
48471,9,4702,3333,1369
48471,10,5165,3571,1594
48471,11,4762,3200,1562
48471,12,4318,2521,1797
48471,13,3752,2033,1719
48471,14,3350,1699,1651
48471,15,2384,1206,1178
48471,16,1808,871,937
48471,17,1016,438,578
48471,18,1013,403,610
48473,0,53126,26482,26644
48473,1,3527,1837,1690
48473,2,3621,1823,1798
48473,3,3696,1867,1829
48473,4,5598,2649,2949
48473,5,7201,3624,3577
48473,6,3102,1636,1466
48473,7,2829,1425,1404
48473,8,2965,1486,1479
48473,9,2674,1378,1296
48473,10,2817,1344,1473
48473,11,2937,1459,1478
48473,12,3037,1510,1527
48473,13,2840,1445,1395
48473,14,2166,1078,1088
48473,15,1703,822,881
48473,16,1134,552,582
48473,17,624,280,344
48473,18,655,267,388
48475,0,11720,5898,5822
48475,1,890,461,429
48475,2,962,490,472
48475,3,957,446,511
48475,4,840,439,401
48475,5,707,375,332
48475,6,826,433,393
48475,7,799,439,360
48475,8,876,451,425
48475,9,609,327,282
48475,10,653,335,318
48475,11,630,310,320
48475,12,728,354,374
48475,13,607,306,301
48475,14,512,232,280
48475,15,418,194,224
48475,16,274,130,144
48475,17,213,98,115
48475,18,219,78,141
48477,0,35108,17230,17878
48477,1,2038,1031,1007
48477,2,2183,1163,1020
48477,3,2128,1094,1034
48477,4,2793,1498,1295
48477,5,2104,1070,1034
48477,6,1789,877,912
48477,7,1904,945,959
48477,8,1854,903,951
48477,9,1839,906,933
48477,10,1886,947,939
48477,11,2020,988,1032
48477,12,2438,1206,1232
48477,13,2520,1176,1344
48477,14,2197,1076,1121
48477,15,1823,882,941
48477,16,1413,640,773
48477,17,933,397,536
48477,18,1246,431,815
48479,0,275910,135563,140347
48479,1,25875,13334,12541
48479,2,25535,12964,12571
48479,3,24454,12388,12066
48479,4,24291,12255,12036
48479,5,21857,11002,10855
48479,6,20100,10212,9888
48479,7,17278,8740,8538
48479,8,17402,8698,8704
48479,9,17471,8524,8947
48479,10,17222,8267,8955
48479,11,14446,6742,7704
48479,12,12848,6151,6697
48479,13,11044,5016,6028
48479,14,8527,3903,4624
48479,15,6848,3088,3760
48479,16,4579,1996,2583
48479,17,2986,1155,1831
48479,18,3147,1128,2019
48481,0,41619,20500,21119
48481,1,2847,1441,1406
48481,2,2913,1496,1417
48481,3,3097,1589,1508
48481,4,2983,1506,1477
48481,5,2629,1363,1266
48481,6,2588,1334,1254
48481,7,2522,1259,1263
48481,8,2532,1220,1312
48481,9,2227,1098,1129
48481,10,2266,1112,1154
48481,11,2522,1252,1270
48481,12,2718,1347,1371
48481,13,2665,1282,1383
48481,14,2353,1182,1171
48481,15,1597,746,851
48481,16,1250,547,703
48481,17,977,389,588
48481,18,933,337,596
48483,0,5191,2613,2578
48483,1,344,174,170
48483,2,378,216,162
48483,3,372,199,173
48483,4,319,177,142
48483,5,277,137,140
48483,6,299,153,146
48483,7,270,134,136
48483,8,323,153,170
48483,9,279,140,139
48483,10,295,137,158
48483,11,272,146,126
48483,12,382,182,200
48483,13,377,188,189
48483,14,282,146,136
48483,15,274,136,138
48483,16,200,92,108
48483,17,138,61,77
48483,18,110,42,68
48485,0,132064,68337,63727
48485,1,8374,4257,4117
48485,2,8574,4420,4154
48485,3,8068,4130,3938
48485,4,10256,5798,4458
48485,5,11857,7171,4686
48485,6,10516,5733,4783
48485,7,9446,5109,4337
48485,8,8369,4441,3928
48485,9,6903,3690,3213
48485,10,7025,3666,3359
48485,11,7151,3595,3556
48485,12,8325,4156,4169
48485,13,7764,3777,3987
48485,14,6085,2915,3170
48485,15,4589,2099,2490
48485,16,3428,1428,2000
48485,17,2629,1052,1577
48485,18,2705,900,1805
48487,0,12820,6348,6472
48487,1,752,395,357
48487,2,753,374,379
48487,3,782,374,408
48487,4,883,495,388
48487,5,815,444,371
48487,6,851,429,422
48487,7,896,417,479
48487,8,766,389,377
48487,9,716,354,362
48487,10,770,386,384
48487,11,715,373,342
48487,12,914,437,477
48487,13,852,427,425
48487,14,691,347,344
48487,15,613,283,330
48487,16,427,185,242
48487,17,308,136,172
48487,18,316,103,213
48489,0,21515,11893,9622
48489,1,1381,688,693
48489,2,1386,721,665
48489,3,1465,719,746
48489,4,1582,918,664
48489,5,2069,1372,697
48489,6,1933,1254,679
48489,7,1533,975,558
48489,8,1520,993,527
48489,9,1320,761,559
48489,10,1158,627,531
48489,11,1097,570,527
48489,12,1045,498,547
48489,13,1011,467,544
48489,14,923,424,499
48489,15,756,362,394
48489,16,581,242,339
48489,17,350,161,189
48489,18,405,141,264
48491,0,566719,279077,287642
48491,1,36855,18905,17950
48491,2,40769,20913,19856
48491,3,42726,21902,20824
48491,4,38522,19568,18954
48491,5,31363,15646,15717
48491,6,36043,17998,18045
48491,7,42897,21144,21753
48491,8,47667,23414,24253
48491,9,44804,22486,22318
48491,10,42180,21077,21103
48491,11,34555,17245,17310
48491,12,32027,15537,16490
48491,13,27323,12728,14595
48491,14,23617,10581,13036
48491,15,19239,8766,10473
48491,16,12238,5614,6624
48491,17,7344,3243,4101
48491,18,6550,2310,4240
48493,0,50224,25175,25049
48493,1,3016,1570,1446
48493,2,3204,1610,1594
48493,3,3502,1800,1702
48493,4,3623,1877,1746
48493,5,2850,1454,1396
48493,6,2804,1461,1343
48493,7,2916,1429,1487
48493,8,3211,1614,1597
48493,9,2925,1481,1444
48493,10,3549,1742,1807
48493,11,3525,1750,1775
48493,12,3767,1879,1888
48493,13,3299,1641,1658
48493,14,2807,1382,1425
48493,15,2073,1020,1053
48493,16,1369,694,675
48493,17,860,400,460
48493,18,924,371,553
48495,0,7720,3961,3759
48495,1,584,282,302
48495,2,665,348,317
48495,3,639,317,322
48495,4,618,310,308
48495,5,509,281,228
48495,6,522,270,252
48495,7,511,280,231
48495,8,495,273,222
48495,9,492,256,236
48495,10,453,239,214
48495,11,454,246,208
48495,12,455,246,209
48495,13,374,186,188
48495,14,291,146,145
48495,15,274,113,161
48495,16,153,72,81
48495,17,127,56,71
48495,18,104,40,64
48497,0,68305,34159,34146
48497,1,4291,2210,2081
48497,2,4646,2302,2344
48497,3,4969,2545,2424
48497,4,4650,2387,2263
48497,5,3713,1907,1806
48497,6,4180,2064,2116
48497,7,4237,2143,2094
48497,8,4448,2248,2200
48497,9,4059,2030,2029
48497,10,4571,2270,2301
48497,11,4695,2349,2346
48497,12,5158,2574,2584
48497,13,4498,2274,2224
48497,14,3327,1624,1703
48497,15,2854,1444,1410
48497,16,1964,915,1049
48497,17,1169,536,633
48497,18,876,337,539
48499,0,45129,22386,22743
48499,1,2202,1166,1036
48499,2,2341,1182,1159
48499,3,2537,1295,1242
48499,4,2685,1371,1314
48499,5,2557,1364,1193
48499,6,2248,1207,1041
48499,7,2074,1052,1022
48499,8,2171,1106,1065
48499,9,2038,1016,1022
48499,10,2438,1265,1173
48499,11,2699,1307,1392
48499,12,3330,1615,1715
48499,13,3667,1758,1909
48499,14,3642,1717,1925
48499,15,3361,1651,1710
48499,16,2465,1170,1295
48499,17,1472,711,761
48499,18,1202,433,769
48501,0,8591,4385,4206
48501,1,764,416,348
48501,2,785,392,393
48501,3,830,406,424
48501,4,693,352,341
48501,5,562,325,237
48501,6,519,300,219
48501,7,561,295,266
48501,8,548,246,302
48501,9,495,262,233
48501,10,421,197,224
48501,11,445,227,218
48501,12,502,265,237
48501,13,449,225,224
48501,14,319,150,169
48501,15,256,135,121
48501,16,197,101,96
48501,17,128,51,77
48501,18,117,40,77
48503,0,18045,8937,9108
48503,1,1097,553,544
48503,2,1258,668,590
48503,3,1251,629,622
48503,4,1141,592,549
48503,5,903,490,413
48503,6,1020,489,531
48503,7,1068,534,534
48503,8,1028,508,520
48503,9,973,464,509
48503,10,1003,496,507
48503,11,1085,569,516
48503,12,1278,631,647
48503,13,1269,650,619
48503,14,1154,577,577
48503,15,884,409,475
48503,16,671,301,370
48503,17,489,217,272
48503,18,473,160,313
48505,0,14190,7083,7107
48505,1,1291,679,612
48505,2,1380,727,653
48505,3,1321,728,593
48505,4,1131,584,547
48505,5,1028,523,505
48505,6,936,456,480
48505,7,836,410,426
48505,8,809,400,409
48505,9,889,425,464
48505,10,751,344,407
48505,11,728,319,409
48505,12,654,322,332
48505,13,593,305,288
48505,14,561,264,297
48505,15,463,200,263
48505,16,390,195,195
48505,17,229,122,107
48505,18,200,80,120
48507,0,11983,6061,5922
48507,1,919,438,481
48507,2,1055,538,517
48507,3,963,512,451
48507,4,968,488,480
48507,5,1002,583,419
48507,6,916,507,409
48507,7,708,372,336
48507,8,649,314,335
48507,9,689,380,309
48507,10,650,321,329
48507,11,594,275,319
48507,12,591,298,293
48507,13,567,271,296
48507,14,584,270,314
48507,15,422,189,233
48507,16,281,127,154
48507,17,201,89,112
48507,18,224,89,135
49001,0,6580,3361,3219
49001,1,574,280,294
49001,2,581,312,269
49001,3,626,328,298
49001,4,529,274,255
49001,5,378,204,174
49001,6,375,191,184
49001,7,373,178,195
49001,8,426,214,212
49001,9,383,209,174
49001,10,328,168,160
49001,11,284,137,147
49001,12,365,194,171
49001,13,410,202,208
49001,14,339,180,159
49001,15,225,92,133
49001,16,185,88,97
49001,17,121,66,55
49001,18,78,44,34
49003,0,54950,27852,27098
49003,1,4514,2379,2135
49003,2,4907,2514,2393
49003,3,5139,2667,2472
49003,4,4328,2284,2044
49003,5,3232,1740,1492
49003,6,3538,1736,1802
49003,7,3422,1720,1702
49003,8,3913,2005,1908
49003,9,3488,1705,1783
49003,10,2746,1396,1350
49003,11,2592,1282,1310
49003,12,3135,1570,1565
49003,13,2887,1426,1461
49003,14,2328,1167,1161
49003,15,1715,860,855
49003,16,1280,599,681
49003,17,1014,449,565
49003,18,772,353,419
49005,0,127068,63667,63401
49005,1,10796,5426,5370
49005,2,10759,5460,5299
49005,3,10753,5480,5273
49005,4,11786,5556,6230
49005,5,18568,9244,9324
49005,6,10471,5757,4714
49005,7,7184,3706,3478
49005,8,7924,3995,3929
49005,9,6982,3533,3449
49005,10,5527,2793,2734
49005,11,4688,2376,2312
49005,12,5002,2437,2565
49005,13,4619,2220,2399
49005,14,3990,1947,2043
49005,15,2943,1430,1513
49005,16,2180,1022,1158
49005,17,1531,726,805
49005,18,1365,559,806
49007,0,20269,10065,10204
49007,1,1236,648,588
49007,2,1475,793,682
49007,3,1605,805,800
49007,4,1537,746,791
49007,5,1246,636,610
49007,6,1204,614,590
49007,7,1187,582,605
49007,8,1363,681,682
49007,9,1184,585,599
49007,10,1045,513,532
49007,11,973,484,489
49007,12,1226,599,627
49007,13,1458,723,735
49007,14,1214,589,625
49007,15,931,464,467
49007,16,587,279,308
49007,17,411,179,232
49007,18,387,145,242
49009,0,980,556,424
49009,1,48,19,29
49009,2,59,37,22
49009,3,66,43,23
49009,4,66,41,25
49009,5,38,15,23
49009,6,29,15,14
49009,7,44,20,24
49009,8,52,23,29
49009,9,50,29,21
49009,10,60,34,26
49009,11,56,35,21
49009,12,87,47,40
49009,13,74,43,31
49009,14,86,48,38
49009,15,74,39,35
49009,16,38,28,10
49009,17,18,12,6
49009,18,35,28,7
49011,0,351713,177609,174104
49011,1,29686,15529,14157
49011,2,32020,16512,15508
49011,3,32896,17096,15800
49011,4,27779,14623,13156
49011,5,22953,12109,10844
49011,6,24624,12285,12339
49011,7,24612,12242,12370
49011,8,27912,14025,13887
49011,9,24293,12251,12042
49011,10,19671,9918,9753
49011,11,16608,8315,8293
49011,12,17699,8798,8901
49011,13,15643,7624,8019
49011,14,12097,5797,6300
49011,15,9019,4189,4830
49011,16,6117,2856,3261
49011,17,4228,1851,2377
49011,18,3856,1589,2267
49013,0,19964,10103,9861
49013,1,1819,945,874
49013,2,1943,977,966
49013,3,1893,920,973
49013,4,1582,844,738
49013,5,1029,516,513
49013,6,1231,605,626
49013,7,1363,684,679
49013,8,1495,766,729
49013,9,1271,663,608
49013,10,978,496,482
49013,11,892,455,437
49013,12,1046,510,536
49013,13,1014,544,470
49013,14,774,405,369
49013,15,610,300,310
49013,16,447,218,229
49013,17,303,148,155
49013,18,274,107,167
49015,0,10014,5110,4904
49015,1,602,312,290
49015,2,828,469,359
49015,3,937,500,437
49015,4,748,392,356
49015,5,547,306,241
49015,6,496,239,257
49015,7,525,249,276
49015,8,680,337,343
49015,9,611,322,289
49015,10,509,245,264
49015,11,495,255,240
49015,12,622,284,338
49015,13,686,362,324
49015,14,581,298,283
49015,15,426,220,206
49015,16,342,162,180
49015,17,198,88,110
49015,18,181,70,111
49017,0,5080,2645,2435
49017,1,299,164,135
49017,2,286,139,147
49017,3,349,186,163
49017,4,354,197,157
49017,5,247,133,114
49017,6,288,159,129
49017,7,276,137,139
49017,8,321,180,141
49017,9,249,133,116
49017,10,267,129,138
49017,11,253,141,112
49017,12,364,177,187
49017,13,352,177,175
49017,14,415,208,207
49017,15,309,179,130
49017,16,198,99,99
49017,17,125,60,65
49017,18,128,47,81
49019,0,9764,4933,4831
49019,1,595,300,295
49019,2,572,299,273
49019,3,580,284,296
49019,4,525,281,244
49019,5,485,250,235
49019,6,636,314,322
49019,7,611,304,307
49019,8,756,374,382
49019,9,576,282,294
49019,10,588,309,279
49019,11,561,271,290
49019,12,698,359,339
49019,13,764,381,383
49019,14,670,349,321
49019,15,470,256,214
49019,16,296,148,148
49019,17,185,93,92
49019,18,196,79,117
49021,0,52775,26363,26412
49021,1,4114,2109,2005
49021,2,4215,2143,2072
49021,3,4526,2296,2230
49021,4,4543,2152,2391
49021,5,5523,2781,2742
49021,6,3942,2069,1873
49021,7,3004,1511,1493
49021,8,3399,1700,1699
49021,9,2900,1482,1418
49021,10,2534,1254,1280
49021,11,2228,1109,1119
49021,12,2503,1243,1260
49021,13,2644,1220,1424
49021,14,2348,1221,1127
49021,15,1817,844,973
49021,16,1216,623,593
49021,17,732,353,379
49021,18,587,253,334
49023,0,11555,5929,5626
49023,1,1043,539,504
49023,2,1096,582,514
49023,3,1142,631,511
49023,4,1051,571,480
49023,5,737,385,352
49023,6,723,359,364
49023,7,648,315,333
49023,8,812,419,393
49023,9,730,368,362
49023,10,628,303,325
49023,11,538,286,252
49023,12,547,274,273
49023,13,463,230,233
49023,14,492,237,255
49023,15,374,190,184
49023,16,250,115,135
49023,17,164,84,80
49023,18,117,41,76
49025,0,7709,3894,3815
49025,1,460,232,228
49025,2,513,259,254
49025,3,535,282,253
49025,4,479,246,233
49025,5,339,189,150
49025,6,427,242,185
49025,7,451,221,230
49025,8,465,229,236
49025,9,375,211,164
49025,10,368,181,187
49025,11,409,198,211
49025,12,476,224,252
49025,13,616,281,335
49025,14,609,305,304
49025,15,502,228,274
49025,16,344,193,151
49025,17,211,123,88
49025,18,130,50,80
49027,0,13006,6658,6348
49027,1,1019,541,478
49027,2,1127,574,553
49027,3,1193,605,588
49027,4,1017,551,466
49027,5,742,410,332
49027,6,640,305,335
49027,7,694,333,361
49027,8,809,454,355
49027,9,697,359,338
49027,10,641,328,313
49027,11,618,315,303
49027,12,748,349,399
49027,13,829,415,414
49027,14,673,346,327
49027,15,567,287,280
49027,16,420,218,202
49027,17,262,130,132
49027,18,310,138,172
49029,0,12045,6224,5821
49029,1,890,472,418
49029,2,1227,653,574
49029,3,1367,737,630
49029,4,1122,601,521
49029,5,692,367,325
49029,6,511,246,265
49029,7,611,284,327
49029,8,825,425,400
49029,9,864,437,427
49029,10,688,350,338
49029,11,624,315,309
49029,12,641,338,303
49029,13,601,321,280
49029,14,467,228,239
49029,15,338,159,179
49029,16,311,156,155
49029,17,154,79,75
49029,18,112,56,56
49031,0,1445,746,699
49031,1,47,25,22
49031,2,75,29,46
49031,3,133,76,57
49031,4,109,62,47
49031,5,62,34,28
49031,6,58,24,34
49031,7,50,26,24
49031,8,68,35,33
49031,9,83,45,38
49031,10,68,35,33
49031,11,70,37,33
49031,12,90,53,37
49031,13,115,52,63
49031,14,135,63,72
49031,15,105,55,50
49031,16,86,47,39
49031,17,45,21,24
49031,18,46,27,19
49033,0,2464,1268,1196
49033,1,188,109,79
49033,2,210,109,101
49033,3,206,104,102
49033,4,182,85,97
49033,5,145,87,58
49033,6,126,53,73
49033,7,139,62,77
49033,8,145,83,62
49033,9,133,66,67
49033,10,123,68,55
49033,11,118,54,64
49033,12,141,61,80
49033,13,165,94,71
49033,14,152,84,68
49033,15,108,52,56
49033,16,84,40,44
49033,17,36,22,14
49033,18,63,35,28
49035,0,1152633,578614,574019
49035,1,86592,43952,42640
49035,2,86324,43866,42458
49035,3,88464,45555,42909
49035,4,80790,41597,39193
49035,5,80823,41213,39610
49035,6,99521,50487,49034
49035,7,90915,46598,44317
49035,8,90564,46178,44386
49035,9,78381,40104,38277
49035,10,69324,35418,33906
49035,11,59843,30231,29612
49035,12,60476,29442,31034
49035,13,55459,27350,28109
49035,14,44510,21236,23274
49035,15,31988,14891,17097
49035,16,21276,9384,11892
49035,17,13727,5835,7892
49035,18,13656,5277,8379
49037,0,15449,7726,7723
49037,1,1192,610,582
49037,2,1328,660,668
49037,3,1387,718,669
49037,4,1360,705,655
49037,5,1021,541,480
49037,6,996,513,483
49037,7,891,475,416
49037,8,837,398,439
49037,9,813,401,412
49037,10,856,447,409
49037,11,814,412,402
49037,12,939,432,507
49037,13,828,395,433
49037,14,726,357,369
49037,15,560,277,283
49037,16,391,182,209
49037,17,250,102,148
49037,18,260,101,159
49039,0,30623,16112,14511
49039,1,1893,963,930
49039,2,2012,1027,985
49039,3,2320,1205,1115
49039,4,3202,1560,1642
49039,5,2846,1589,1257
49039,6,2085,1141,944
49039,7,1852,1032,820
49039,8,1966,1136,830
49039,9,1923,1062,861
49039,10,1680,951,729
49039,11,1449,788,661
49039,12,1562,786,776
49039,13,1560,782,778
49039,14,1491,745,746
49039,15,1063,518,545
49039,16,800,397,403
49039,17,535,250,285
49039,18,384,180,204
49041,0,21539,10945,10594
49041,1,1590,827,763
49041,2,1712,866,846
49041,3,1866,980,886
49041,4,1754,930,824
49041,5,1221,668,553
49041,6,1182,634,548
49041,7,1210,577,633
49041,8,1481,747,734
49041,9,1386,718,668
49041,10,1121,587,534
49041,11,1012,508,504
49041,12,1299,627,672
49041,13,1240,603,637
49041,14,1086,538,548
49041,15,900,413,487
49041,16,666,331,335
49041,17,452,227,225
49041,18,361,164,197
49043,0,41933,21461,20472
49043,1,2279,1146,1133
49043,2,2676,1328,1348
49043,3,3246,1675,1571
49043,4,3058,1614,1444
49043,5,2359,1300,1059
49043,6,2548,1339,1209
49043,7,2478,1302,1176
49043,8,2652,1303,1349
49043,9,2775,1439,1336
49043,10,3174,1552,1622
49043,11,3127,1550,1577
49043,12,3223,1595,1628
49043,13,3058,1590,1468
49043,14,2193,1137,1056
49043,15,1481,758,723
49043,16,902,493,409
49043,17,392,207,185
49043,18,312,133,179
49045,0,69907,35389,34518
49045,1,5628,2921,2707
49045,2,6474,3347,3127
49045,3,6822,3506,3316
49045,4,5793,3002,2791
49045,5,4278,2148,2130
49045,6,4524,2243,2281
49045,7,4812,2360,2452
49045,8,5644,2819,2825
49045,9,5173,2618,2555
49045,10,4324,2204,2120
49045,11,3524,1837,1687
49045,12,3495,1797,1698
49045,13,3013,1521,1492
49045,14,2378,1182,1196
49045,15,1656,832,824
49045,16,1073,527,546
49045,17,680,293,387
49045,18,616,232,384
49047,0,35438,18011,17427
49047,1,3031,1590,1441
49047,2,3353,1724,1629
49047,3,3504,1779,1725
49047,4,2736,1432,1304
49047,5,1878,1008,870
49047,6,2438,1230,1208
49047,7,2518,1246,1272
49047,8,2862,1470,1392
49047,9,2308,1209,1099
49047,10,1795,941,854
49047,11,1580,758,822
49047,12,1831,929,902
49047,13,1749,842,907
49047,14,1330,684,646
49047,15,982,484,498
49047,16,666,301,365
49047,17,451,203,248
49047,18,426,181,245
49049,0,622213,314587,307626
49049,1,58844,30333,28511
49049,2,57689,29763,27926
49049,3,58106,29843,28263
49049,4,58866,29342,29524
49049,5,78791,40424,38367
49049,6,51858,27530,24328
49049,7,37526,18629,18897
49049,8,41781,21146,20635
49049,9,36892,18734,18158
49049,10,28909,14523,14386
49049,11,23304,11844,11460
49049,12,22055,11001,11054
49049,13,19542,9485,10057
49049,14,15829,7484,8345
49049,15,12509,5832,6677
49049,16,8682,3933,4749
49049,17,5854,2630,3224
49049,18,5176,2111,3065
49051,0,33240,16873,16367
49051,1,2574,1334,1240
49051,2,2882,1459,1423
49051,3,3248,1707,1541
49051,4,2621,1367,1254
49051,5,1984,1055,929
49051,6,1721,875,846
49051,7,1964,964,1000
49051,8,2478,1174,1304
49051,9,2441,1247,1194
49051,10,2027,1057,970
49051,11,1764,850,914
49051,12,1903,971,932
49051,13,1811,933,878
49051,14,1452,717,735
49051,15,1115,547,568
49051,16,661,344,317
49051,17,319,149,170
49051,18,275,123,152
49053,0,171700,85053,86647
49053,1,11537,5913,5624
49053,2,12238,6409,5829
49053,3,13235,6866,6369
49053,4,12339,6286,6053
49053,5,10492,5410,5082
49053,6,10195,5057,5138
49053,7,9577,4701,4876
49053,8,10830,5510,5320
49053,9,9535,4817,4718
49053,10,8258,4104,4154
49053,11,7726,3736,3990
49053,12,8801,3998,4803
49053,13,10093,4650,5443
49053,14,10694,4943,5751
49053,15,9612,4651,4961
49053,16,7385,3551,3834
49053,17,4865,2461,2404
49053,18,4288,1990,2298
49055,0,2690,1381,1309
49055,1,163,92,71
49055,2,172,84,88
49055,3,191,91,100
49055,4,198,106,92
49055,5,148,78,70
49055,6,108,60,48
49055,7,168,87,81
49055,8,144,73,71
49055,9,131,66,65
49055,10,143,79,64
49055,11,146,77,69
49055,12,187,86,101
49055,13,205,102,103
49055,14,226,121,105
49055,15,170,86,84
49055,16,98,51,47
49055,17,46,26,20
49055,18,46,16,30
49057,0,256359,129008,127351
49057,1,19751,10078,9673
49057,2,20325,10348,9977
49057,3,20464,10391,10073
49057,4,18531,9511,9020
49057,5,18102,9211,8891
49057,6,20736,10655,10081
49057,7,18572,9446,9126
49057,8,18755,9628,9127
49057,9,16628,8551,8077
49057,10,14288,7158,7130
49057,11,13209,6697,6512
49057,12,14201,7160,7041
49057,13,12900,6378,6522
49057,14,10218,4916,5302
49057,15,7799,3733,4066
49057,16,5046,2259,2787
49057,17,3495,1532,1963
49057,18,3339,1356,1983
50001,0,36973,18469,18504
50001,1,1572,806,766
50001,2,1677,875,802
50001,3,1823,982,841
50001,4,2902,1429,1473
50001,5,3347,1765,1582
50001,6,1837,971,866
50001,7,1933,1000,933
50001,8,2007,989,1018
50001,9,1944,974,970
50001,10,2278,1118,1160
50001,11,2561,1263,1298
50001,12,2835,1407,1428
50001,13,2900,1412,1488
50001,14,2584,1276,1308
50001,15,1970,980,990
50001,16,1198,550,648
50001,17,798,381,417
50001,18,807,291,516
50003,0,35631,17363,18268
50003,1,1670,842,828
50003,2,1800,952,848
50003,3,2013,1082,931
50003,4,2288,1129,1159
50003,5,2237,1073,1164
50003,6,1777,909,868
50003,7,1709,846,863
50003,8,1805,862,943
50003,9,1706,857,849
50003,10,2128,1017,1111
50003,11,2501,1207,1294
50003,12,2937,1426,1511
50003,13,2898,1404,1494
50003,14,2552,1258,1294
50003,15,2042,971,1071
50003,16,1465,654,811
50003,17,958,430,528
50003,18,1145,444,701
50005,0,30302,15166,15136
50005,1,1451,736,715
50005,2,1509,784,725
50005,3,1755,910,845
50005,4,2112,1133,979
50005,5,1825,977,848
50005,6,1647,869,778
50005,7,1546,788,758
50005,8,1716,848,868
50005,9,1672,844,828
50005,10,1953,982,971
50005,11,1973,977,996
50005,12,2334,1122,1212
50005,13,2455,1173,1282
50005,14,2268,1102,1166
50005,15,1678,859,819
50005,16,1067,515,552
50005,17,638,282,356
50005,18,703,265,438
50007,0,164572,80692,83880
50007,1,7714,4042,3672
50007,2,7721,3983,3738
50007,3,8425,4339,4086
50007,4,13688,6732,6956
50007,5,18647,9367,9280
50007,6,12329,6399,5930
50007,7,10905,5587,5318
50007,8,10176,5081,5095
50007,9,8923,4416,4507
50007,10,9675,4727,4948
50007,11,10071,4903,5168
50007,12,11302,5476,5826
50007,13,10323,5082,5241
50007,14,8188,3767,4421
50007,15,6154,2788,3366
50007,16,4204,1837,2367
50007,17,2685,1042,1643
50007,18,3442,1124,2318
50009,0,6250,3131,3119
50009,1,300,146,154
50009,2,298,158,140
50009,3,292,144,148
50009,4,323,173,150
50009,5,271,139,132
50009,6,278,147,131
50009,7,272,121,151
50009,8,294,137,157
50009,9,314,159,155
50009,10,411,208,203
50009,11,469,236,233
50009,12,538,257,281
50009,13,592,288,304
50009,14,489,268,221
50009,15,456,236,220
50009,16,293,154,139
50009,17,181,88,93
50009,18,179,72,107
50011,0,49421,24611,24810
50011,1,2892,1474,1418
50011,2,3054,1624,1430
50011,3,3128,1623,1505
50011,4,2902,1475,1427
50011,5,2741,1370,1371
50011,6,3176,1610,1566
50011,7,3107,1559,1548
50011,8,3198,1554,1644
50011,9,2978,1482,1496
50011,10,3350,1661,1689
50011,11,3528,1721,1807
50011,12,3871,1987,1884
50011,13,3571,1744,1827
50011,14,2804,1358,1446
50011,15,2091,1056,1035
50011,16,1349,653,696
50011,17,848,373,475
50011,18,833,287,546
50013,0,7090,3578,3512
50013,1,293,144,149
50013,2,370,196,174
50013,3,363,172,191
50013,4,384,206,178
50013,5,317,179,138
50013,6,369,195,174
50013,7,409,207,202
50013,8,395,189,206
50013,9,388,200,188
50013,10,427,208,219
50013,11,542,266,276
50013,12,683,334,349
50013,13,675,349,326
50013,14,598,310,288
50013,15,421,210,211
50013,16,231,114,117
50013,17,128,66,62
50013,18,97,33,64
50015,0,25300,12657,12643
50015,1,1309,686,623
50015,2,1424,705,719
50015,3,1535,759,776
50015,4,1628,831,797
50015,5,1567,818,749
50015,6,1550,804,746
50015,7,1607,824,783
50015,8,1588,803,785
50015,9,1604,790,814
50015,10,1703,910,793
50015,11,1715,849,866
50015,12,1916,907,1009
50015,13,1761,852,909
50015,14,1527,744,783
50015,15,1142,594,548
50015,16,786,386,400
50015,17,489,233,256
50015,18,449,162,287
50017,0,28999,14524,14475
50017,1,1366,714,652
50017,2,1467,776,691
50017,3,1501,780,721
50017,4,1709,976,733
50017,5,1610,854,756
50017,6,1441,731,710
50017,7,1618,828,790
50017,8,1741,863,878
50017,9,1551,777,774
50017,10,1801,891,910
50017,11,2052,1010,1042
50017,12,2507,1203,1304
50017,13,2486,1236,1250
50017,14,2249,1116,1133
50017,15,1615,769,846
50017,16,1046,510,536
50017,17,637,265,372
50017,18,602,225,377
50019,0,26907,13501,13406
50019,1,1309,699,610
50019,2,1412,693,719
50019,3,1507,759,748
50019,4,1508,786,722
50019,5,1473,759,714
50019,6,1477,788,689
50019,7,1455,799,656
50019,8,1498,747,751
50019,9,1481,744,737
50019,10,1683,870,813
50019,11,1805,906,899
50019,12,1988,988,1000
50019,13,2198,1109,1089
50019,14,2039,967,1072
50019,15,1617,824,793
50019,16,1117,559,558
50019,17,645,277,368
50019,18,695,227,468
50021,0,58672,28924,29748
50021,1,2676,1356,1320
50021,2,2805,1427,1378
50021,3,3006,1572,1434
50021,4,3731,1909,1822
50021,5,3579,1790,1789
50021,6,3210,1681,1529
50021,7,3139,1567,1572
50021,8,3068,1552,1516
50021,9,2864,1435,1429
50021,10,3596,1782,1814
50021,11,4167,2087,2080
50021,12,4983,2393,2590
50021,13,4893,2421,2472
50021,14,4360,2108,2252
50021,15,3463,1674,1789
50021,16,2220,1039,1181
50021,17,1417,628,789
50021,18,1495,503,992
50023,0,58140,28773,29367
50023,1,2779,1429,1350
50023,2,2982,1566,1416
50023,3,3137,1575,1562
50023,4,3852,2112,1740
50023,5,3611,2033,1578
50023,6,3208,1624,1584
50023,7,3379,1661,1718
50023,8,3494,1690,1804
50023,9,3481,1706,1775
50023,10,3806,1876,1930
50023,11,4076,1995,2081
50023,12,4485,2165,2320
50023,13,4439,2147,2292
50023,14,3933,1908,2025
50023,15,2949,1415,1534
50023,16,1870,839,1031
50023,17,1265,578,687
50023,18,1394,454,940
50025,0,42756,20919,21837
50025,1,1889,957,932
50025,2,2059,1082,977
50025,3,2287,1158,1129
50025,4,2405,1270,1135
50025,5,2371,1297,1074
50025,6,2314,1159,1155
50025,7,2314,1133,1181
50025,8,2410,1144,1266
50025,9,2194,1043,1151
50025,10,2459,1201,1258
50025,11,2885,1350,1535
50025,12,3687,1783,1904
50025,13,3725,1819,1906
50025,14,3503,1739,1764
50025,15,2524,1173,1351
50025,16,1594,734,860
50025,17,994,456,538
50025,18,1142,421,721
50027,0,55286,26944,28342
50027,1,2461,1245,1216
50027,2,2694,1394,1300
50027,3,2989,1502,1487
50027,4,2853,1448,1405
50027,5,2597,1333,1264
50027,6,2920,1463,1457
50027,7,3165,1551,1614
50027,8,3214,1589,1625
50027,9,2897,1443,1454
50027,10,3262,1632,1630
50027,11,3842,1838,2004
50027,12,4631,2192,2439
50027,13,4876,2314,2562
50027,14,4242,2073,2169
50027,15,3435,1607,1828
50027,16,2270,1109,1161
50027,17,1500,666,834
50027,18,1438,545,893
51001,0,32412,15817,16595
51001,1,1810,950,860
51001,2,1886,963,923
51001,3,1857,976,881
51001,4,1709,890,819
51001,5,1411,761,650
51001,6,1867,900,967
51001,7,1750,897,853
51001,8,1731,871,860
51001,9,1591,753,838
51001,10,1791,885,906
51001,11,2101,995,1106
51001,12,2449,1173,1276
51001,13,2821,1329,1492
51001,14,2421,1146,1275
51001,15,2030,944,1086
51001,16,1425,647,778
51001,17,876,378,498
51001,18,886,359,527
51003,0,108718,51970,56748
51003,1,5712,2908,2804
51003,2,5934,3049,2885
51003,3,6078,3084,2994
51003,4,9387,4457,4930
51003,5,7438,3662,3776
51003,6,7019,3342,3677
51003,7,7050,3530,3520
51003,8,6596,3257,3339
51003,9,6041,2982,3059
51003,10,6328,3109,3219
51003,11,6536,3136,3400
51003,12,7157,3304,3853
51003,13,7194,3237,3957
51003,14,6499,2985,3514
51003,15,4955,2319,2636
51003,16,3548,1565,1983
51003,17,2380,1012,1368
51003,18,2866,1032,1834
51005,0,14910,7291,7619
51005,1,634,314,320
51005,2,757,390,367
51005,3,826,453,373
51005,4,854,443,411
51005,5,790,413,377
51005,6,796,396,400
51005,7,664,322,342
51005,8,731,358,373
51005,9,726,362,364
51005,10,1015,493,522
51005,11,1099,554,545
51005,12,1144,551,593
51005,13,1192,564,628
51005,14,1041,533,508
51005,15,1020,470,550
51005,16,752,359,393
51005,17,435,180,255
51005,18,434,136,298
51007,0,13013,6416,6597
51007,1,647,347,300
51007,2,740,374,366
51007,3,788,394,394
51007,4,752,397,355
51007,5,668,353,315
51007,6,754,367,387
51007,7,728,360,368
51007,8,702,360,342
51007,9,681,320,361
51007,10,816,407,409
51007,11,953,471,482
51007,12,1155,572,583
51007,13,1053,526,527
51007,14,798,378,420
51007,15,691,357,334
51007,16,508,232,276
51007,17,290,115,175
51007,18,289,86,203
51009,0,31666,15368,16298
51009,1,1641,859,782
51009,2,1732,919,813
51009,3,1798,888,910
51009,4,1827,948,879
51009,5,1837,920,917
51009,6,1851,924,927
51009,7,1733,839,894
51009,8,1664,819,845
51009,9,1652,799,853
51009,10,2110,1051,1059
51009,11,2305,1124,1181
51009,12,2530,1206,1324
51009,13,2285,1097,1188
51009,14,2093,976,1117
51009,15,1696,823,873
51009,16,1331,588,743
51009,17,783,330,453
51009,18,798,258,540
51011,0,15841,7692,8149
51011,1,924,468,456
51011,2,934,478,456
51011,3,927,476,451
51011,4,912,458,454
51011,5,830,418,412
51011,6,969,489,480
51011,7,940,452,488
51011,8,948,462,486
51011,9,840,421,419
51011,10,1007,502,505
51011,11,1012,472,540
51011,12,1170,552,618
51011,13,1148,540,608
51011,14,981,467,514
51011,15,890,435,455
51011,16,679,305,374
51011,17,387,180,207
51011,18,343,117,226
51013,0,237521,119009,118512
51013,1,14285,7335,6950
51013,2,12023,6224,5799
51013,3,10976,5557,5419
51013,4,9027,4563,4464
51013,5,16215,8076,8139
51013,6,30020,14964,15056
51013,7,27129,13804,13325
51013,8,22185,11244,10941
51013,9,17356,8766,8590
51013,10,15989,8118,7871
51013,11,13734,7134,6600
51013,12,12552,6542,6010
51013,13,10821,5220,5601
51013,14,8785,4169,4616
51013,15,6616,3142,3474
51013,16,4180,1878,2302
51013,17,2546,1100,1446
51013,18,3082,1173,1909
51015,0,75457,38274,37183
51015,1,3455,1731,1724
51015,2,3820,1934,1886
51015,3,4383,2249,2134
51015,4,4272,2273,1999
51015,5,4086,2223,1863
51015,6,4563,2487,2076
51015,7,4243,2277,1966
51015,8,4420,2358,2062
51015,9,4235,2205,2030
51015,10,5114,2618,2496
51015,11,5438,2721,2717
51015,12,5946,2995,2951
51015,13,5605,2749,2856
51015,14,4907,2395,2512
51015,15,4176,2008,2168
51015,16,3088,1509,1579
51015,17,1933,844,1089
51015,18,1773,698,1075
51017,0,4292,2161,2131
51017,1,189,98,91
51017,2,182,79,103
51017,3,165,77,88
51017,4,187,101,86
51017,5,204,95,109
51017,6,236,123,113
51017,7,212,114,98
51017,8,195,99,96
51017,9,208,107,101
51017,10,272,127,145
51017,11,340,184,156
51017,12,367,192,175
51017,13,348,172,176
51017,14,328,160,168
51017,15,344,168,176
51017,16,241,123,118
51017,17,127,66,61
51017,18,147,76,71
51019,0,78747,38794,39953
51019,1,3605,1833,1772
51019,2,4333,2237,2096
51019,3,4630,2356,2274
51019,4,4622,2351,2271
51019,5,4158,2137,2021
51019,6,4215,2151,2064
51019,7,3825,1915,1910
51019,8,3983,1931,2052
51019,9,4218,2088,2130
51019,10,5462,2635,2827
51019,11,5890,2900,2990
51019,12,6595,3219,3376
51019,13,6422,3164,3258
51019,14,5468,2672,2796
51019,15,4546,2207,2339
51019,16,3201,1472,1729
51019,17,1895,851,1044
51019,18,1679,675,1004
51021,0,6293,3445,2848
51021,1,240,110,130
51021,2,249,135,114
51021,3,283,147,136
51021,4,284,150,134
51021,5,315,188,127
51021,6,418,249,169
51021,7,356,250,106
51021,8,376,240,136
51021,9,429,274,155
51021,10,510,296,214
51021,11,471,272,199
51021,12,450,220,230
51021,13,465,213,252
51021,14,441,228,213
51021,15,390,188,202
51021,16,300,153,147
51021,17,171,78,93
51021,18,145,54,91
51023,0,33277,16494,16783
51023,1,1404,717,687
51023,2,1630,817,813
51023,3,1945,988,957
51023,4,1950,1011,939
51023,5,1675,862,813
51023,6,1571,851,720
51023,7,1626,831,795
51023,8,1734,860,874
51023,9,1722,839,883
51023,10,2355,1186,1169
51023,11,2643,1288,1355
51023,12,2792,1380,1412
51023,13,2661,1327,1334
51023,14,2530,1253,1277
51023,15,2032,989,1043
51023,16,1401,634,767
51023,17,852,393,459
51023,18,754,268,486
51025,0,16384,8773,7611
51025,1,679,325,354
51025,2,696,337,359
51025,3,800,421,379
51025,4,817,440,377
51025,5,1125,722,403
51025,6,1239,857,382
51025,7,1068,708,360
51025,8,1000,587,413
51025,9,956,568,388
51025,10,981,522,459
51025,11,1089,553,536
51025,12,1190,571,619
51025,13,1221,585,636
51025,14,1156,541,615
51025,15,893,423,470
51025,16,633,288,345
51025,17,453,197,256
51025,18,388,128,260
51027,0,21221,10735,10486
51027,1,841,437,404
51027,2,1026,520,506
51027,3,1108,583,525
51027,4,1051,525,526
51027,5,1060,603,457
51027,6,1221,699,522
51027,7,1176,652,524
51027,8,1229,646,583
51027,9,1258,679,579
51027,10,1499,776,723
51027,11,1591,799,792
51027,12,1707,844,863
51027,13,1745,873,872
51027,14,1490,696,794
51027,15,1278,589,689
51027,16,927,433,494
51027,17,626,248,378
51027,18,388,133,255
51029,0,16999,9364,7635
51029,1,677,360,317
51029,2,881,427,454
51029,3,916,473,443
51029,4,818,457,361
51029,5,926,576,350
51029,6,1200,757,443
51029,7,1167,729,438
51029,8,1101,676,425
51029,9,1102,703,399
51029,10,1161,701,460
51029,11,1240,697,543
51029,12,1259,668,591
51029,13,1211,610,601
51029,14,1120,535,585
51029,15,893,435,458
51029,16,579,280,299
51029,17,409,163,246
51029,18,339,117,222
51031,0,54973,26723,28250
51031,1,2613,1304,1309
51031,2,2961,1510,1451
51031,3,3061,1568,1493
51031,4,3114,1575,1539
51031,5,3290,1630,1660
51031,6,3885,1939,1946
51031,7,3396,1770,1626
51031,8,3113,1583,1530
51031,9,3048,1499,1549
51031,10,3652,1775,1877
51031,11,3762,1848,1914
51031,12,4123,1954,2169
51031,13,4012,1940,2072
51031,14,3292,1531,1761
51031,15,2932,1313,1619
51031,16,1989,884,1105
51031,17,1410,598,812
51031,18,1320,502,818
51033,0,30772,15214,15558
51033,1,2018,1006,1012
51033,2,2042,1026,1016
51033,3,1929,1008,921
51033,4,1686,862,824
51033,5,1559,772,787
51033,6,2138,1041,1097
51033,7,2140,1109,1031
51033,8,2004,1060,944
51033,9,1836,929,907
51033,10,2002,1030,972
51033,11,2080,1017,1063
51033,12,2278,1150,1128
51033,13,2010,942,1068
51033,14,1686,803,883
51033,15,1371,652,719
51033,16,920,419,501
51033,17,539,202,337
51033,18,534,186,348
51035,0,29636,14676,14960
51035,1,1300,700,600
51035,2,1449,743,706
51035,3,1619,836,783
51035,4,1608,824,784
51035,5,1364,729,635
51035,6,1553,765,788
51035,7,1417,711,706
51035,8,1480,749,731
51035,9,1675,869,806
51035,10,2012,972,1040
51035,11,2218,1144,1074
51035,12,2372,1173,1199
51035,13,2310,1104,1206
51035,14,2256,1117,1139
51035,15,1953,926,1027
51035,16,1414,687,727
51035,17,860,357,503
51035,18,776,270,506
51036,0,6941,3345,3596
51036,1,257,116,141
51036,2,279,137,142
51036,3,306,151,155
51036,4,330,181,149
51036,5,315,160,155
51036,6,419,218,201
51036,7,325,163,162
51036,8,345,163,182
51036,9,314,145,169
51036,10,446,220,226
51036,11,585,282,303
51036,12,703,340,363
51036,13,609,305,304
51036,14,581,269,312
51036,15,473,243,230
51036,16,302,135,167
51036,17,175,58,117
51036,18,177,59,118
51037,0,11938,5896,6042
51037,1,657,348,309
51037,2,690,377,313
51037,3,715,358,357
51037,4,690,359,331
51037,5,634,338,296
51037,6,640,338,302
51037,7,587,290,297
51037,8,572,281,291
51037,9,609,293,316
51037,10,724,352,372
51037,11,847,409,438
51037,12,988,511,477
51037,13,931,448,483
51037,14,785,378,407
51037,15,683,321,362
51037,16,522,245,277
51037,17,328,151,177
51037,18,336,99,237
51041,0,348556,168039,180517
51041,1,20848,10852,9996
51041,2,22635,11651,10984
51041,3,24079,12291,11788
51041,4,24853,12708,12145
51041,5,21020,10279,10741
51041,6,20497,9974,10523
51041,7,21358,10338,11020
51041,8,23707,11306,12401
51041,9,22931,10810,12121
51041,10,24550,11710,12840
51041,11,23852,11461,12391
51041,12,24096,11345,12751
51041,13,22102,10182,11920
51041,14,18368,8470,9898
51041,15,14615,6734,7881
51041,16,8990,4063,4927
51041,17,5120,2136,2984
51041,18,4935,1729,3206
51043,0,14523,7238,7285
51043,1,679,355,324
51043,2,707,359,348
51043,3,934,470,464
51043,4,882,442,440
51043,5,738,397,341
51043,6,644,336,308
51043,7,678,350,328
51043,8,772,378,394
51043,9,768,377,391
51043,10,959,465,494
51043,11,1257,651,606
51043,12,1307,662,645
51043,13,1130,549,581
51043,14,1015,529,486
51043,15,821,392,429
51043,16,535,245,290
51043,17,370,159,211
51043,18,327,122,205
51045,0,5064,2508,2556
51045,1,195,102,93
51045,2,227,116,111
51045,3,282,151,131
51045,4,290,145,145
51045,5,250,121,129
51045,6,274,142,132
51045,7,236,130,106
51045,8,242,115,127
51045,9,272,137,135
51045,10,353,171,182
51045,11,415,218,197
51045,12,426,214,212
51045,13,417,205,212
51045,14,375,191,184
51045,15,341,166,175
51045,16,205,96,109
51045,17,131,51,80
51045,18,133,37,96
51047,0,51859,25944,25915
51047,1,3386,1713,1673
51047,2,3554,1771,1783
51047,3,3727,1861,1866
51047,4,3407,1742,1665
51047,5,2738,1411,1327
51047,6,3064,1607,1457
51047,7,3179,1583,1596
51047,8,3382,1755,1627
51047,9,3272,1671,1601
51047,10,3405,1784,1621
51047,11,3664,1856,1808
51047,12,3701,1881,1820
51047,13,3221,1525,1696
51047,14,2706,1334,1372
51047,15,2241,1025,1216
51047,16,1499,714,785
51047,17,890,407,483
51047,18,823,304,519
51049,0,9809,4736,5073
51049,1,468,235,233
51049,2,511,267,244
51049,3,550,276,274
51049,4,555,272,283
51049,5,547,259,288
51049,6,640,323,317
51049,7,513,248,265
51049,8,521,256,265
51049,9,489,222,267
51049,10,610,292,318
51049,11,744,371,373
51049,12,776,390,386
51049,13,686,323,363
51049,14,690,328,362
51049,15,627,295,332
51049,16,432,201,231
51049,17,233,101,132
51049,18,217,77,140
51051,0,14523,7360,7163
51051,1,691,339,352
51051,2,810,436,374
51051,3,858,446,412
51051,4,776,401,375
51051,5,677,351,326
51051,6,842,451,391
51051,7,782,410,372
51051,8,915,487,428
51051,9,909,474,435
51051,10,928,492,436
51051,11,951,510,441
51051,12,1083,527,556
51051,13,1103,572,531
51051,14,995,475,520
51051,15,877,417,460
51051,16,645,312,333
51051,17,361,158,203
51051,18,320,102,218
51053,0,28529,13941,14588
51053,1,1344,682,662
51053,2,1640,827,813
51053,3,1673,840,833
51053,4,1735,875,860
51053,5,1580,801,779
51053,6,1897,957,940
51053,7,1774,883,891
51053,8,1606,762,844
51053,9,1609,778,831
51053,10,1970,965,1005
51053,11,2307,1138,1169
51053,12,2325,1177,1148
51053,13,2088,1004,1084
51053,14,1648,762,886
51053,15,1313,639,674
51053,16,943,438,505
51053,17,581,241,340
51053,18,496,172,324
51057,0,10919,5113,5806
51057,1,516,268,248
51057,2,564,299,265
51057,3,571,262,309
51057,4,589,262,327
51057,5,553,276,277
51057,6,675,333,342
51057,7,610,293,317
51057,8,541,256,285
51057,9,525,242,283
51057,10,687,305,382
51057,11,793,352,441
51057,12,897,414,483
51057,13,868,426,442
51057,14,830,362,468
51057,15,673,307,366
51057,16,468,228,240
51057,17,286,130,156
51057,18,273,98,175
51059,0,1150795,570871,579924
51059,1,72674,37266,35408
51059,2,74202,37813,36389
51059,3,76520,39293,37227
51059,4,72948,37362,35586
51059,5,69156,34972,34184
51059,6,74384,38486,35898
51059,7,79412,40560,38852
51059,8,85272,42343,42929
51059,9,80970,39748,41222
51059,10,83629,41091,42538
51059,11,80346,39270,41076
51059,12,78869,38844,40025
51059,13,67573,32912,34661
51059,14,52927,25190,27737
51059,15,41144,19365,21779
51059,16,26749,12369,14380
51059,17,16357,7297,9060
51059,18,17663,6690,10973
51061,0,70675,34991,35684
51061,1,4176,2116,2060
51061,2,4452,2249,2203
51061,3,4763,2507,2256
51061,4,4742,2459,2283
51061,5,3869,1930,1939
51061,6,3848,1924,1924
51061,7,4002,2029,1973
51061,8,4215,2070,2145
51061,9,4075,2013,2062
51061,10,4943,2416,2527
51061,11,5428,2646,2782
51061,12,5731,2833,2898
51061,13,4811,2394,2417
51061,14,3899,1885,2014
51061,15,3097,1522,1575
51061,16,2157,988,1169
51061,17,1335,604,731
51061,18,1132,406,726
51063,0,15795,7939,7856
51063,1,764,398,366
51063,2,834,442,392
51063,3,952,491,461
51063,4,880,453,427
51063,5,723,371,352
51063,6,752,360,392
51063,7,775,408,367
51063,8,861,427,434
51063,9,934,471,463
51063,10,1060,537,523
51063,11,1109,615,494
51063,12,1267,625,642
51063,13,1280,633,647
51063,14,1191,593,598
51063,15,910,428,482
51063,16,706,371,335
51063,17,426,193,233
51063,18,371,123,248
51065,0,26783,12252,14531
51065,1,1295,660,635
51065,2,1368,702,666
51065,3,1647,820,827
51065,4,1496,724,772
51065,5,1387,596,791
51065,6,1536,627,909
51065,7,1607,714,893
51065,8,1817,792,1025
51065,9,1622,709,913
51065,10,1790,810,980
51065,11,1895,833,1062
51065,12,1951,917,1034
51065,13,1954,888,1066
51065,14,1669,774,895
51065,15,1519,703,816
51065,16,1039,475,564
51065,17,649,288,361
51065,18,542,220,322
51067,0,56195,27672,28523
51067,1,2665,1348,1317
51067,2,2933,1465,1468
51067,3,3194,1658,1536
51067,4,3387,1680,1707
51067,5,2894,1454,1440
51067,6,2923,1471,1452
51067,7,2692,1298,1394
51067,8,2740,1393,1347
51067,9,2743,1344,1399
51067,10,3505,1735,1770
51067,11,4182,2091,2091
51067,12,4556,2238,2318
51067,13,4562,2246,2316
51067,14,4274,2062,2212
51067,15,3689,1836,1853
51067,16,2499,1237,1262
51067,17,1498,650,848
51067,18,1259,466,793
51069,0,88355,44026,44329
51069,1,5426,2783,2643
51069,2,5448,2757,2691
51069,3,5881,3062,2819
51069,4,5529,2874,2655
51069,5,4855,2492,2363
51069,6,5351,2740,2611
51069,7,5307,2652,2655
51069,8,5709,2826,2883
51069,9,5197,2610,2587
51069,10,5950,2986,2964
51069,11,6434,3234,3200
51069,12,6449,3236,3213
51069,13,5555,2717,2838
51069,14,4796,2291,2505
51069,15,4103,1955,2148
51069,16,2834,1303,1531
51069,17,1820,831,989
51069,18,1711,677,1034
51071,0,16844,8297,8547
51071,1,905,445,460
51071,2,936,473,463
51071,3,951,486,465
51071,4,1035,537,498
51071,5,856,440,416
51071,6,1018,512,506
51071,7,824,423,401
51071,8,900,449,451
51071,9,989,490,499
51071,10,1171,582,589
51071,11,1271,634,637
51071,12,1188,619,569
51071,13,1119,511,608
51071,14,1137,575,562
51071,15,1008,480,528
51071,16,718,350,368
51071,17,410,176,234
51071,18,408,115,293
51073,0,37349,18376,18973
51073,1,1893,996,897
51073,2,2082,1016,1066
51073,3,2097,1074,1023
51073,4,2154,1144,1010
51073,5,1865,936,929
51073,6,2213,1110,1103
51073,7,2203,1120,1083
51073,8,2233,1132,1101
51073,9,2085,1036,1049
51073,10,2332,1150,1182
51073,11,2827,1335,1492
51073,12,3196,1584,1612
51073,13,3051,1460,1591
51073,14,2324,1133,1191
51073,15,1884,913,971
51073,16,1343,606,737
51073,17,816,365,451
51073,18,751,266,485
51075,0,23244,11401,11843
51075,1,879,434,445
51075,2,1082,571,511
51075,3,1272,651,621
51075,4,1318,672,646
51075,5,1109,557,552
51075,6,1183,630,553
51075,7,1090,559,531
51075,8,1172,566,606
51075,9,1325,643,682
51075,10,1624,775,849
51075,11,1859,881,978
51075,12,2159,1029,1130
51075,13,1981,940,1041
51075,14,1759,864,895
51075,15,1479,727,752
51075,16,948,444,504
51075,17,493,244,249
51075,18,512,214,298
51077,0,15631,8047,7584
51077,1,654,343,311
51077,2,716,341,375
51077,3,732,374,358
51077,4,805,415,390
51077,5,819,480,339
51077,6,858,494,364
51077,7,788,453,335
51077,8,779,434,345
51077,9,920,508,412
51077,10,1078,600,478
51077,11,1161,586,575
51077,12,1239,615,624
51077,13,1250,641,609
51077,14,1201,593,608
51077,15,977,487,490
51077,16,713,321,392
51077,17,477,207,270
51077,18,464,155,309
51079,0,19779,9632,10147
51079,1,1240,601,639
51079,2,1322,670,652
51079,3,1386,698,688
51079,4,1222,660,562
51079,5,910,483,427
51079,6,1134,550,584
51079,7,1250,607,643
51079,8,1241,588,653
51079,9,1162,582,580
51079,10,1288,616,672
51079,11,1435,709,726
51079,12,1469,726,743
51079,13,1288,601,687
51079,14,1112,512,600
51079,15,1012,461,551
51079,16,638,318,320
51079,17,359,144,215
51079,18,311,106,205
51081,0,11627,7285,4342
51081,1,592,306,286
51081,2,551,302,249
51081,3,549,279,270
51081,4,546,296,250
51081,5,753,568,185
51081,6,905,651,254
51081,7,960,716,244
51081,8,826,632,194
51081,9,887,656,231
51081,10,949,660,289
51081,11,863,575,288
51081,12,770,467,303
51081,13,721,373,348
51081,14,618,326,292
51081,15,470,211,259
51081,16,318,129,189
51081,17,189,71,118
51081,18,160,67,93
51083,0,34120,16355,17765
51083,1,1780,884,896
51083,2,1784,937,847
51083,3,2094,1041,1053
51083,4,1947,999,948
51083,5,1822,942,880
51083,6,1892,985,907
51083,7,1655,815,840
51083,8,1693,813,880
51083,9,1695,830,865
51083,10,2053,982,1071
51083,11,2251,1097,1154
51083,12,2473,1221,1252
51083,13,2668,1235,1433
51083,14,2519,1190,1329
51083,15,2208,1019,1189
51083,16,1518,674,844
51083,17,1042,400,642
51083,18,1026,291,735
51085,0,107239,52476,54763
51085,1,5416,2813,2603
51085,2,6407,3359,3048
51085,3,7230,3745,3485
51085,4,7437,3786,3651
51085,5,6293,3254,3039
51085,6,5381,2746,2635
51085,7,5731,2806,2925
51085,8,6342,3140,3202
51085,9,6334,3034,3300
51085,10,7573,3696,3877
51085,11,7922,3751,4171
51085,12,8597,4161,4436
51085,13,7544,3644,3900
51085,14,6218,2972,3246
51085,15,5003,2333,2670
51085,16,3478,1550,1928
51085,17,2100,908,1192
51085,18,2233,778,1455
51087,0,329261,156230,173031
51087,1,19533,10163,9370
51087,2,20175,10398,9777
51087,3,21616,10883,10733
51087,4,19929,10361,9568
51087,5,18475,9297,9178
51087,6,23805,11484,12321
51087,7,23609,11367,12242
51087,8,23192,11105,12087
51087,9,20750,9857,10893
51087,10,22350,10573,11777
51087,11,21856,10208,11648
51087,12,22388,10333,12055
51087,13,20538,9209,11329
51087,14,16884,7504,9380
51087,15,12859,5597,7262
51087,16,8581,3533,5048
51087,17,5736,2127,3609
51087,18,6985,2231,4754
51089,0,50953,24528,26425
51089,1,2363,1161,1202
51089,2,2798,1470,1328
51089,3,2917,1518,1399
51089,4,2791,1437,1354
51089,5,2534,1282,1252
51089,6,2718,1364,1354
51089,7,2594,1232,1362
51089,8,2491,1176,1315
51089,9,2658,1331,1327
51089,10,3220,1560,1660
51089,11,3789,1828,1961
51089,12,4015,1954,2061
51089,13,3887,1903,1984
51089,14,3411,1589,1822
51089,15,3102,1383,1719
51089,16,2508,1104,1404
51089,17,1597,692,905
51089,18,1560,544,1016
51091,0,2210,1100,1110
51091,1,100,50,50
51091,2,67,34,33
51091,3,65,28,37
51091,4,85,42,43
51091,5,66,31,35
51091,6,108,53,55
51091,7,83,38,45
51091,8,72,40,32
51091,9,98,46,52
51091,10,103,59,44
51091,11,110,63,47
51091,12,230,111,119
51091,13,263,129,134
51091,14,242,130,112
51091,15,218,110,108
51091,16,136,67,69
51091,17,92,45,47
51091,18,72,24,48
51093,0,36953,18094,18859
51093,1,1956,1022,934
51093,2,2081,1082,999
51093,3,2260,1103,1157
51093,4,2126,1085,1041
51093,5,1981,1059,922
51093,6,1929,976,953
51093,7,2109,1006,1103
51093,8,2219,1129,1090
51093,9,1974,949,1025
51093,10,2427,1179,1248
51093,11,2713,1290,1423
51093,12,3355,1663,1692
51093,13,2748,1373,1375
51093,14,2375,1131,1244
51093,15,1832,835,997
51093,16,1295,617,678
51093,17,795,345,450
51093,18,778,250,528
51095,0,76397,36921,39476
51095,1,3779,1911,1868
51095,2,4135,2116,2019
51095,3,4546,2303,2243
51095,4,4419,2277,2142
51095,5,3713,1934,1779
51095,6,3892,1978,1914
51095,7,3870,1933,1937
51095,8,4273,2109,2164
51095,9,4051,1954,2097
51095,10,4589,2221,2368
51095,11,5012,2420,2592
51095,12,5470,2538,2932
51095,13,5347,2451,2896
51095,14,5506,2507,2999
51095,15,5174,2374,2800
51095,16,3852,1779,2073
51095,17,2442,1195,1247
51095,18,2327,921,1406
51097,0,7042,3567,3475
51097,1,304,151,153
51097,2,329,164,165
51097,3,391,195,196
51097,4,339,182,157
51097,5,377,203,174
51097,6,431,228,203
51097,7,374,212,162
51097,8,349,176,173
51097,9,338,177,161
51097,10,449,231,218
51097,11,547,274,273
51097,12,593,304,289
51097,13,609,315,294
51097,14,529,259,270
51097,15,422,212,210
51097,16,305,150,155
51097,17,160,67,93
51097,18,196,67,129
51099,0,26575,13459,13116
51099,1,1595,844,751
51099,2,1858,959,899
51099,3,2041,1053,988
51099,4,1735,871,864
51099,5,1638,925,713
51099,6,1663,879,784
51099,7,1664,829,835
51099,8,1912,946,966
51099,9,1765,889,876
51099,10,1721,851,870
51099,11,1984,982,1002
51099,12,1956,997,959
51099,13,1567,785,782
51099,14,1171,586,585
51099,15,956,469,487
51099,16,628,304,324
51099,17,380,162,218
51099,18,341,128,213
51101,0,16939,8291,8648
51101,1,1022,527,495
51101,2,1035,520,515
51101,3,1144,595,549
51101,4,1051,558,493
51101,5,862,423,439
51101,6,1104,530,574
51101,7,1124,554,570
51101,8,1081,539,542
51101,9,1004,506,498
51101,10,1133,556,577
51101,11,1288,616,672
51101,12,1287,644,643
51101,13,1076,503,573
51101,14,969,429,540
51101,15,738,368,370
51101,16,479,217,262
51101,17,298,125,173
51101,18,244,81,163
51103,0,10783,5083,5700
51103,1,486,233,253
51103,2,435,233,202
51103,3,496,280,216
51103,4,470,249,221
51103,5,398,196,202
51103,6,452,227,225
51103,7,433,203,230
51103,8,394,199,195
51103,9,399,176,223
51103,10,485,230,255
51103,11,573,270,303
51103,12,832,372,460
51103,13,1034,458,576
51103,14,1000,488,512
51103,15,1009,456,553
51103,16,789,383,406
51103,17,501,224,277
51103,18,597,206,391
51105,0,23541,12237,11304
51105,1,1079,589,490
51105,2,1241,649,592
51105,3,1276,643,633
51105,4,1207,615,592
51105,5,1170,652,518
51105,6,1517,900,617
51105,7,1424,880,544
51105,8,1437,830,607
51105,9,1440,783,657
51105,10,1619,842,777
51105,11,1586,778,808
51105,12,1705,831,874
51105,13,1814,911,903
51105,14,1639,804,835
51105,15,1309,644,665
51105,16,993,433,560
51105,17,630,278,352
51105,18,455,175,280
51107,0,406850,201469,205381
51107,1,28856,14580,14276
51107,2,32680,16858,15822
51107,3,34052,17286,16766
51107,4,28840,14456,14384
51107,5,20967,10558,10409
51107,6,20174,10021,10153
51107,7,27683,13111,14572
51107,8,35141,16925,18216
51107,9,34435,17122,17313
51107,10,34321,17583,16738
51107,11,29577,14871,14706
51107,12,24699,12604,12095
51107,13,17623,8732,8891
51107,14,12682,5930,6752
51107,15,10048,4510,5538
51107,16,6615,2917,3698
51107,17,4188,1764,2424
51107,18,4269,1641,2628
51109,0,36778,18169,18609
51109,1,1972,1014,958
51109,2,2003,1000,1003
51109,3,2165,1097,1068
51109,4,1907,955,952
51109,5,1743,921,822
51109,6,2191,1058,1133
51109,7,2148,1043,1105
51109,8,2097,1046,1051
51109,9,1990,989,1001
51109,10,2313,1161,1152
51109,11,2789,1349,1440
51109,12,3219,1581,1638
51109,13,2957,1466,1491
51109,14,2564,1258,1306
51109,15,2037,1012,1025
51109,16,1275,598,677
51109,17,766,357,409
51109,18,642,264,378
51111,0,12086,6400,5686
51111,1,588,311,277
51111,2,616,329,287
51111,3,670,337,333
51111,4,561,297,264
51111,5,587,331,256
51111,6,746,423,323
51111,7,727,434,293
51111,8,700,450,250
51111,9,791,476,315
51111,10,707,404,303
51111,11,835,471,364
51111,12,883,449,434
51111,13,978,469,509
51111,14,891,458,433
51111,15,702,306,396
51111,16,487,228,259
51111,17,337,139,198
51111,18,280,88,192
51113,0,13295,6416,6879
51113,1,657,334,323
51113,2,711,341,370
51113,3,818,415,403
51113,4,776,370,406
51113,5,624,297,327
51113,6,719,367,352
51113,7,730,359,371
51113,8,686,336,350
51113,9,678,325,353
51113,10,806,395,411
51113,11,918,467,451
51113,12,1136,542,594
51113,13,1077,517,560
51113,14,927,428,499
51113,15,779,350,429
51113,16,544,262,282
51113,17,371,178,193
51113,18,338,133,205
51115,0,8802,4235,4567
51115,1,317,173,144
51115,2,361,179,182
51115,3,393,179,214
51115,4,463,235,228
51115,5,434,223,211
51115,6,355,183,172
51115,7,374,178,196
51115,8,336,160,176
51115,9,428,224,204
51115,10,503,250,253
51115,11,623,290,333
51115,12,684,332,352
51115,13,797,368,429
51115,14,767,362,405
51115,15,740,340,400
51115,16,542,263,279
51115,17,384,175,209
51115,18,301,121,180
51117,0,30650,14885,15765
51117,1,1473,748,725
51117,2,1504,750,754
51117,3,1683,862,821
51117,4,1602,816,786
51117,5,1548,796,752
51117,6,1630,871,759
51117,7,1460,749,711
51117,8,1509,791,718
51117,9,1546,739,807
51117,10,1800,860,940
51117,11,2057,1012,1045
51117,12,2446,1176,1270
51117,13,2534,1200,1334
51117,14,2396,1139,1257
51117,15,2116,988,1128
51117,16,1493,676,817
51117,17,969,398,571
51117,18,884,314,570
51119,0,10769,5243,5526
51119,1,506,252,254
51119,2,427,222,205
51119,3,504,252,252
51119,4,503,263,240
51119,5,454,238,216
51119,6,505,284,221
51119,7,458,234,224
51119,8,482,247,235
51119,9,407,205,202
51119,10,585,292,293
51119,11,679,316,363
51119,12,942,461,481
51119,13,964,434,530
51119,14,920,423,497
51119,15,954,453,501
51119,16,690,335,355
51119,17,387,174,213
51119,18,402,158,244
51121,0,98985,51452,47533
51121,1,4217,2141,2076
51121,2,4231,2171,2060
51121,3,4284,2219,2065
51121,4,10993,5994,4999
51121,5,18531,10706,7825
51121,6,7937,4277,3660
51121,7,6301,3327,2974
51121,8,5031,2679,2352
51121,9,4813,2442,2371
51121,10,5200,2579,2621
51121,11,4986,2514,2472
51121,12,4964,2369,2595
51121,13,5022,2463,2559
51121,14,4075,1913,2162
51121,15,3160,1463,1697
51121,16,2237,1030,1207
51121,17,1492,638,854
51121,18,1511,527,984
51125,0,14836,7170,7666
51125,1,620,302,318
51125,2,689,341,348
51125,3,798,405,393
51125,4,798,421,377
51125,5,658,347,311
51125,6,691,336,355
51125,7,698,341,357
51125,8,788,369,419
51125,9,720,351,369
51125,10,846,429,417
51125,11,1001,479,522
51125,12,1149,548,601
51125,13,1327,625,702
51125,14,1400,659,741
51125,15,1139,565,574
51125,16,762,362,400
51125,17,404,180,224
51125,18,348,110,238
51127,0,22391,11450,10941
51127,1,1133,599,534
51127,2,1210,591,619
51127,3,1347,714,633
51127,4,1242,658,584
51127,5,1123,600,523
51127,6,1397,799,598
51127,7,1464,774,690
51127,8,1380,697,683
51127,9,1390,712,678
51127,10,1565,821,744
51127,11,1712,871,841
51127,12,1785,886,899
51127,13,1783,872,911
51127,14,1445,688,757
51127,15,1193,604,589
51127,16,631,321,310
51127,17,326,151,175
51127,18,265,92,173
51131,0,11735,5603,6132
51131,1,556,274,282
51131,2,682,381,301
51131,3,693,361,332
51131,4,582,311,271
51131,5,522,288,234
51131,6,600,304,296
51131,7,566,273,293
51131,8,598,293,305
51131,9,501,254,247
51131,10,618,287,331
51131,11,658,299,359
51131,12,991,437,554
51131,13,1070,478,592
51131,14,983,467,516
51131,15,788,361,427
51131,16,564,251,313
51131,17,337,142,195
51131,18,426,142,284
51133,0,12147,5956,6191
51133,1,413,216,197
51133,2,515,278,237
51133,3,497,275,222
51133,4,513,270,243
51133,5,474,243,231
51133,6,524,247,277
51133,7,428,207,221
51133,8,498,250,248
51133,9,441,225,216
51133,10,477,226,251
51133,11,769,345,424
51133,12,1019,485,534
51133,13,1123,534,589
51133,14,1229,575,654
51133,15,1256,582,674
51133,16,944,484,460
51133,17,527,286,241
51133,18,500,228,272
51135,0,15420,8338,7082
51135,1,767,379,388
51135,2,831,394,437
51135,3,829,431,398
51135,4,817,412,405
51135,5,993,629,364
51135,6,1136,731,405
51135,7,1031,654,377
51135,8,994,561,433
51135,9,895,546,349
51135,10,970,610,360
51135,11,1076,598,478
51135,12,1091,570,521
51135,13,1031,506,525
51135,14,914,460,454
51135,15,730,334,396
51135,16,574,241,333
51135,17,374,149,225
51135,18,367,133,234
51137,0,36644,17877,18767
51137,1,2041,1005,1036
51137,2,2201,1087,1114
51137,3,2149,1059,1090
51137,4,2062,1106,956
51137,5,1965,1007,958
51137,6,2183,1123,1060
51137,7,2139,1039,1100
51137,8,2135,1104,1031
51137,9,2076,1011,1065
51137,10,2300,1118,1182
51137,11,2589,1294,1295
51137,12,2760,1356,1404
51137,13,2580,1230,1350
51137,14,2273,1030,1243
51137,15,1953,863,1090
51137,16,1489,702,787
51137,17,934,422,512
51137,18,815,321,494
51139,0,23933,11830,12103
51139,1,1251,631,620
51139,2,1221,606,615
51139,3,1416,706,710
51139,4,1295,688,607
51139,5,1193,602,591
51139,6,1429,722,707
51139,7,1294,649,645
51139,8,1350,669,681
51139,9,1364,685,679
51139,10,1565,782,783
51139,11,1808,924,884
51139,12,1915,951,964
51139,13,1719,831,888
51139,14,1574,785,789
51139,15,1326,639,687
51139,16,1010,480,530
51139,17,659,281,378
51139,18,544,199,345
51141,0,17673,8730,8943
51141,1,730,366,364
51141,2,850,420,430
51141,3,959,505,454
51141,4,859,442,417
51141,5,842,441,401
51141,6,744,394,350
51141,7,770,375,395
51141,8,799,414,385
51141,9,1007,486,521
51141,10,1228,654,574
51141,11,1282,645,637
51141,12,1513,721,792
51141,13,1423,722,701
51141,14,1367,681,686
51141,15,1228,574,654
51141,16,1001,458,543
51141,17,587,280,307
51141,18,484,152,332
51143,0,60949,30048,30901
51143,1,2598,1316,1282
51143,2,3052,1539,1513
51143,3,3594,1796,1798
51143,4,3559,1852,1707
51143,5,3142,1675,1467
51143,6,3290,1747,1543
51143,7,3017,1534,1483
51143,8,3132,1587,1545
51143,9,3304,1682,1622
51143,10,4102,2073,2029
51143,11,4471,2242,2229
51143,12,5058,2437,2621
51143,13,4840,2340,2500
51143,14,4363,2114,2249
51143,15,3659,1678,1981
51143,16,2727,1257,1470
51143,17,1576,692,884
51143,18,1465,487,978
51145,0,29189,15130,14059
51145,1,1287,663,624
51145,2,1424,752,672
51145,3,1605,849,756
51145,4,1591,873,718
51145,5,1548,872,676
51145,6,1524,868,656
51145,7,1574,843,731
51145,8,1790,953,837
51145,9,1936,1035,901
51145,10,2327,1212,1115
51145,11,2508,1302,1206
51145,12,2478,1221,1257
51145,13,2273,1127,1146
51145,14,1850,911,939
51145,15,1558,765,793
51145,16,972,456,516
51145,17,505,264,241
51145,18,439,164,275
51147,0,22950,11491,11459
51147,1,1119,611,508
51147,2,975,475,500
51147,3,985,484,501
51147,4,2664,1262,1402
51147,5,3886,2224,1662
51147,6,1425,773,652
51147,7,1097,572,525
51147,8,1069,577,492
51147,9,955,495,460
51147,10,1084,499,585
51147,11,1207,610,597
51147,12,1342,624,718
51147,13,1363,659,704
51147,14,1173,553,620
51147,15,849,385,464
51147,16,723,324,399
51147,17,446,172,274
51147,18,588,192,396
51149,0,38082,20584,17498
51149,1,2126,1096,1030
51149,2,2281,1188,1093
51149,3,2407,1198,1209
51149,4,2317,1224,1093
51149,5,2277,1316,961
51149,6,2870,1718,1152
51149,7,3244,1902,1342
51149,8,3225,1969,1256
51149,9,2513,1495,1018
51149,10,2338,1312,1026
51149,11,2478,1318,1160
51149,12,2459,1251,1208
51149,13,2200,1111,1089
51149,14,1772,837,935
51149,15,1470,706,764
51149,16,997,493,504
51149,17,546,243,303
51149,18,562,207,355
51153,0,468011,233996,234015
51153,1,35026,18313,16713
51153,2,35107,18177,16930
51153,3,36131,18533,17598
51153,4,32331,16451,15880
51153,5,29229,15245,13984
51153,6,30298,15297,15001
51153,7,32631,16346,16285
51153,8,36983,18358,18625
51153,9,34284,17021,17263
51153,10,34325,17142,17183
51153,11,32639,16330,16309
51153,12,29833,14818,15015
51153,13,22875,11208,11667
51153,14,16677,7850,8827
51153,15,13032,6017,7015
51153,16,8063,3578,4485
51153,17,4512,1926,2586
51153,18,4035,1386,2649
51155,0,34066,17016,17050
51155,1,1619,814,805
51155,2,1568,790,778
51155,3,1762,893,869
51155,4,1702,882,820
51155,5,1757,978,779
51155,6,2158,1163,995
51155,7,1818,963,855
51155,8,1754,943,811
51155,9,1909,985,924
51155,10,2513,1283,1230
51155,11,2499,1308,1191
51155,12,2585,1289,1296
51155,13,2608,1235,1373
51155,14,2438,1123,1315
51155,15,2181,1033,1148
51155,16,1473,670,803
51155,17,905,390,515
51155,18,817,274,543
51157,0,7252,3559,3693
51157,1,246,120,126
51157,2,341,180,161
51157,3,361,186,175
51157,4,386,189,197
51157,5,338,179,159
51157,6,361,175,186
51157,7,335,156,179
51157,8,309,149,160
51157,9,360,181,179
51157,10,424,223,201
51157,11,530,245,285
51157,12,620,297,323
51157,13,660,321,339
51157,14,597,298,299
51157,15,577,276,301
51157,16,378,191,187
51157,17,229,107,122
51157,18,200,86,114
51159,0,9038,5084,3954
51159,1,404,211,193
51159,2,408,206,202
51159,3,469,234,235
51159,4,434,216,218
51159,5,472,313,159
51159,6,635,436,199
51159,7,630,442,188
51159,8,621,420,201
51159,9,596,403,193
51159,10,617,412,205
51159,11,602,355,247
51159,12,664,370,294
51159,13,585,289,296
51159,14,529,251,278
51159,15,416,181,235
51159,16,379,154,225
51159,17,284,117,167
51159,18,293,74,219
51161,0,94073,45334,48739
51161,1,4184,2192,1992
51161,2,5099,2652,2447
51161,3,5773,2965,2808
51161,4,5691,2904,2787
51161,5,5277,2601,2676
51161,6,5369,2722,2647
51161,7,5372,2631,2741
51161,8,5329,2636,2693
51161,9,5633,2758,2875
51161,10,6492,3169,3323
51161,11,6382,3142,3240
51161,12,6709,3248,3461
51161,13,6612,3090,3522
51161,14,6082,2824,3258
51161,15,5219,2360,2859
51161,16,3652,1601,2051
51161,17,2521,977,1544
51161,18,2677,862,1815
51163,0,22752,11270,11482
51163,1,955,512,443
51163,2,1073,517,556
51163,3,1241,661,580
51163,4,1281,617,664
51163,5,1155,601,554
51163,6,1190,591,599
51163,7,1129,576,553
51163,8,1126,574,552
51163,9,1121,563,558
51163,10,1354,650,704
51163,11,1551,778,773
51163,12,1823,874,949
51163,13,1844,909,935
51163,14,1800,908,892
51163,15,1467,731,736
51163,16,1109,514,595
51163,17,798,374,424
51163,18,735,320,415
51165,0,81244,39975,41269
51165,1,4517,2306,2211
51165,2,4924,2554,2370
51165,3,5101,2611,2490
51165,4,5520,2740,2780
51165,5,4994,2432,2562
51165,6,5015,2544,2471
51165,7,4610,2301,2309
51165,8,4864,2468,2396
51165,9,4526,2283,2243
51165,10,5029,2458,2571
51165,11,5352,2682,2670
51165,12,5739,2850,2889
51165,13,5581,2662,2919
51165,14,4735,2350,2385
51165,15,3776,1786,1990
51165,16,2864,1318,1546
51165,17,2021,870,1151
51165,18,2076,760,1316
51167,0,26748,13083,13665
51167,1,1273,652,621
51167,2,1394,698,696
51167,3,1468,719,749
51167,4,1427,717,710
51167,5,1311,704,607
51167,6,1542,788,754
51167,7,1352,682,670
51167,8,1559,800,759
51167,9,1602,807,795
51167,10,1797,883,914
51167,11,1866,897,969
51167,12,2196,1066,1130
51167,13,2188,1065,1123
51167,14,1886,933,953
51167,15,1500,718,782
51167,16,1077,452,625
51167,17,748,293,455
51167,18,562,209,353
51169,0,21534,10829,10705
51169,1,871,462,409
51169,2,1094,551,543
51169,3,1149,573,576
51169,4,1113,560,553
51169,5,1044,567,477
51169,6,1152,629,523
51169,7,1150,604,546
51169,8,1205,616,589
51169,9,1251,671,580
51169,10,1427,715,712
51169,11,1547,780,767
51169,12,1686,859,827
51169,13,1634,814,820
51169,14,1558,754,804
51169,15,1345,616,729
51169,16,1014,495,519
51169,17,697,322,375
51169,18,597,241,356
51171,0,43497,21277,22220
51171,1,2493,1261,1232
51171,2,2492,1264,1228
51171,3,2603,1314,1289
51171,4,2492,1279,1213
51171,5,2205,1082,1123
51171,6,2544,1252,1292
51171,7,2434,1210,1224
51171,8,2494,1267,1227
51171,9,2250,1121,1129
51171,10,2766,1397,1369
51171,11,2994,1489,1505
51171,12,3181,1554,1627
51171,13,3106,1488,1618
51171,14,2795,1365,1430
51171,15,2525,1173,1352
51171,16,1844,861,983
51171,17,1169,518,651
51171,18,1110,382,728
51173,0,30472,14944,15528
51173,1,1390,695,695
51173,2,1550,768,782
51173,3,1802,967,835
51173,4,1725,858,867
51173,5,1584,812,772
51173,6,1885,980,905
51173,7,1561,838,723
51173,8,1685,822,863
51173,9,1798,918,880
51173,10,2150,1038,1112
51173,11,2151,1090,1061
51173,12,2240,1127,1113
51173,13,2245,1092,1153
51173,14,1992,928,1064
51173,15,1719,788,931
51173,16,1244,553,691
51173,17,915,381,534
51173,18,836,289,547
51175,0,17586,9142,8444
51175,1,671,347,324
51175,2,895,464,431
51175,3,1008,524,484
51175,4,966,471,495
51175,5,855,453,402
51175,6,993,524,469
51175,7,922,484,438
51175,8,931,461,470
51175,9,960,501,459
51175,10,1314,760,554
51175,11,1480,821,659
51175,12,1609,907,702
51175,13,1426,760,666
51175,14,1140,577,563
51175,15,913,466,447
51175,16,674,296,378
51175,17,439,190,249
51175,18,390,136,254
51177,0,134238,65903,68335
51177,1,8217,4183,4034
51177,2,8901,4617,4284
51177,3,9890,4970,4920
51177,4,9340,4856,4484
51177,5,7985,4056,3929
51177,6,8453,4281,4172
51177,7,8392,4059,4333
51177,8,8728,4349,4379
51177,9,8370,4083,4287
51177,10,9286,4519,4767
51177,11,9859,4764,5095
51177,12,9597,4701,4896
51177,13,8091,3907,4184
51177,14,6445,2997,3448
51177,15,5318,2409,2909
51177,16,3301,1502,1799
51177,17,2003,903,1100
51177,18,2062,747,1315
51179,0,149960,75624,74336
51179,1,9559,4998,4561
51179,2,10761,5501,5260
51179,3,11530,5895,5635
51179,4,11080,5610,5470
51179,5,10600,5792,4808
51179,6,9784,5217,4567
51179,7,10296,5255,5041
51179,8,10614,5201,5413
51179,9,10224,5182,5042
51179,10,10882,5401,5481
51179,11,11237,5560,5677
51179,12,10166,5031,5135
51179,13,7553,3810,3743
51179,14,5511,2639,2872
51179,15,4376,2071,2305
51179,16,2772,1216,1556
51179,17,1622,687,935
51179,18,1393,558,835
51181,0,6474,3198,3276
51181,1,265,137,128
51181,2,280,141,139
51181,3,322,184,138
51181,4,335,162,173
51181,5,321,155,166
51181,6,351,196,155
51181,7,362,188,174
51181,8,289,141,148
51181,9,286,137,149
51181,10,386,186,200
51181,11,532,256,276
51181,12,668,334,334
51181,13,609,292,317
51181,14,476,231,245
51181,15,407,211,196
51181,16,270,128,142
51181,17,165,67,98
51181,18,150,52,98
51183,0,11237,6658,4579
51183,1,477,228,249
51183,2,479,239,240
51183,3,485,233,252
51183,4,489,267,222
51183,5,828,610,218
51183,6,1133,864,269
51183,7,916,672,244
51183,8,746,530,216
51183,9,621,427,194
51183,10,746,461,285
51183,11,793,437,356
51183,12,789,429,360
51183,13,739,362,377
51183,14,661,345,316
51183,15,491,228,263
51183,16,379,147,232
51183,17,229,81,148
51183,18,236,98,138
51185,0,40855,20225,20630
51185,1,2052,960,1092
51185,2,2061,1062,999
51185,3,2338,1164,1174
51185,4,2270,1145,1125
51185,5,2169,1154,1015
51185,6,2344,1312,1032
51185,7,2197,1204,993
51185,8,2362,1284,1078
51185,9,2527,1339,1188
51185,10,2623,1329,1294
51185,11,2660,1297,1363
51185,12,2920,1401,1519
51185,13,3242,1526,1716
51185,14,3033,1469,1564
51185,15,2355,1117,1238
51185,16,1569,688,881
51185,17,1047,425,622
51185,18,1086,349,737
51187,0,40003,19939,20064
51187,1,2416,1244,1172
51187,2,2295,1183,1112
51187,3,2571,1316,1255
51187,4,2460,1230,1230
51187,5,2343,1187,1156
51187,6,2635,1325,1310
51187,7,2519,1303,1216
51187,8,2403,1217,1186
51187,9,2208,1104,1104
51187,10,2582,1262,1320
51187,11,3070,1533,1537
51187,12,3271,1655,1616
51187,13,2810,1419,1391
51187,14,2198,1097,1101
51187,15,1722,773,949
51187,16,1178,576,602
51187,17,698,304,394
51187,18,624,211,413
51191,0,54402,26798,27604
51191,1,2537,1332,1205
51191,2,2707,1413,1294
51191,3,2939,1489,1450
51191,4,3243,1627,1616
51191,5,2978,1562,1416
51191,6,2916,1524,1392
51191,7,2732,1419,1313
51191,8,3105,1541,1564
51191,9,3075,1550,1525
51191,10,3604,1775,1829
51191,11,3797,1896,1901
51191,12,4220,2001,2219
51191,13,4175,2010,2165
51191,14,3867,1881,1986
51191,15,3266,1555,1711
51191,16,2415,1077,1338
51191,17,1581,719,862
51191,18,1245,427,818
51193,0,17830,8700,9130
51193,1,971,501,470
51193,2,885,467,418
51193,3,969,511,458
51193,4,847,423,424
51193,5,845,404,441
51193,6,1069,585,484
51193,7,955,485,470
51193,8,906,481,425
51193,9,815,374,441
51193,10,921,437,484
51193,11,1182,561,621
51193,12,1437,680,757
51193,13,1508,731,777
51193,14,1414,658,756
51193,15,1221,562,659
51193,16,867,410,457
51193,17,574,253,321
51193,18,444,177,267
51195,0,38012,19779,18233
51195,1,1980,962,1018
51195,2,2058,1058,1000
51195,3,2124,1098,1026
51195,4,2310,1217,1093
51195,5,2489,1468,1021
51195,6,2758,1641,1117
51195,7,2377,1382,995
51195,8,2320,1290,1030
51195,9,2352,1247,1105
51195,10,2592,1392,1200
51195,11,2436,1259,1177
51195,12,2591,1272,1319
51195,13,2694,1321,1373
51195,14,2454,1154,1300
51195,15,1768,843,925
51195,16,1239,586,653
51195,17,798,345,453
51195,18,672,244,428
51197,0,28754,14037,14717
51197,1,1407,723,684
51197,2,1525,790,735
51197,3,1674,851,823
51197,4,1628,837,791
51197,5,1338,708,630
51197,6,1624,797,827
51197,7,1565,800,765
51197,8,1605,762,843
51197,9,1708,840,868
51197,10,2063,1045,1018
51197,11,2152,1072,1080
51197,12,2105,994,1111
51197,13,2147,1024,1123
51197,14,1984,966,1018
51197,15,1569,738,831
51197,16,1200,533,667
51197,17,777,339,438
51197,18,683,218,465
51199,0,67846,33273,34573
51199,1,3791,1915,1876
51199,2,4480,2267,2213
51199,3,4823,2392,2431
51199,4,4721,2418,2303
51199,5,4240,2298,1942
51199,6,3872,2042,1830
51199,7,4004,1962,2042
51199,8,4716,2260,2456
51199,9,4153,2057,2096
51199,10,4214,2019,2195
51199,11,4591,2171,2420
51199,12,5078,2463,2615
51199,13,4206,2048,2158
51199,14,3330,1559,1771
51199,15,2981,1416,1565
51199,16,2118,979,1139
51199,17,1310,577,733
51199,18,1218,430,788
51510,0,160530,77269,83261
51510,1,11469,5956,5513
51510,2,7870,4029,3841
51510,3,6362,3252,3110
51510,4,5728,2878,2850
51510,5,7604,3387,4217
51510,6,15668,7173,8495
51510,7,18889,9153,9736
51510,8,16789,8272,8517
51510,9,12689,6399,6290
51510,10,11299,5590,5709
51510,11,10088,4893,5195
51510,12,9491,4651,4840
51510,13,8119,3718,4401
51510,14,6484,2924,3560
51510,15,4973,2192,2781
51510,16,2907,1327,1580
51510,17,1819,735,1084
51510,18,2282,740,1542
51520,0,16482,7811,8671
51520,1,851,422,429
51520,2,886,421,465
51520,3,991,516,475
51520,4,887,473,414
51520,5,809,418,391
51520,6,1175,598,577
51520,7,964,479,485
51520,8,1072,520,552
51520,9,972,483,489
51520,10,1074,541,533
51520,11,1093,541,552
51520,12,1102,535,567
51520,13,1130,527,603
51520,14,1036,455,581
51520,15,871,341,530
51520,16,684,248,436
51520,17,466,187,279
51520,18,419,106,313
51530,0,6237,2928,3309
51530,1,165,69,96
51530,2,346,173,173
51530,3,358,189,169
51530,4,552,255,297
51530,5,611,298,313
51530,6,467,235,232
51530,7,330,169,161
51530,8,327,155,172
51530,9,330,167,163
51530,10,331,149,182
51530,11,410,213,197
51530,12,385,181,204
51530,13,406,175,231
51530,14,354,146,208
51530,15,327,148,179
51530,16,238,97,141
51530,17,158,66,92
51530,18,142,43,99
51540,0,48117,23316,24801
51540,1,2764,1397,1367
51540,2,2146,1076,1070
51540,3,1733,937,796
51540,4,2486,1203,1283
51540,5,7868,3862,4006
51540,6,5362,2709,2653
51540,7,4430,2210,2220
51540,8,3416,1593,1823
51540,9,2586,1305,1281
51540,10,2454,1192,1262
51540,11,2455,1161,1294
51540,12,2393,1110,1283
51540,13,2444,1184,1260
51540,14,2144,955,1189
51540,15,1377,598,779
51540,16,872,374,498
51540,17,602,244,358
51540,18,585,206,379
51550,0,242634,118401,124233
51550,1,15329,7839,7490
51550,2,15997,8126,7871
51550,3,16830,8534,8296
51550,4,15984,8303,7681
51550,5,14770,7608,7162
51550,6,17039,8637,8402
51550,7,17728,8795,8933
51550,8,17685,8710,8975
51550,9,15583,7537,8046
51550,10,15667,7679,7988
51550,11,15787,7495,8292
51550,12,17319,8283,9036
51550,13,14681,6868,7813
51550,14,11187,5150,6037
51550,15,8520,3828,4692
51550,16,5564,2423,3141
51550,17,3560,1424,2136
51550,18,3404,1162,2242
51570,0,17833,8165,9668
51570,1,1251,573,678
51570,2,1176,595,581
51570,3,1142,560,582
51570,4,1087,549,538
51570,5,1029,515,514
51570,6,1264,623,641
51570,7,1015,427,588
51570,8,1065,496,569
51570,9,919,437,482
51570,10,1030,483,547
51570,11,1100,492,608
51570,12,1211,572,639
51570,13,1049,481,568
51570,14,866,340,526
51570,15,913,393,520
51570,16,654,275,379
51570,17,507,187,320
51570,18,555,167,388
51580,0,5460,2637,2823
51580,1,130,62,68
51580,2,325,173,152
51580,3,323,163,160
51580,4,323,155,168
51580,5,333,176,157
51580,6,351,187,164
51580,7,349,183,166
51580,8,302,133,169
51580,9,299,152,147
51580,10,341,178,163
51580,11,395,187,208
51580,12,436,216,220
51580,13,393,192,201
51580,14,315,153,162
51580,15,346,151,195
51580,16,231,93,138
51580,17,134,45,89
51580,18,134,38,96
51590,0,40693,18720,21973
51590,1,2344,1186,1158
51590,2,2543,1297,1246
51590,3,2472,1215,1257
51590,4,2513,1364,1149
51590,5,2478,1202,1276
51590,6,2745,1303,1442
51590,7,2439,1205,1234
51590,8,2145,1010,1135
51590,9,1898,830,1068
51590,10,2243,1076,1167
51590,11,2522,1094,1428
51590,12,2798,1281,1517
51590,13,3035,1336,1699
51590,14,2584,1153,1431
51590,15,2074,856,1218
51590,16,1402,580,822
51590,17,1122,377,745
51590,18,1336,355,981
51595,0,5121,2370,2751
51595,1,152,74,78
51595,2,334,161,173
51595,3,367,210,157
51595,4,349,172,177
51595,5,276,134,142
51595,6,375,173,202
51595,7,301,140,161
51595,8,294,122,172
51595,9,276,130,146
51595,10,311,145,166
51595,11,337,157,180
51595,12,352,150,202
51595,13,361,178,183
51595,14,246,117,129
51595,15,246,100,146
51595,16,193,90,103
51595,17,144,57,87
51595,18,207,60,147
51600,0,24574,12216,12358
51600,1,2634,1414,1220
51600,2,1386,744,642
51600,3,1319,664,655
51600,4,1265,629,636
51600,5,1632,820,812
51600,6,1738,991,747
51600,7,1633,842,791
51600,8,1699,839,860
51600,9,1444,690,754
51600,10,1579,802,777
51600,11,1636,797,839
51600,12,1651,802,849
51600,13,1444,710,734
51600,14,1129,518,611
51600,15,883,379,504
51600,16,593,278,315
51600,17,416,154,262
51600,18,493,143,350
51610,0,14772,7251,7521
51610,1,1099,561,538
51610,2,1028,523,505
51610,3,1142,621,521
51610,4,935,493,442
51610,5,753,371,382
51610,6,957,491,466
51610,7,816,404,412
51610,8,968,444,524
51610,9,1077,522,555
51610,10,1168,584,584
51610,11,1045,496,549
51610,12,982,506,476
51610,13,848,407,441
51610,14,726,332,394
51610,15,521,222,299
51610,16,283,115,168
51610,17,216,92,124
51610,18,208,67,141
51620,0,8013,3616,4397
51620,1,450,221,229
51620,2,560,265,295
51620,3,570,321,249
51620,4,477,251,226
51620,5,416,192,224
51620,6,533,257,276
51620,7,488,202,286
51620,8,435,202,233
51620,9,367,166,201
51620,10,445,198,247
51620,11,501,206,295
51620,12,587,243,344
51620,13,605,245,360
51620,14,467,215,252
51620,15,430,197,233
51620,16,268,111,157
51620,17,193,63,130
51620,18,221,61,160
51630,0,29144,13450,15694
51630,1,2004,1031,973
51630,2,1747,911,836
51630,3,1505,742,763
51630,4,2605,1076,1529
51630,5,3973,1565,2408
51630,6,2634,1283,1351
51630,7,1982,974,1008
51630,8,1837,941,896
51630,9,1552,738,814
51630,10,1520,732,788
51630,11,1608,749,859
51630,12,1545,704,841
51630,13,1382,664,718
51630,14,1087,479,608
51630,15,844,375,469
51630,16,537,218,319
51630,17,396,151,245
51630,18,386,117,269
51640,0,6423,2979,3444
51640,1,310,150,160
51640,2,448,225,223
51640,3,406,210,196
51640,4,388,189,199
51640,5,390,203,187
51640,6,410,182,228
51640,7,367,180,187
51640,8,306,146,160
51640,9,359,179,180
51640,10,439,215,224
51640,11,452,210,242
51640,12,377,177,200
51640,13,477,228,249
51640,14,353,155,198
51640,15,299,113,186
51640,16,218,88,130
51640,17,163,58,105
51640,18,261,71,190
51650,0,134313,64558,69755
51650,1,7993,4105,3888
51650,2,7696,3944,3752
51650,3,7811,3984,3827
51650,4,8857,4423,4434
51650,5,11654,6257,5397
51650,6,11379,5866,5513
51650,7,9621,4697,4924
51650,8,8428,4009,4419
51650,9,6735,3127,3608
51650,10,7010,3192,3818
51650,11,8007,3638,4369
51650,12,9566,4524,5042
51650,13,8811,4108,4703
51650,14,6801,3028,3773
51650,15,5360,2323,3037
51650,16,3702,1572,2130
51650,17,2506,969,1537
51650,18,2376,792,1584
51660,0,54033,25987,28046
51660,1,3067,1549,1518
51660,2,2425,1242,1183
51660,3,2373,1196,1177
51660,4,7543,3043,4500
51660,5,11013,5231,5782
51660,6,4155,2122,2033
51660,7,3553,1838,1715
51660,8,3197,1629,1568
51660,9,2700,1444,1256
51660,10,2433,1275,1158
51660,11,2264,1151,1113
51660,12,2200,1069,1131
51660,13,2026,1007,1019
51660,14,1687,803,884
51660,15,1120,510,610
51660,16,852,369,483
51660,17,604,245,359
51660,18,821,264,557
51670,0,22596,10536,12060
51670,1,1730,871,859
51670,2,1619,831,788
51670,3,1643,837,806
51670,4,1331,686,645
51670,5,1351,643,708
51670,6,1756,873,883
51670,7,1528,699,829
51670,8,1393,651,742
51670,9,1212,557,655
51670,10,1318,630,688
51670,11,1423,637,786
51670,12,1465,639,826
51670,13,1281,572,709
51670,14,1094,462,632
51670,15,895,391,504
51670,16,658,279,379
51670,17,458,160,298
51670,18,441,118,323
51678,0,7136,4008,3128
51678,1,101,59,42
51678,2,213,114,99
51678,3,219,110,109
51678,4,1444,913,531
51678,5,1929,1348,581
51678,6,340,182,158
51678,7,242,118,124
51678,8,258,113,145
51678,9,232,126,106
51678,10,238,118,120
51678,11,230,114,116
51678,12,263,118,145
51678,13,271,117,154
51678,14,313,150,163
51678,15,289,113,176
51678,16,214,95,119
51678,17,146,52,94
51678,18,194,48,146
51680,0,82126,38521,43605
51680,1,5131,2617,2514
51680,2,4192,2106,2086
51680,3,4084,2119,1965
51680,4,8688,3906,4782
51680,5,14218,6827,7391
51680,6,7042,3478,3564
51680,7,4597,2280,2317
51680,8,3920,1820,2100
51680,9,3231,1538,1693
51680,10,3434,1607,1827
51680,11,3839,1779,2060
51680,12,3966,1851,2115
51680,13,3961,1781,2180
51680,14,3438,1525,1913
51680,15,2809,1200,1609
51680,16,2081,871,1210
51680,17,1512,583,929
51680,18,1983,633,1350
51683,0,41641,20875,20766
51683,1,3543,1844,1699
51683,2,3077,1590,1487
51683,3,2986,1555,1431
51683,4,2577,1329,1248
51683,5,2680,1348,1332
51683,6,3188,1533,1655
51683,7,3124,1650,1474
51683,8,3041,1612,1429
51683,9,2909,1510,1399
51683,10,2647,1352,1295
51683,11,2639,1283,1356
51683,12,2765,1293,1472
51683,13,2145,1040,1105
51683,14,1639,786,853
51683,15,1166,548,618
51683,16,670,308,362
51683,17,435,173,262
51683,18,410,121,289
51685,0,17307,8910,8397
51685,1,672,366,306
51685,2,1220,657,563
51685,3,1273,661,612
51685,4,1171,628,543
51685,5,1221,621,600
51685,6,1469,746,723
51685,7,1493,782,711
51685,8,1596,816,780
51685,9,1317,695,622
51685,10,1435,772,663
51685,11,1271,657,614
51685,12,1058,539,519
51685,13,727,362,365
51685,14,489,242,247
51685,15,381,174,207
51685,16,230,93,137
51685,17,153,48,105
51685,18,131,51,80
51690,0,12902,5976,6926
51690,1,954,476,478
51690,2,894,487,407
51690,3,898,431,467
51690,4,713,374,339
51690,5,721,373,348
51690,6,755,345,410
51690,7,716,347,369
51690,8,676,305,371
51690,9,654,320,334
51690,10,764,348,416
51690,11,905,412,493
51690,12,917,422,495
51690,13,893,380,513
51690,14,727,332,395
51690,15,613,267,346
51690,16,438,158,280
51690,17,358,140,218
51690,18,306,59,247
51700,0,178626,86229,92397
51700,1,13024,6781,6243
51700,2,11534,5844,5690
51700,3,10546,5370,5176
51700,4,12231,6208,6023
51700,5,14993,7773,7220
51700,6,16213,8189,8024
51700,7,14110,6939,7171
51700,8,11916,5876,6040
51700,9,9642,4647,4995
51700,10,9442,4387,5055
51700,11,10208,4777,5431
51700,12,11439,5311,6128
51700,13,9987,4607,5380
51700,14,7493,3288,4205
51700,15,5897,2579,3318
51700,16,4116,1655,2461
51700,17,2889,1067,1822
51700,18,2946,931,2015
51710,0,244076,127235,116841
51710,1,15893,8051,7842
51710,2,13598,6923,6675
51710,3,11792,5968,5824
51710,4,15552,8300,7252
51710,5,34001,21537,12464
51710,6,27033,15065,11968
51710,7,20495,11234,9261
51710,8,15903,8598,7305
51710,9,12033,6151,5882
51710,10,11535,5602,5933
51710,11,12333,5874,6459
51710,12,13821,6516,7305
51710,13,12753,5931,6822
51710,14,9647,4344,5303
51710,15,6816,2967,3849
51710,16,4412,1843,2569
51710,17,2951,1136,1815
51710,18,3508,1195,2313
51720,0,3968,1859,2109
51720,1,201,94,107
51720,2,246,114,132
51720,3,203,103,100
51720,4,238,137,101
51720,5,252,135,117
51720,6,315,165,150
51720,7,293,155,138
51720,8,244,115,129
51720,9,236,102,134
51720,10,229,114,115
51720,11,241,117,124
51720,12,256,124,132
51720,13,274,112,162
51720,14,237,85,152
51720,15,163,70,93
51720,16,142,54,88
51720,17,104,37,67
51720,18,94,26,68
51730,0,31567,14508,17059
51730,1,2720,1384,1336
51730,2,1838,969,869
51730,3,1637,819,818
51730,4,1504,765,739
51730,5,2146,1010,1136
51730,6,2966,1336,1630
51730,7,2090,949,1141
51730,8,1692,799,893
51730,9,1395,709,686
51730,10,1668,722,946
51730,11,2219,1050,1169
51730,12,2179,1021,1158
51730,13,2158,941,1217
51730,14,1774,758,1016
51730,15,1327,543,784
51730,16,939,356,583
51730,17,592,199,393
51730,18,723,178,545
51735,0,12190,6096,6094
51735,1,585,328,257
51735,2,703,341,362
51735,3,889,455,434
51735,4,807,430,377
51735,5,647,350,297
51735,6,588,322,266
51735,7,675,337,338
51735,8,802,404,398
51735,9,713,358,355
51735,10,786,389,397
51735,11,891,444,447
51735,12,934,451,483
51735,13,810,387,423
51735,14,663,327,336
51735,15,671,327,344
51735,16,462,208,254
51735,17,334,156,178
51735,18,230,82,148
51740,0,94632,45452,49180
51740,1,6921,3500,3421
51740,2,6277,3159,3118
51740,3,5592,2838,2754
51740,4,5215,2714,2501
51740,5,6531,3523,3008
51740,6,8414,4282,4132
51740,7,7531,3688,3843
51740,8,6612,3170,3442
51740,9,5041,2451,2590
51740,10,4937,2361,2576
51740,11,5470,2552,2918
51740,12,6270,2853,3417
51740,13,5693,2567,3126
51740,14,4705,2088,2617
51740,15,3538,1551,1987
51740,16,2396,936,1460
51740,17,1726,650,1076
51740,18,1763,569,1194
51750,0,18339,8619,9720
51750,1,647,346,301
51750,2,629,301,328
51750,3,601,298,303
51750,4,2978,1230,1748
51750,5,4650,2125,2525
51750,6,1337,747,590
51750,7,942,472,470
51750,8,793,360,433
51750,9,769,386,383
51750,10,864,444,420
51750,11,826,409,417
51750,12,809,393,416
51750,13,822,386,436
51750,14,582,265,317
51750,15,359,187,172
51750,16,302,122,180
51750,17,202,74,128
51750,18,227,74,153
51760,0,228783,108456,120327
51760,1,13421,6801,6620
51760,2,11303,5738,5565
51760,3,9936,4969,4967
51760,4,13534,6351,7183
51760,5,19374,9035,10339
51760,6,27814,13266,14548
51760,7,22641,11047,11594
51760,8,15921,8024,7897
51760,9,11555,5758,5797
51760,10,11893,5780,6113
51760,11,12970,6098,6872
51760,12,14401,6674,7727
51760,13,13848,6285,7563
51760,14,11132,5021,6111
51760,15,7211,3184,4027
51760,16,4601,1890,2711
51760,17,3064,1154,1910
51760,18,4164,1381,2783
51770,0,99920,47891,52029
51770,1,7054,3560,3494
51770,2,6340,3274,3066
51770,3,5973,3071,2902
51770,4,4973,2596,2377
51770,5,5670,2770,2900
51770,6,8240,3962,4278
51770,7,7240,3611,3629
51770,8,6524,3173,3351
51770,9,5717,2806,2911
51770,10,6209,3029,3180
51770,11,6324,3208,3116
51770,12,6733,3188,3545
51770,13,6403,3015,3388
51770,14,5681,2446,3235
51770,15,4115,1803,2312
51770,16,2600,1053,1547
51770,17,1735,613,1122
51770,18,2389,713,1676
51775,0,25643,12201,13442
51775,1,1395,714,681
51775,2,1345,693,652
51775,3,1402,747,655
51775,4,2152,1007,1145
51775,5,2063,1000,1063
51775,6,1540,763,777
51775,7,1415,729,686
51775,8,1469,742,727
51775,9,1269,599,670
51775,10,1667,813,854
51775,11,1606,760,846
51775,12,1701,816,885
51775,13,1783,817,966
51775,14,1515,667,848
51775,15,1202,533,669
51775,16,883,361,522
51775,17,578,236,342
51775,18,658,204,454
51790,0,24922,11435,13487
51790,1,1631,813,818
51790,2,1237,631,606
51790,3,1259,686,573
51790,4,1249,544,705
51790,5,1403,525,878
51790,6,1778,816,962
51790,7,1628,771,857
51790,8,1644,796,848
51790,9,1443,700,743
51790,10,1427,678,749
51790,11,1550,749,801
51790,12,1685,790,895
51790,13,1681,727,954
51790,14,1650,747,903
51790,15,1341,606,735
51790,16,934,395,539
51790,17,644,241,403
51790,18,738,220,518
51800,0,91185,44173,47012
51800,1,6165,3163,3002
51800,2,6054,3136,2918
51800,3,6208,3169,3039
51800,4,5713,2941,2772
51800,5,5124,2608,2516
51800,6,5980,2882,3098
51800,7,6344,3109,3235
51800,8,6322,3055,3267
51800,9,5309,2554,2755
51800,10,6130,2883,3247
51800,11,6371,2965,3406
51800,12,6708,3262,3446
51800,13,5593,2685,2908
51800,14,4359,2076,2283
51800,15,3530,1619,1911
51800,16,2369,1008,1361
51800,17,1419,590,829
51800,18,1487,468,1019
51810,0,450189,221065,229124
51810,1,28247,14429,13818
51810,2,27497,14193,13304
51810,3,27714,14088,13626
51810,4,26276,13777,12499
51810,5,31409,16779,14630
51810,6,38178,19709,18469
51810,7,36262,18543,17719
51810,8,32569,16273,16296
51810,9,26912,13406,13506
51810,10,27141,12926,14215
51810,11,28316,13428,14888
51810,12,29715,14000,15715
51810,13,25949,11997,13952
51810,14,21040,9489,11551
51810,15,16679,7475,9204
51810,16,11318,4859,6459
51810,17,7335,2989,4346
51810,18,7632,2705,4927
51820,0,22628,10802,11826
51820,1,1673,829,844
51820,2,1489,765,724
51820,3,1433,760,673
51820,4,1172,611,561
51820,5,1270,570,700
51820,6,1659,807,852
51820,7,1546,774,772
51820,8,1510,718,792
51820,9,1287,632,655
51820,10,1272,621,651
51820,11,1350,662,688
51820,12,1518,711,807
51820,13,1387,639,748
51820,14,1157,522,635
51820,15,1048,441,607
51820,16,796,336,460
51820,17,520,228,292
51820,18,541,176,365
51830,0,14896,6853,8043
51830,1,492,241,251
51830,2,479,244,235
51830,3,435,225,210
51830,4,2404,1060,1344
51830,5,3176,1388,1788
51830,6,961,465,496
51830,7,798,391,407
51830,8,620,288,332
51830,9,483,228,255
51830,10,512,261,251
51830,11,602,256,346
51830,12,740,358,382
51830,13,762,358,404
51830,14,723,325,398
51830,15,617,284,333
51830,16,463,213,250
51830,17,349,159,190
51830,18,280,109,171
51840,0,28108,13689,14419
51840,1,1873,982,891
51840,2,1756,877,879
51840,3,1750,932,818
51840,4,2066,1035,1031
51840,5,1978,953,1025
51840,6,2113,1045,1068
51840,7,1801,887,914
51840,8,1835,951,884
51840,9,1598,797,801
51840,10,1678,745,933
51840,11,1736,845,891
51840,12,1761,882,879
51840,13,1697,795,902
51840,14,1456,676,780
51840,15,1144,546,598
51840,16,734,294,440
51840,17,562,233,329
51840,18,570,214,356
53001,0,19759,10009,9750
53001,1,1907,937,970
53001,2,2136,1132,1004
53001,3,1932,1010,922
53001,4,1616,794,822
53001,5,1363,714,649
53001,6,1247,646,601
53001,7,1231,653,578
53001,8,1135,553,582
53001,9,1069,525,544
53001,10,1029,528,501
53001,11,959,491,468
53001,12,974,491,483
53001,13,976,466,510
53001,14,755,375,380
53001,15,581,297,284
53001,16,371,183,188
53001,17,236,104,132
53001,18,242,110,132
53003,0,22610,11023,11587
53003,1,1165,612,553
53003,2,1259,624,635
53003,3,1344,679,665
53003,4,1236,609,627
53003,5,1031,534,497
53003,6,1333,653,680
53003,7,1284,640,644
53003,8,1303,640,663
53003,9,1236,614,622
53003,10,1256,615,641
53003,11,1337,663,674
53003,12,1690,791,899
53003,13,1864,858,1006
53003,14,1575,779,796
53003,15,1316,609,707
53003,16,1033,492,541
53003,17,695,324,371
53003,18,653,287,366
53005,0,201877,101150,100727
53005,1,14468,7442,7026
53005,2,15378,7868,7510
53005,3,15296,7884,7412
53005,4,13661,7107,6554
53005,5,12103,6231,5872
53005,6,13742,6982,6760
53005,7,13822,7008,6814
53005,8,13793,6932,6861
53005,9,11703,6014,5689
53005,10,11454,5766,5688
53005,11,11575,5733,5842
53005,12,12597,6162,6435
53005,13,12188,5966,6222
53005,14,10393,5160,5233
53005,15,7758,3703,4055
53005,16,5262,2489,2773
53005,17,3327,1475,1852
53005,18,3357,1228,2129
53007,0,77036,38521,38515
53007,1,4820,2510,2310
53007,2,5152,2647,2505
53007,3,5020,2650,2370
53007,4,4758,2433,2325
53007,5,4386,2233,2153
53007,6,4945,2640,2305
53007,7,4692,2353,2339
53007,8,4825,2437,2388
53007,9,4264,2080,2184
53007,10,4157,2089,2068
53007,11,4506,2284,2222
53007,12,5267,2547,2720
53007,13,5548,2688,2860
53007,14,4929,2462,2467
53007,15,3723,1820,1903
53007,16,2524,1191,1333
53007,17,1674,769,905
53007,18,1846,688,1158
53009,0,76737,37842,38895
53009,1,3534,1859,1675
53009,2,3737,1882,1855
53009,3,3595,1819,1776
53009,4,3488,1826,1662
53009,5,3446,1921,1525
53009,6,4229,2272,1957
53009,7,4129,2166,1963
53009,8,4064,2116,1948
53009,9,3587,1821,1766
53009,10,3686,1824,1862
53009,11,4016,1929,2087
53009,12,5652,2593,3059
53009,13,6854,3214,3640
53009,14,7317,3423,3894
53009,15,5963,2791,3172
53009,16,4214,2058,2156
53009,17,2573,1271,1302
53009,18,2653,1057,1596
53011,0,481857,238118,243739
53011,1,29559,15371,14188
53011,2,31868,16126,15742
53011,3,33648,17139,16509
53011,4,31304,16065,15239
53011,5,27851,14234,13617
53011,6,32594,16696,15898
53011,7,31466,15624,15842
53011,8,32838,16153,16685
53011,9,31483,15468,16015
53011,10,32261,16190,16071
53011,11,30808,15129,15679
53011,12,32032,15731,16301
53011,13,29615,14274,15341
53011,14,26333,12394,13939
53011,15,20376,9531,10845
53011,16,12857,6034,6823
53011,17,7425,3243,4182
53011,18,7539,2716,4823
53013,0,4059,1982,2077
53013,1,205,101,104
53013,2,212,117,95
53013,3,211,109,102
53013,4,204,100,104
53013,5,174,79,95
53013,6,218,89,129
53013,7,192,80,112
53013,8,225,117,108
53013,9,170,91,79
53013,10,219,120,99
53013,11,263,132,131
53013,12,314,146,168
53013,13,321,159,162
53013,14,362,170,192
53013,15,276,140,136
53013,16,220,104,116
53013,17,140,77,63
53013,18,133,51,82
53015,0,108987,53938,55049
53015,1,6749,3470,3279
53015,2,6886,3458,3428
53015,3,7004,3575,3429
53015,4,6692,3345,3347
53015,5,5878,2975,2903
53015,6,7112,3494,3618
53015,7,6317,3168,3149
53015,8,6614,3312,3302
53015,9,6290,3183,3107
53015,10,6635,3366,3269
53015,11,6693,3309,3384
53015,12,7699,3803,3896
53015,13,7792,3857,3935
53015,14,6787,3245,3542
53015,15,5580,2698,2882
53015,16,3804,1845,1959
53015,17,2219,996,1223
53015,18,2236,839,1397
53017,0,42907,21740,21167
53017,1,2811,1450,1361
53017,2,3153,1645,1508
53017,3,3233,1646,1587
53017,4,2911,1518,1393
53017,5,2550,1359,1191
53017,6,2674,1436,1238
53017,7,2685,1406,1279
53017,8,2633,1360,1273
53017,9,2485,1259,1226
53017,10,2460,1244,1216
53017,11,2368,1178,1190
53017,12,2683,1376,1307
53017,13,2723,1347,1376
53017,14,2383,1121,1262
53017,15,2007,918,1089
53017,16,1412,734,678
53017,17,870,431,439
53017,18,866,312,554
53019,0,7649,3909,3740
53019,1,367,194,173
53019,2,365,185,180
53019,3,362,200,162
53019,4,442,272,170
53019,5,365,204,161
53019,6,338,170,168
53019,7,332,168,164
53019,8,361,178,183
53019,9,407,218,189
53019,10,464,223,241
53019,11,448,197,251
53019,12,608,297,311
53019,13,708,337,371
53019,14,797,401,396
53019,15,534,281,253
53019,16,401,230,171
53019,17,174,92,82
53019,18,176,62,114
53021,0,94347,48752,45595
53021,1,8466,4274,4192
53021,2,8778,4374,4404
53021,3,8566,4288,4278
53021,4,7354,3831,3523
53021,5,6330,3318,3012
53021,6,7164,3880,3284
53021,7,7472,4030,3442
53021,8,7087,3863,3224
53021,9,5982,3122,2860
53021,10,5333,2823,2510
53021,11,4674,2445,2229
53021,12,4314,2208,2106
53021,13,4133,2134,1999
53021,14,3238,1617,1621
53021,15,2349,1139,1210
53021,16,1446,713,733
53021,17,865,377,488
53021,18,796,316,480
53023,0,2247,1099,1148
53023,1,160,79,81
53023,2,115,55,60
53023,3,124,71,53
53023,4,115,61,54
53023,5,100,49,51
53023,6,80,38,42
53023,7,114,61,53
53023,8,119,63,56
53023,9,143,58,85
53023,10,117,55,62
53023,11,122,54,68
53023,12,160,82,78
53023,13,207,100,107
53023,14,187,90,97
53023,15,149,84,65
53023,16,75,38,37
53023,17,75,26,49
53023,18,85,35,50
53025,0,97331,49539,47792
53025,1,7470,3782,3688
53025,2,8343,4188,4155
53025,3,8286,4248,4038
53025,4,7185,3691,3494
53025,5,6471,3386,3085
53025,6,7140,3778,3362
53025,7,6189,3276,2913
53025,8,5983,3166,2817
53025,9,5524,2691,2833
53025,10,5406,2742,2664
53025,11,5167,2650,2517
53025,12,5580,2851,2729
53025,13,5238,2680,2558
53025,14,4440,2205,2235
53025,15,3622,1826,1796
53025,16,2354,1132,1222
53025,17,1419,651,768
53025,18,1514,596,918
53027,0,73901,37819,36082
53027,1,3907,1935,1972
53027,2,4336,2257,2079
53027,3,4326,2165,2161
53027,4,3975,2066,1909
53027,5,3715,2049,1666
53027,6,4474,2503,1971
53027,7,4288,2304,1984
53027,8,4383,2302,2081
53027,9,4037,2190,1847
53027,10,4334,2288,2046
53027,11,4602,2398,2204
53027,12,5452,2716,2736
53027,13,6104,2957,3147
53027,14,5618,2791,2827
53027,15,4250,2051,2199
53027,16,2802,1426,1376
53027,17,1718,790,928
53027,18,1580,631,949
53029,0,84460,42115,42345
53029,1,4806,2381,2425
53029,2,4317,2206,2111
53029,3,3901,2002,1899
53029,4,3783,2025,1758
53029,5,5931,3395,2536
53029,6,6351,3499,2852
53029,7,5534,2937,2597
53029,8,4804,2513,2291
53029,9,3785,1869,1916
53029,10,3978,1953,2025
53029,11,4526,2138,2388
53029,12,5582,2632,2950
53029,13,6399,2890,3509
53029,14,6911,3180,3731
53029,15,5845,2817,3028
53029,16,3813,1823,1990
53029,17,2134,1018,1116
53029,18,2060,837,1223
53031,0,31729,15528,16201
53031,1,957,476,481
53031,2,1036,516,520
53031,3,1088,567,521
53031,4,1092,546,546
53031,5,1077,592,485
53031,6,1311,696,615
53031,7,1390,728,662
53031,8,1434,744,690
53031,9,1277,649,628
53031,10,1563,775,788
53031,11,1744,852,892
53031,12,2522,1132,1390
53031,13,3545,1566,1979
53031,14,3971,1895,2076
53031,15,3411,1648,1763
53031,16,2163,1111,1052
53031,17,1120,597,523
53031,18,1028,438,590
53033,0,2233163,1121104,1112059
53033,1,130129,66472,63657
53033,2,127759,64901,62858
53033,3,123283,63018,60265
53033,4,119705,60480,59225
53033,5,133021,68042,64979
53033,6,206461,107751,98710
53033,7,202409,105546,96863
53033,8,180984,93465,87519
53033,9,154440,79008,75432
53033,10,153878,78416,75462
53033,11,140472,71155,69317
53033,12,139404,70084,69320
53033,13,126108,61637,64471
53033,14,101638,48085,53553
53033,15,75779,34833,40946
53033,16,47877,21423,26454
53033,17,31450,13309,18141
53033,18,38366,13479,24887
53035,0,269805,137982,131823
53035,1,15688,8139,7549
53035,2,15155,7726,7429
53035,3,15312,7854,7458
53035,4,14636,7713,6923
53035,5,20401,12476,7925
53035,6,21067,11669,9398
53035,7,18681,9989,8692
53035,8,17458,9092,8366
53035,9,14617,7439,7178
53035,10,15284,7635,7649
53035,11,16183,7958,8225
53035,12,18801,9161,9640
53035,13,18428,8788,9640
53035,14,16565,7968,8597
53035,15,13439,6403,7036
53035,16,8312,4006,4306
53035,17,4786,2141,2645
53035,18,4992,1825,3167
53037,0,47364,23889,23475
53037,1,2181,1119,1062
53037,2,2297,1199,1098
53037,3,2284,1114,1170
53037,4,3906,1885,2021
53037,5,7514,3801,3713
53037,6,3455,1923,1532
53037,7,2547,1341,1206
53037,8,2534,1275,1259
53037,9,2231,1143,1088
53037,10,2432,1245,1187
53037,11,2405,1203,1202
53037,12,3020,1443,1577
53037,13,2966,1448,1518
53037,14,2621,1319,1302
53037,15,2023,1013,1010
53037,16,1346,685,661
53037,17,821,426,395
53037,18,781,307,474
53039,0,22107,11157,10950
53039,1,1102,560,542
53039,2,1153,615,538
53039,3,1252,637,615
53039,4,1157,600,557
53039,5,984,517,467
53039,6,1062,549,513
53039,7,1180,579,601
53039,8,1281,677,604
53039,9,1314,639,675
53039,10,1367,715,652
53039,11,1391,712,679
53039,12,1661,794,867
53039,13,1921,932,989
53039,14,1886,948,938
53039,15,1430,737,693
53039,16,956,509,447
53039,17,541,275,266
53039,18,469,162,307
53041,0,79604,39780,39824
53041,1,4706,2398,2308
53041,2,4694,2415,2279
53041,3,4714,2423,2291
53041,4,4660,2490,2170
53041,5,4187,2149,2038
53041,6,4946,2558,2388
53041,7,4551,2304,2247
53041,8,4737,2380,2357
53041,9,4370,2210,2160
53041,10,4739,2345,2394
53041,11,4791,2446,2345
53041,12,5863,2767,3096
53041,13,5941,2877,3064
53041,14,5545,2725,2820
53041,15,4429,2271,2158
53041,16,3086,1470,1616
53041,17,1917,880,1037
53041,18,1728,672,1056
53043,0,10740,5492,5248
53043,1,554,305,249
53043,2,616,315,301
53043,3,707,363,344
53043,4,668,357,311
53043,5,466,249,217
53043,6,433,236,197
53043,7,466,234,232
53043,8,576,297,279
53043,9,550,268,282
53043,10,587,285,302
53043,11,607,322,285
53043,12,810,399,411
53043,13,954,487,467
53043,14,869,462,407
53043,15,726,365,361
53043,16,479,252,227
53043,17,330,169,161
53043,18,342,127,215
53045,0,65507,34046,31461
53045,1,3448,1771,1677
53045,2,3564,1887,1677
53045,3,3614,1891,1723
53045,4,3304,1812,1492
53045,5,3369,1943,1426
53045,6,4126,2319,1807
53045,7,3715,2098,1617
53045,8,3827,2058,1769
53045,9,3335,1850,1485
53045,10,3726,1957,1769
53045,11,3945,2003,1942
53045,12,4966,2434,2532
53045,13,5632,2812,2820
53045,14,5185,2546,2639
53045,15,4124,2028,2096
53045,16,2686,1328,1358
53045,17,1638,780,858
53045,18,1303,529,774
53047,0,42132,21211,20921
53047,1,2629,1319,1310
53047,2,2845,1517,1328
53047,3,2772,1415,1357
53047,4,2384,1255,1129
53047,5,1975,975,1000
53047,6,2363,1149,1214
53047,7,2321,1195,1126
53047,8,2434,1282,1152
53047,9,2250,1152,1098
53047,10,2423,1240,1183
53047,11,2245,1099,1146
53047,12,2966,1417,1549
53047,13,3431,1667,1764
53047,14,3132,1541,1591
53047,15,2502,1319,1183
53047,16,1569,862,707
53047,17,1009,484,525
53047,18,882,323,559
53049,0,22036,11003,11033
53049,1,929,485,444
53049,2,927,478,449
53049,3,1038,503,535
53049,4,943,546,397
53049,5,895,482,413
53049,6,1031,522,509
53049,7,1022,518,504
53049,8,1165,642,523
53049,9,983,484,499
53049,10,1085,534,551
53049,11,1309,649,660
53049,12,1660,786,874
53049,13,2286,1096,1190
53049,14,2334,1116,1218
53049,15,1909,936,973
53049,16,1185,590,595
53049,17,721,378,343
53049,18,614,258,356
53051,0,13602,6922,6680
53051,1,659,332,327
53051,2,697,347,350
53051,3,767,408,359
53051,4,795,417,378
53051,5,561,297,264
53051,6,574,302,272
53051,7,615,297,318
53051,8,643,313,330
53051,9,631,325,306
53051,10,758,400,358
53051,11,886,481,405
53051,12,1148,559,589
53051,13,1333,638,695
53051,14,1276,666,610
53051,15,1035,556,479
53051,16,596,307,289
53051,17,326,160,166
53051,18,302,117,185
53053,0,891299,443333,447966
53053,1,59975,30711,29264
53053,2,59194,30205,28989
53053,3,57279,29410,27869
53053,4,53050,27248,25802
53053,5,58888,31609,27279
53053,6,72543,37563,34980
53053,7,67340,33851,33489
53053,8,64083,31815,32268
53053,9,54239,27046,27193
53053,10,55387,27586,27801
53053,11,55012,27236,27776
53053,12,58264,28530,29734
53053,13,52910,25532,27378
53053,14,42570,20175,22395
53053,15,32275,14945,17330
53053,16,21163,9421,11742
53053,17,13329,5599,7730
53053,18,13798,4851,8947
53055,0,17128,8286,8842
53055,1,489,252,237
53055,2,608,304,304
53055,3,694,321,373
53055,4,668,353,315
53055,5,651,333,318
53055,6,644,311,333
53055,7,778,388,390
53055,8,820,387,433
53055,9,802,403,399
53055,10,870,424,446
53055,11,1030,494,536
53055,12,1419,663,756
53055,13,1816,838,978
53055,14,2013,966,1047
53055,15,1757,861,896
53055,16,1001,514,487
53055,17,567,281,286
53055,18,501,193,308
53057,0,128206,63544,64662
53057,1,7780,4053,3727
53057,2,7784,3943,3841
53057,3,7814,3974,3840
53057,4,7292,3839,3453
53057,5,7163,3565,3598
53057,6,8318,4336,3982
53057,7,7855,4051,3804
53057,8,7987,4084,3903
53057,9,7127,3602,3525
53057,10,7216,3567,3649
53057,11,7286,3636,3650
53057,12,8826,4227,4599
53057,13,9167,4325,4842
53057,14,8761,4206,4555
53057,15,7115,3355,3760
53057,16,4732,2225,2507
53057,17,2955,1328,1627
53057,18,3028,1228,1800
53059,0,11924,6061,5863
53059,1,524,268,256
53059,2,611,313,298
53059,3,652,342,310
53059,4,653,346,307
53059,5,525,276,249
53059,6,593,293,300
53059,7,632,326,306
53059,8,691,331,360
53059,9,724,371,353
53059,10,779,389,390
53059,11,817,395,422
53059,12,1059,546,513
53059,13,1157,565,592
53059,14,885,487,398
53059,15,697,370,327
53059,16,412,205,207
53059,17,251,130,121
53059,18,262,108,154
53061,0,814901,408857,406044
53061,1,52083,26942,25141
53061,2,50976,26232,24744
53061,3,51514,26485,25029
53061,4,46683,24161,22522
53061,5,46065,23892,22173
53061,6,59542,30364,29178
53061,7,62582,31868,30714
53061,8,62130,31974,30156
53061,9,53574,27302,26272
53061,10,55728,28378,27350
53061,11,54970,27800,27170
53061,12,57897,28943,28954
53061,13,51389,25276,26113
53061,14,39700,18861,20839
53061,15,28697,13244,15453
53061,16,17977,8207,9770
53061,17,11365,4711,6654
53061,18,12029,4217,7812
53063,0,514631,255193,259438
53063,1,31388,16127,15261
53063,2,31591,16104,15487
53063,3,32005,16404,15601
53063,4,32585,16799,15786
53063,5,34573,17757,16816
53063,6,40568,21124,19444
53063,7,36614,18458,18156
53063,8,34037,17287,16750
53063,9,29494,14805,14689
53063,10,30804,15455,15349
53063,11,30330,14885,15445
53063,12,34273,16633,17640
53063,13,33090,15763,17327
53063,14,28998,13690,15308
53063,15,21457,10199,11258
53063,16,13939,6400,7539
53063,17,9015,3832,5183
53063,18,9870,3471,6399
53065,0,45260,22589,22671
53065,1,2434,1232,1202
53065,2,2679,1420,1259
53065,3,2903,1477,1426
53065,4,2664,1369,1295
53065,5,2052,1058,994
53065,6,2159,1107,1052
53065,7,2075,1027,1048
53065,8,2273,1138,1135
53065,9,2334,1124,1210
53065,10,2587,1286,1301
53065,11,2794,1343,1451
53065,12,3633,1748,1885
53065,13,4131,1988,2143
53065,14,3791,1951,1840
53065,15,2830,1452,1378
53065,16,1885,944,941
53065,17,1087,554,533
53065,18,949,371,578
53067,0,286419,140136,146283
53067,1,16690,8623,8067
53067,2,17363,8962,8401
53067,3,17049,8696,8353
53067,4,16425,8426,7999
53067,5,17035,8666,8369
53067,6,20958,10833,10125
53067,7,20664,10227,10437
53067,8,20686,10290,10396
53067,9,17947,8861,9086
53067,10,17817,8759,9058
53067,11,17073,8266,8807
53067,12,18600,8760,9840
53067,13,18598,8610,9988
53067,14,17480,7965,9515
53067,15,13287,6214,7073
53067,16,8294,3852,4442
53067,17,5151,2285,2866
53067,18,5302,1841,3461
53069,0,4426,2222,2204
53069,1,137,71,66
53069,2,230,109,121
53069,3,229,114,115
53069,4,265,139,126
53069,5,174,95,79
53069,6,183,100,83
53069,7,169,85,84
53069,8,181,87,94
53069,9,193,100,93
53069,10,227,109,118
53069,11,285,157,128
53069,12,323,156,167
53069,13,406,191,215
53069,14,443,228,215
53069,15,418,201,217
53069,16,267,146,121
53069,17,164,84,80
53069,18,132,50,82
53071,0,60922,31138,29784
53071,1,3336,1704,1632
53071,2,3493,1823,1670
53071,3,3711,1921,1790
53071,4,4711,2314,2397
53071,5,5399,2900,2499
53071,6,4130,2383,1747
53071,7,3720,2058,1662
53071,8,3727,2066,1661
53071,9,3282,1697,1585
53071,10,3303,1765,1538
53071,11,3462,1770,1692
53071,12,3740,1852,1888
53071,13,3910,1866,2044
53071,14,3453,1710,1743
53071,15,2734,1303,1431
53071,16,1906,880,1026
53071,17,1251,547,704
53071,18,1654,579,1075
53073,0,225685,111688,113997
53073,1,12067,6251,5816
53073,2,12429,6454,5975
53073,3,12142,6275,5867
53073,4,14908,7404,7504
53073,5,23520,11623,11897
53073,6,16991,8876,8115
53073,7,14047,7119,6928
53073,8,14368,7281,7087
53073,9,12458,6220,6238
53073,10,12959,6532,6427
53073,11,12625,6189,6436
53073,12,13743,6645,7098
53073,13,14270,6765,7505
53073,14,13567,6417,7150
53073,15,10658,5078,5580
53073,16,6659,3153,3506
53073,17,4051,1819,2232
53073,18,4223,1587,2636
53075,0,49791,25408,24383
53075,1,2116,1076,1040
53075,2,2095,1090,1005
53075,3,2002,1041,961
53075,4,6166,2905,3261
53075,5,12192,6408,5784
53075,6,4511,2530,1981
53075,7,2826,1539,1287
53075,8,2432,1252,1180
53075,9,2097,1051,1046
53075,10,1929,985,944
53075,11,1855,899,956
53075,12,2253,1144,1109
53075,13,2136,1037,1099
53075,14,1704,879,825
53075,15,1302,619,683
53075,16,922,415,507
53075,17,569,265,304
53075,18,684,273,411
53077,0,251446,125786,125660
53077,1,20306,10531,9775
53077,2,21085,10735,10350
53077,3,21129,10809,10320
53077,4,19005,9754,9251
53077,5,16882,8645,8237
53077,6,17994,9086,8908
53077,7,15807,8058,7749
53077,8,15489,7735,7754
53077,9,14291,7165,7126
53077,10,14171,7050,7121
53077,11,13542,6801,6741
53077,12,14221,7116,7105
53077,13,13000,6407,6593
53077,14,11277,5375,5902
53077,15,8756,4252,4504
53077,16,6092,2851,3241
53077,17,3991,1763,2228
53077,18,4408,1653,2755
54001,0,16535,8049,8486
54001,1,824,420,404
54001,2,878,443,435
54001,3,984,500,484
54001,4,1187,570,617
54001,5,1282,598,684
54001,6,943,478,465
54001,7,869,423,446
54001,8,885,433,452
54001,9,953,459,494
54001,10,1022,515,507
54001,11,1026,502,524
54001,12,1218,593,625
54001,13,1131,552,579
54001,14,1067,551,516
54001,15,855,401,454
54001,16,654,313,341
54001,17,392,175,217
54001,18,365,123,242
54003,0,117123,58095,59028
54003,1,7180,3682,3498
54003,2,7474,3808,3666
54003,3,7893,3980,3913
54003,4,7039,3611,3428
54003,5,6460,3236,3224
54003,6,8402,4135,4267
54003,7,8122,4097,4025
54003,8,8201,4066,4135
54003,9,7343,3580,3763
54003,10,8063,4037,4026
54003,11,8279,4135,4144
54003,12,8144,4074,4070
54003,13,7348,3629,3719
54003,14,6126,2948,3178
54003,15,4916,2322,2594
54003,16,3036,1418,1618
54003,17,1701,768,933
54003,18,1396,569,827
54005,0,21951,10937,11014
54005,1,1117,566,551
54005,2,1279,679,600
54005,3,1380,725,655
54005,4,1357,728,629
54005,5,1079,582,497
54005,6,1217,663,554
54005,7,1012,491,521
54005,8,1222,562,660
54005,9,1591,804,787
54005,10,1559,763,796
54005,11,1455,740,715
54005,12,1543,758,785
54005,13,1737,844,893
54005,14,1634,787,847
54005,15,1184,554,630
54005,16,712,349,363
54005,17,491,214,277
54005,18,382,128,254
54007,0,14089,7122,6967
54007,1,701,360,341
54007,2,776,392,384
54007,3,767,394,373
54007,4,737,379,358
54007,5,702,369,333
54007,6,893,473,420
54007,7,709,371,338
54007,8,778,399,379
54007,9,790,403,387
54007,10,923,459,464
54007,11,963,483,480
54007,12,1072,568,504
54007,13,1048,515,533
54007,14,1116,558,558
54007,15,821,404,417
54007,16,593,310,283
54007,17,361,165,196
54007,18,339,120,219
54009,0,22203,10902,11301
54009,1,976,504,472
54009,2,997,505,492
54009,3,1224,644,580
54009,4,1358,706,652
54009,5,1422,731,691
54009,6,1244,648,596
54009,7,1010,530,480
54009,8,1118,542,576
54009,9,1279,656,623
54009,10,1356,667,689
54009,11,1446,717,729
54009,12,1733,852,881
54009,13,1750,859,891
54009,14,1760,821,939
54009,15,1288,606,682
54009,16,895,400,495
54009,17,670,288,382
54009,18,677,226,451
54011,0,93224,45585,47639
54011,1,5016,2663,2353
54011,2,5156,2643,2513
54011,3,5111,2690,2421
54011,4,6199,3081,3118
54011,5,9327,4535,4792
54011,6,6082,3111,2971
54011,7,5381,2824,2557
54011,8,5870,3014,2856
54011,9,5113,2541,2572
54011,10,5550,2785,2765
54011,11,5313,2647,2666
54011,12,5731,2709,3022
54011,13,5833,2763,3070
54011,14,5526,2560,2966
54011,15,4531,2053,2478
54011,16,3185,1424,1761
54011,17,2133,816,1317
54011,18,2167,726,1441
54013,0,7254,3617,3637
54013,1,347,166,181
54013,2,387,206,181
54013,3,392,186,206
54013,4,350,169,181
54013,5,316,146,170
54013,6,333,172,161
54013,7,352,179,173
54013,8,391,207,184
54013,9,430,210,220
54013,10,438,221,217
54013,11,541,264,277
54013,12,563,301,262
54013,13,635,307,328
54013,14,577,295,282
54013,15,495,270,225
54013,16,290,154,136
54013,17,225,90,135
54013,18,192,74,118
54015,0,8632,4360,4272
54015,1,473,245,228
54015,2,526,276,250
54015,3,574,314,260
54015,4,509,268,241
54015,5,421,216,205
54015,6,473,248,225
54015,7,386,184,202
54015,8,500,265,235
54015,9,521,237,284
54015,10,540,252,288
54015,11,596,304,292
54015,12,664,313,351
54015,13,673,367,306
54015,14,582,289,293
54015,15,457,235,222
54015,16,334,174,160
54015,17,213,103,110
54015,18,190,70,120
54017,0,8406,4625,3781
54017,1,320,158,162
54017,2,351,190,161
54017,3,367,188,179
54017,4,506,325,181
54017,5,539,356,183
54017,6,539,332,207
54017,7,451,260,191
54017,8,514,294,220
54017,9,521,296,225
54017,10,599,328,271
54017,11,610,337,273
54017,12,668,334,334
54017,13,600,304,296
54017,14,593,286,307
54017,15,498,274,224
54017,16,336,162,174
54017,17,217,111,106
54017,18,177,90,87
54019,0,43018,21658,21360
54019,1,2276,1173,1103
54019,2,2612,1320,1292
54019,3,2495,1275,1220
54019,4,2431,1298,1133
54019,5,2152,1225,927
54019,6,2495,1288,1207
54019,7,2249,1192,1057
54019,8,2583,1343,1240
54019,9,2672,1377,1295
54019,10,2738,1433,1305
54019,11,2784,1439,1345
54019,12,3046,1497,1549
54019,13,3433,1703,1730
54019,14,3060,1501,1559
54019,15,2268,1100,1168
54019,16,1581,708,873
54019,17,1131,484,647
54019,18,1012,302,710
54021,0,8026,4798,3228
54021,1,295,164,131
54021,2,354,181,173
54021,3,324,180,144
54021,4,507,270,237
54021,5,864,522,342
54021,6,558,409,149
54021,7,621,477,144
54021,8,615,440,175
54021,9,479,314,165
54021,10,536,370,166
54021,11,525,305,220
54021,12,486,273,213
54021,13,457,227,230
54021,14,429,231,198
54021,15,318,151,167
54021,16,244,120,124
54021,17,201,88,113
54021,18,213,76,137
54023,0,11626,5796,5830
54023,1,638,320,318
54023,2,617,295,322
54023,3,604,323,281
54023,4,631,345,286
54023,5,577,290,287
54023,6,672,359,313
54023,7,534,265,269
54023,8,580,305,275
54023,9,655,310,345
54023,10,772,402,370
54023,11,816,403,413
54023,12,851,424,427
54023,13,842,427,415
54023,14,825,396,429
54023,15,785,372,413
54023,16,551,278,273
54023,17,350,156,194
54023,18,326,126,200
54025,0,34786,17035,17751
54025,1,1799,928,871
54025,2,1845,943,902
54025,3,1940,965,975
54025,4,1793,933,860
54025,5,1737,966,771
54025,6,1955,942,1013
54025,7,1794,905,889
54025,8,2017,1017,1000
54025,9,2073,1015,1058
54025,10,2085,952,1133
54025,11,2323,1171,1152
54025,12,2611,1296,1315
54025,13,2715,1293,1422
54025,14,2631,1257,1374
54025,15,2090,1023,1067
54025,16,1450,655,795
54025,17,988,434,554
54025,18,940,340,600
54027,0,23347,11915,11432
54027,1,1108,561,547
54027,2,1111,611,500
54027,3,1287,674,613
54027,4,1331,695,636
54027,5,1158,614,544
54027,6,1298,687,611
54027,7,1120,581,539
54027,8,1281,619,662
54027,9,1327,673,654
54027,10,1642,817,825
54027,11,1732,913,819
54027,12,1861,936,925
54027,13,1862,943,919
54027,14,1746,899,847
54027,15,1498,767,731
54027,16,947,479,468
54027,17,546,245,301
54027,18,492,201,291
54029,0,29094,14177,14917
54029,1,1301,664,637
54029,2,1528,770,758
54029,3,1631,852,779
54029,4,1579,830,749
54029,5,1384,699,685
54029,6,1594,814,780
54029,7,1441,744,697
54029,8,1654,832,822
54029,9,1685,815,870
54029,10,2058,1067,991
54029,11,1896,923,973
54029,12,2318,1142,1176
54029,13,2303,1099,1204
54029,14,2255,1068,1187
54029,15,1557,753,804
54029,16,1132,490,642
54029,17,850,317,533
54029,18,928,298,630
54031,0,13775,6932,6843
54031,1,722,364,358
54031,2,801,399,402
54031,3,823,430,393
54031,4,709,383,326
54031,5,659,326,333
54031,6,754,395,359
54031,7,707,368,339
54031,8,726,379,347
54031,9,837,423,414
54031,10,921,482,439
54031,11,990,497,493
54031,12,1065,522,543
54031,13,1046,515,531
54031,14,976,480,496
54031,15,829,420,409
54031,16,581,275,306
54031,17,375,185,190
54031,18,254,89,165
54033,0,67554,33182,34372
54033,1,3717,1910,1807
54033,2,4084,2156,1928
54033,3,4171,2166,2005
54033,4,3788,1960,1828
54033,5,3606,1825,1781
54033,6,4114,2017,2097
54033,7,3926,1985,1941
54033,8,4282,2128,2154
54033,9,4036,2034,2002
54033,10,4461,2223,2238
54033,11,4473,2243,2230
54033,12,4910,2395,2515
54033,13,4846,2388,2458
54033,14,4164,1958,2206
54033,15,3356,1585,1771
54033,16,2378,1026,1352
54033,17,1576,635,941
54033,18,1666,548,1118
54035,0,28706,14266,14440
54035,1,1536,770,766
54035,2,1645,895,750
54035,3,1824,962,862
54035,4,1653,875,778
54035,5,1519,797,722
54035,6,1603,858,745
54035,7,1495,745,750
54035,8,1674,827,847
54035,9,1646,826,820
54035,10,1924,946,978
54035,11,1990,970,1020
54035,12,2203,1040,1163
54035,13,2138,1081,1057
54035,14,1796,870,926
54035,15,1432,691,741
54035,16,1083,472,611
54035,17,865,382,483
54035,18,680,259,421
54037,0,56811,28187,28624
54037,1,3033,1583,1450
54037,2,3439,1770,1669
54037,3,3800,1930,1870
54037,4,3899,2029,1870
54037,5,3026,1523,1503
54037,6,3141,1565,1576
54037,7,3340,1659,1681
54037,8,3758,1841,1917
54037,9,3566,1779,1787
54037,10,4187,2083,2104
54037,11,4432,2190,2242
54037,12,4223,2109,2114
54037,13,3769,1842,1927
54037,14,3257,1542,1715
54037,15,2583,1278,1305
54037,16,1595,753,842
54037,17,951,407,544
54037,18,812,304,508
54039,0,180454,86916,93538
54039,1,9554,4783,4771
54039,2,9920,5061,4859
54039,3,10339,5283,5056
54039,4,9997,5031,4966
54039,5,9919,5066,4853
54039,6,11611,5774,5837
54039,7,10398,5121,5277
54039,8,10991,5466,5525
54039,9,10853,5362,5491
54039,10,11210,5501,5709
54039,11,11386,5531,5855
54039,12,13251,6266,6985
54039,13,13753,6468,7285
54039,14,12571,5821,6750
54039,15,9260,4272,4988
54039,16,6485,2761,3724
54039,17,4497,1815,2682
54039,18,4459,1534,2925
54041,0,16024,7966,8058
54041,1,889,475,414
54041,2,971,476,495
54041,3,976,489,487
54041,4,854,452,402
54041,5,802,425,377
54041,6,960,496,464
54041,7,843,410,433
54041,8,962,469,493
54041,9,968,523,445
54041,10,1055,518,537
54041,11,1130,576,554
54041,12,1170,577,593
54041,13,1138,564,574
54041,14,1064,521,543
54041,15,892,419,473
54041,16,620,273,347
54041,17,400,170,230
54041,18,330,133,197
54043,0,20599,10205,10394
54043,1,1169,579,590
54043,2,1259,614,645
54043,3,1348,715,633
54043,4,1163,618,545
54043,5,1005,504,501
54043,6,1158,561,597
54043,7,977,521,456
54043,8,1247,602,645
54043,9,1321,659,662
54043,10,1395,703,692
54043,11,1458,742,716
54043,12,1488,725,763
54043,13,1596,790,806
54043,14,1380,647,733
54043,15,1023,517,506
54043,16,755,361,394
54043,17,507,214,293
54043,18,350,133,217
54045,0,32607,16105,16502
54045,1,1760,876,884
54045,2,1889,991,898
54045,3,1830,941,889
54045,4,1823,919,904
54045,5,1693,885,808
54045,6,1966,1039,927
54045,7,1684,860,824
54045,8,1956,997,959
54045,9,2235,1142,1093
54045,10,2228,1133,1095
54045,11,2095,1049,1046
54045,12,2169,1023,1146
54045,13,2678,1282,1396
54045,14,2487,1202,1285
54045,15,1706,792,914
54045,16,1060,479,581
54045,17,766,280,486
54045,18,582,215,367
54047,0,18223,8917,9306
54047,1,980,484,496
54047,2,1110,538,572
54047,3,1035,567,468
54047,4,926,469,457
54047,5,804,416,388
54047,6,1044,525,519
54047,7,951,502,449
54047,8,935,451,484
54047,9,1128,595,533
54047,10,1137,562,575
54047,11,1201,593,608
54047,12,1367,612,755
54047,13,1641,783,858
54047,14,1352,673,679
54047,15,1027,506,521
54047,16,656,297,359
54047,17,510,197,313
54047,18,419,147,272
54049,0,56097,27692,28405
54049,1,3107,1592,1515
54049,2,3168,1560,1608
54049,3,3039,1589,1450
54049,4,3672,1945,1727
54049,5,4544,2289,2255
54049,6,3477,1759,1718
54049,7,3070,1582,1488
54049,8,3411,1712,1699
54049,9,3230,1643,1587
54049,10,3544,1732,1812
54049,11,3469,1762,1707
54049,12,3507,1663,1844
54049,13,3896,1954,1942
54049,14,3508,1742,1766
54049,15,2792,1243,1549
54049,16,1964,886,1078
54049,17,1364,577,787
54049,18,1335,462,873
54051,0,30785,15262,15523
54051,1,1505,757,748
54051,2,1660,872,788
54051,3,1682,853,829
54051,4,1660,829,831
54051,5,1560,822,738
54051,6,1936,1011,925
54051,7,1577,825,752
54051,8,1631,825,806
54051,9,1786,927,859
54051,10,2031,1023,1008
54051,11,2075,1054,1021
54051,12,2338,1128,1210
54051,13,2458,1221,1237
54051,14,2329,1116,1213
54051,15,1825,879,946
54051,16,1165,508,657
54051,17,792,332,460
54051,18,775,280,495
54053,0,26718,12925,13793
54053,1,1429,756,673
54053,2,1507,797,710
54053,3,1699,865,834
54053,4,1438,755,683
54053,5,1363,699,664
54053,6,1572,728,844
54053,7,1364,600,764
54053,8,1667,795,872
54053,9,1574,748,826
54053,10,1697,849,848
54053,11,1680,808,872
54053,12,2032,992,1040
54053,13,2113,992,1121
54053,14,1760,859,901
54053,15,1442,694,748
54053,16,1011,466,545
54053,17,725,296,429
54053,18,645,226,419
54055,0,59131,28395,30736
54055,1,3383,1729,1654
54055,2,3505,1838,1667
54055,3,3283,1682,1601
54055,4,3379,1700,1679
54055,5,3434,1780,1654
54055,6,3815,1846,1969
54055,7,3096,1554,1542
54055,8,3308,1558,1750
54055,9,3427,1663,1764
54055,10,3685,1792,1893
54055,11,3561,1729,1832
54055,12,3882,1803,2079
54055,13,4367,1992,2375
54055,14,4278,1963,2315
54055,15,3344,1588,1756
54055,16,2337,1077,1260
54055,17,1522,631,891
54055,18,1525,470,1055
54057,0,26940,13403,13537
54057,1,1406,698,708
54057,2,1493,775,718
54057,3,1494,807,687
54057,4,1779,958,821
54057,5,1451,751,700
54057,6,1688,903,785
54057,7,1413,726,687
54057,8,1480,756,724
54057,9,1445,718,727
54057,10,1805,900,905
54057,11,1885,945,940
54057,12,1928,922,1006
54057,13,1832,847,985
54057,14,1830,850,980
54057,15,1635,785,850
54057,16,1156,542,614
54057,17,703,317,386
54057,18,517,203,314
54059,0,23785,11724,12061
54059,1,1424,716,708
54059,2,1468,771,697
54059,3,1476,764,712
54059,4,1389,743,646
54059,5,1090,553,537
54059,6,1364,662,702
54059,7,1265,603,662
54059,8,1476,695,781
54059,9,1501,771,730
54059,10,1562,785,777
54059,11,1659,793,866
54059,12,1745,848,897
54059,13,1864,910,954
54059,14,1720,820,900
54059,15,1200,597,603
54059,16,742,376,366
54059,17,467,181,286
54059,18,373,136,237
54061,0,106420,54938,51482
54061,1,5301,2752,2549
54061,2,4902,2559,2343
54061,3,4520,2346,2174
54061,4,8620,4557,4063
54061,5,16274,8547,7727
54061,6,10018,5496,4522
54061,7,8143,4462,3681
54061,8,7171,3888,3283
54061,9,5669,2977,2692
54061,10,5591,2927,2664
54061,11,5498,2735,2763
54061,12,5721,2828,2893
54061,13,5544,2692,2852
54061,14,4919,2458,2461
54061,15,3328,1614,1714
54061,16,2159,992,1167
54061,17,1406,562,844
54061,18,1636,546,1090
54063,0,13280,6638,6642
54063,1,608,309,299
54063,2,732,372,360
54063,3,789,429,360
54063,4,737,380,357
54063,5,566,298,268
54063,6,673,332,341
54063,7,670,361,309
54063,8,705,360,345
54063,9,719,362,357
54063,10,847,415,432
54063,11,936,460,476
54063,12,978,469,509
54063,13,1001,538,463
54063,14,967,447,520
54063,15,924,442,482
54063,16,701,353,348
54063,17,359,170,189
54063,18,368,141,227
54065,0,17787,8914,8873
54065,1,727,378,349
54065,2,883,442,441
54065,3,940,504,436
54065,4,1001,525,476
54065,5,900,469,431
54065,6,945,471,474
54065,7,849,420,429
54065,8,937,477,460
54065,9,985,493,492
54065,10,1198,631,567
54065,11,1394,724,670
54065,12,1458,742,716
54065,13,1463,691,772
54065,14,1440,708,732
54065,15,1039,514,525
54065,16,764,357,407
54065,17,488,222,266
54065,18,376,146,230
54067,0,24842,12215,12627
54067,1,1311,647,664
54067,2,1467,757,710
54067,3,1510,766,744
54067,4,1254,661,593
54067,5,1154,611,543
54067,6,1462,734,728
54067,7,1290,653,637
54067,8,1379,663,716
54067,9,1431,686,745
54067,10,1630,800,830
54067,11,1663,809,854
54067,12,1832,892,940
54067,13,1906,902,1004
54067,14,1860,906,954
54067,15,1484,764,720
54067,16,1023,463,560
54067,17,669,317,352
54067,18,517,184,333
54069,0,41755,20148,21607
54069,1,2091,1064,1027
54069,2,2198,1119,1079
54069,3,2288,1161,1127
54069,4,2750,1345,1405
54069,5,2854,1400,1454
54069,6,2445,1281,1164
54069,7,2336,1176,1160
54069,8,2364,1201,1163
54069,9,2221,1153,1068
54069,10,2447,1197,1250
54069,11,2470,1211,1259
54069,12,2975,1397,1578
54069,13,3211,1577,1634
54069,14,2930,1342,1588
54069,15,2112,1013,1099
54069,16,1540,668,872
54069,17,1090,427,663
54069,18,1433,416,1017
54071,0,6997,3539,3458
54071,1,341,183,158
54071,2,361,179,182
54071,3,345,170,175
54071,4,346,173,173
54071,5,299,161,138
54071,6,377,199,178
54071,7,303,155,148
54071,8,355,191,164
54071,9,340,182,158
54071,10,375,196,179
54071,11,474,237,237
54071,12,556,285,271
54071,13,631,318,313
54071,14,540,257,283
54071,15,463,246,217
54071,16,358,149,209
54071,17,247,118,129
54071,18,286,140,146
54073,0,7507,4083,3424
54073,1,373,207,166
54073,2,353,191,162
54073,3,417,215,202
54073,4,412,214,198
54073,5,451,270,181
54073,6,498,307,191
54073,7,431,269,162
54073,8,493,288,205
54073,9,488,290,198
54073,10,523,283,240
54073,11,574,314,260
54073,12,563,299,264
54073,13,495,252,243
54073,14,451,225,226
54073,15,399,200,199
54073,16,275,138,137
54073,17,168,80,88
54073,18,143,41,102
54075,0,8414,4313,4101
54075,1,411,199,212
54075,2,421,206,215
54075,3,394,190,204
54075,4,376,207,169
54075,5,384,200,184
54075,6,483,253,230
54075,7,442,254,188
54075,8,443,238,205
54075,9,464,241,223
54075,10,480,259,221
54075,11,582,299,283
54075,12,704,365,339
54075,13,708,373,335
54075,14,670,325,345
54075,15,551,279,272
54075,16,412,222,190
54075,17,268,136,132
54075,18,221,67,154
54077,0,33839,17367,16472
54077,1,1712,847,865
54077,2,1861,1021,840
54077,3,1854,958,896
54077,4,1609,794,815
54077,5,1786,957,829
54077,6,2341,1291,1050
54077,7,2212,1189,1023
54077,8,2145,1106,1039
54077,9,2177,1187,990
54077,10,2218,1186,1032
54077,11,2364,1237,1127
54077,12,2417,1275,1142
54077,13,2365,1155,1210
54077,14,2381,1149,1232
54077,15,1716,845,871
54077,16,1244,580,664
54077,17,764,352,412
54077,18,673,238,435
54079,0,56682,27871,28811
54079,1,3032,1576,1456
54079,2,3446,1750,1696
54079,3,3757,1925,1832
54079,4,3562,1829,1733
54079,5,2799,1435,1364
54079,6,3065,1540,1525
54079,7,3242,1636,1606
54079,8,3747,1828,1919
54079,9,3791,1845,1946
54079,10,4027,1997,2030
54079,11,3856,1935,1921
54079,12,3986,1929,2057
54079,13,3984,1971,2013
54079,14,3474,1637,1837
54079,15,2731,1283,1448
54079,16,1983,912,1071
54079,17,1241,516,725
54079,18,959,327,632
54081,0,74254,37223,37031
54081,1,3991,2046,1945
54081,2,4474,2264,2210
54081,3,4475,2262,2213
54081,4,3964,2074,1890
54081,5,3995,2151,1844
54081,6,4712,2557,2155
54081,7,4412,2415,1997
54081,8,4618,2375,2243
54081,9,4860,2547,2313
54081,10,4852,2557,2295
54081,11,4311,2202,2109
54081,12,4771,2246,2525
54081,13,5502,2615,2887
54081,14,5146,2535,2611
54081,15,4054,1894,2160
54081,16,2529,1158,1371
54081,17,1763,706,1057
54081,18,1825,619,1206
54083,0,28823,14916,13907
54083,1,1455,756,699
54083,2,1487,721,766
54083,3,1528,795,733
54083,4,1612,867,745
54083,5,1702,971,731
54083,6,1884,1061,823
54083,7,1662,931,731
54083,8,1678,953,725
54083,9,1586,822,764
54083,10,1835,977,858
54083,11,1935,1020,915
54083,12,2116,1071,1045
54083,13,2036,1045,991
54083,14,1965,917,1048
54083,15,1655,828,827
54083,16,1228,562,666
54083,17,732,369,363
54083,18,727,250,477
54085,0,9721,4862,4859
54085,1,489,245,244
54085,2,510,264,246
54085,3,572,288,284
54085,4,521,275,246
54085,5,457,231,226
54085,6,556,297,259
54085,7,408,203,205
54085,8,567,287,280
54085,9,529,246,283
54085,10,650,318,332
54085,11,704,351,353
54085,12,796,420,376
54085,13,767,402,365
54085,14,711,353,358
54085,15,575,282,293
54085,16,382,174,208
54085,17,286,139,147
54085,18,241,87,154
54087,0,13932,6874,7058
54087,1,657,327,330
54087,2,779,367,412
54087,3,904,446,458
54087,4,834,423,411
54087,5,606,337,269
54087,6,765,398,367
54087,7,645,313,332
54087,8,747,385,362
54087,9,863,414,449
54087,10,926,450,476
54087,11,910,467,443
54087,12,1104,538,566
54087,13,1138,578,560
54087,14,1032,492,540
54087,15,794,421,373
54087,16,555,250,305
54087,17,354,166,188
54087,18,319,102,217
54089,0,12760,5759,7001
54089,1,515,266,249
54089,2,545,238,307
54089,3,616,320,296
54089,4,627,294,333
54089,5,576,271,305
54089,6,742,293,449
54089,7,627,235,392
54089,8,753,297,456
54089,9,825,357,468
54089,10,847,384,463
54089,11,836,366,470
54089,12,992,427,565
54089,13,1082,511,571
54089,14,1077,563,514
54089,15,792,392,400
54089,16,546,229,317
54089,17,397,173,224
54089,18,365,143,222
54091,0,16862,8556,8306
54091,1,889,422,467
54091,2,966,511,455
54091,3,948,505,443
54091,4,887,466,421
54091,5,796,425,371
54091,6,1076,592,484
54091,7,992,553,439
54091,8,1049,546,503
54091,9,1066,544,522
54091,10,1114,565,549
54091,11,1225,616,609
54091,12,1236,650,586
54091,13,1207,591,616
54091,14,1135,559,576
54091,15,835,412,423
54091,16,630,284,346
54091,17,411,174,237
54091,18,400,141,259
54093,0,6955,3554,3401
54093,1,294,157,137
54093,2,273,148,125
54093,3,272,129,143
54093,4,398,261,137
54093,5,296,155,141
54093,6,411,216,195
54093,7,309,150,159
54093,8,405,195,210
54093,9,372,189,183
54093,10,446,228,218
54093,11,548,272,276
54093,12,555,277,278
54093,13,555,282,273
54093,14,575,289,286
54093,15,475,239,236
54093,16,336,169,167
54093,17,240,120,120
54093,18,195,78,117
54095,0,8746,4398,4348
54095,1,444,234,210
54095,2,462,245,217
54095,3,506,247,259
54095,4,493,262,231
54095,5,402,212,190
54095,6,490,236,254
54095,7,383,197,186
54095,8,444,225,219
54095,9,483,241,242
54095,10,635,331,304
54095,11,612,323,289
54095,12,678,323,355
54095,13,733,354,379
54095,14,649,349,300
54095,15,505,244,261
54095,16,349,171,178
54095,17,244,103,141
54095,18,234,101,133
54097,0,24415,12106,12309
54097,1,1311,670,641
54097,2,1405,735,670
54097,3,1459,726,733
54097,4,1660,826,834
54097,5,1784,849,935
54097,6,1446,743,703
54097,7,1324,664,660
54097,8,1384,678,706
54097,9,1303,685,618
54097,10,1516,781,735
54097,11,1551,755,796
54097,12,1594,780,814
54097,13,1712,846,866
54097,14,1607,790,817
54097,15,1272,647,625
54097,16,985,462,523
54097,17,600,284,316
54097,18,502,185,317
54099,0,39944,19527,20417
54099,1,2075,1066,1009
54099,2,2163,1070,1093
54099,3,2422,1254,1168
54099,4,2355,1188,1167
54099,5,2108,1129,979
54099,6,2475,1255,1220
54099,7,1933,946,987
54099,8,2386,1134,1252
54099,9,2385,1132,1253
54099,10,2762,1362,1400
54099,11,2683,1335,1348
54099,12,2892,1376,1516
54099,13,2891,1404,1487
54099,14,2641,1250,1391
54099,15,2224,1056,1168
54099,16,1549,713,836
54099,17,1048,494,554
54099,18,952,363,589
54101,0,8285,4145,4140
54101,1,393,204,189
54101,2,482,233,249
54101,3,465,248,217
54101,4,471,253,218
54101,5,366,192,174
54101,6,456,226,230
54101,7,379,201,178
54101,8,423,208,215
54101,9,463,236,227
54101,10,553,278,275
54101,11,574,294,280
54101,12,636,305,331
54101,13,700,340,360
54101,14,649,313,336
54101,15,519,272,247
54101,16,329,168,161
54101,17,223,105,118
54101,18,204,69,135
54103,0,15270,7498,7772
54103,1,814,420,394
54103,2,785,391,394
54103,3,911,465,446
54103,4,825,431,394
54103,5,857,441,416
54103,6,872,448,424
54103,7,708,375,333
54103,8,819,404,415
54103,9,807,386,421
54103,10,1034,503,531
54103,11,1009,499,510
54103,12,1204,607,597
54103,13,1105,536,569
54103,14,1019,517,502
54103,15,885,412,473
54103,16,712,291,421
54103,17,491,243,248
54103,18,413,129,284
54105,0,5830,2969,2861
54105,1,290,143,147
54105,2,361,185,176
54105,3,388,217,171
54105,4,309,164,145
54105,5,261,146,115
54105,6,287,139,148
54105,7,318,161,157
54105,8,317,151,166
54105,9,352,170,182
54105,10,368,176,192
54105,11,409,203,206
54105,12,490,233,257
54105,13,500,265,235
54105,14,381,189,192
54105,15,328,191,137
54105,16,230,118,112
54105,17,148,86,62
54105,18,93,32,61
54107,0,84203,40905,43298
54107,1,4756,2422,2334
54107,2,4756,2416,2340
54107,3,5055,2571,2484
54107,4,4742,2462,2280
54107,5,4467,2222,2245
54107,6,5075,2532,2543
54107,7,4560,2269,2291
54107,8,5085,2496,2589
54107,9,4920,2448,2472
54107,10,5508,2766,2742
54107,11,5709,2808,2901
54107,12,6254,3000,3254
54107,13,6107,2924,3183
54107,14,5384,2482,2902
54107,15,4435,2059,2376
54107,16,3316,1469,1847
54107,17,2164,919,1245
54107,18,1910,640,1270
54109,0,20786,10274,10512
54109,1,992,509,483
54109,2,1161,609,552
54109,3,1261,649,612
54109,4,1219,614,605
54109,5,1059,541,518
54109,6,1159,578,581
54109,7,1013,513,500
54109,8,1103,537,566
54109,9,1446,677,769
54109,10,1383,710,673
54109,11,1349,665,684
54109,12,1463,720,743
54109,13,1767,864,903
54109,14,1698,830,868
54109,15,1135,578,557
54109,16,710,332,378
54109,17,478,204,274
54109,18,390,144,246
55001,0,20348,10925,9423
55001,1,693,355,338
55001,2,768,387,381
55001,3,924,468,456
55001,4,871,466,405
55001,5,805,470,335
55001,6,952,604,348
55001,7,1006,653,353
55001,8,971,577,394
55001,9,986,584,402
55001,10,1099,608,491
55001,11,1414,742,672
55001,12,1893,953,940
55001,13,2043,1084,959
55001,14,1942,974,968
55001,15,1579,818,761
55001,16,1200,630,570
55001,17,683,326,357
55001,18,519,226,293
55003,0,15600,7818,7782
55003,1,880,430,450
55003,2,906,480,426
55003,3,1021,527,494
55003,4,1083,560,523
55003,5,1011,535,476
55003,6,796,439,357
55003,7,832,421,411
55003,8,932,463,469
55003,9,821,421,400
55003,10,822,402,420
55003,11,974,512,462
55003,12,1244,576,668
55003,13,1223,618,605
55003,14,1078,546,532
55003,15,753,358,395
55003,16,506,253,253
55003,17,348,165,183
55003,18,370,112,258
55005,0,45164,22628,22536
55005,1,2462,1240,1222
55005,2,2739,1409,1330
55005,3,2857,1423,1434
55005,4,2566,1323,1243
55005,5,2264,1189,1075
55005,6,2442,1303,1139
55005,7,2393,1231,1162
55005,8,2676,1371,1305
55005,9,2328,1216,1112
55005,10,2684,1368,1316
55005,11,2809,1406,1403
55005,12,3615,1855,1760
55005,13,3421,1714,1707
55005,14,3086,1534,1552
55005,15,2573,1276,1297
55005,16,1793,831,962
55005,17,1213,519,694
55005,18,1243,420,823
55007,0,15042,7660,7382
55007,1,677,341,336
55007,2,666,359,307
55007,3,750,384,366
55007,4,764,402,362
55007,5,613,333,280
55007,6,587,305,282
55007,7,651,334,317
55007,8,694,344,350
55007,9,708,360,348
55007,10,823,404,419
55007,11,1075,550,525
55007,12,1295,636,659
55007,13,1570,778,792
55007,14,1448,735,713
55007,15,1130,590,540
55007,16,752,378,374
55007,17,444,236,208
55007,18,395,191,204
55009,0,263378,130577,132801
55009,1,16897,8511,8386
55009,2,17403,8927,8476
55009,3,17820,9075,8745
55009,4,17544,8746,8798
55009,5,17104,8573,8531
55009,6,17995,9263,8732
55009,7,17791,9079,8712
55009,8,17672,9057,8615
55009,9,15548,7817,7731
55009,10,15991,8018,7973
55009,11,17669,8816,8853
55009,12,18579,9193,9386
55009,13,16232,7904,8328
55009,14,13584,6605,6979
55009,15,9651,4466,5185
55009,16,6595,2926,3669
55009,17,4562,1953,2609
55009,18,4741,1648,3093
55011,0,13125,6677,6448
55011,1,707,363,344
55011,2,740,350,390
55011,3,804,385,419
55011,4,745,385,360
55011,5,643,323,320
55011,6,698,366,332
55011,7,686,377,309
55011,8,731,366,365
55011,9,671,350,321
55011,10,779,388,391
55011,11,921,473,448
55011,12,1096,547,549
55011,13,1002,539,463
55011,14,966,528,438
55011,15,690,371,319
55011,16,523,253,270
55011,17,377,169,208
55011,18,346,144,202
55013,0,15392,7884,7508
55013,1,673,366,307
55013,2,749,419,330
55013,3,798,430,368
55013,4,765,399,366
55013,5,604,297,307
55013,6,646,330,316
55013,7,594,296,298
55013,8,738,371,367
55013,9,689,327,362
55013,10,835,438,397
55013,11,1037,527,510
55013,12,1366,696,670
55013,13,1502,763,739
55013,14,1440,726,714
55013,15,1175,647,528
55013,16,817,396,421
55013,17,513,262,251
55013,18,451,194,257
55015,0,50159,25262,24897
55015,1,2685,1391,1294
55015,2,3301,1702,1599
55015,3,3732,1920,1812
55015,4,3371,1720,1651
55015,5,2624,1334,1290
55015,6,2638,1403,1235
55015,7,2915,1459,1456
55015,8,3391,1692,1699
55015,9,3272,1662,1610
55015,10,3469,1739,1730
55015,11,3955,1986,1969
55015,12,3866,2020,1846
55015,13,3369,1672,1697
55015,14,2647,1313,1334
55015,15,1893,916,977
55015,16,1336,632,704
55015,17,864,370,494
55015,18,831,331,500
55017,0,64135,33239,30896
55017,1,3508,1765,1743
55017,2,3919,2042,1877
55017,3,4237,2156,2081
55017,4,3757,1938,1819
55017,5,3266,1836,1430
55017,6,3763,2066,1697
55017,7,4127,2251,1876
55017,8,4346,2397,1949
55017,9,3730,2042,1688
55017,10,4074,2167,1907
55017,11,4366,2330,2036
55017,12,4957,2536,2421
55017,13,4560,2328,2232
55017,14,3909,1928,1981
55017,15,2891,1484,1407
55017,16,1952,902,1050
55017,17,1342,569,773
55017,18,1431,502,929
55019,0,34709,17523,17186
55019,1,2832,1470,1362
55019,2,2822,1420,1402
55019,3,2874,1441,1433
55019,4,2550,1304,1246
55019,5,1937,1004,933
55019,6,1720,889,831
55019,7,1667,842,825
55019,8,1902,1002,900
55019,9,1790,925,865
55019,10,1910,947,963
55019,11,2139,1119,1020
55019,12,2426,1224,1202
55019,13,2379,1242,1137
55019,14,1777,904,873
55019,15,1330,669,661
55019,16,1038,481,557
55019,17,755,349,406
55019,18,861,291,570
55021,0,57358,29321,28037
55021,1,3068,1575,1493
55021,2,3224,1636,1588
55021,3,3651,1897,1754
55021,4,3454,1787,1667
55021,5,3060,1657,1403
55021,6,3265,1761,1504
55021,7,3527,1839,1688
55021,8,3699,1984,1715
55021,9,3423,1770,1653
55021,10,3786,2011,1775
55021,11,4202,2163,2039
55021,12,4517,2275,2242
55021,13,4232,2129,2103
55021,14,3478,1798,1680
55021,15,2584,1260,1324
55021,16,1797,858,939
55021,17,1193,517,676
55021,18,1198,404,794
55023,0,16291,8461,7830
55023,1,774,396,378
55023,2,881,439,442
55023,3,1005,534,471
55023,4,1011,543,468
55023,5,849,500,349
55023,6,837,487,350
55023,7,839,448,391
55023,8,891,467,424
55023,9,839,441,398
55023,10,923,506,417
55023,11,1099,566,533
55023,12,1314,668,646
55023,13,1243,608,635
55023,14,1261,673,588
55023,15,915,435,480
55023,16,748,357,391
55023,17,400,208,192
55023,18,462,185,277
55025,0,542364,269692,272672
55025,1,30571,15726,14845
55025,2,30904,15649,15255
55025,3,30996,16022,14974
55025,4,35387,17843,17544
55025,5,55759,28146,27613
55025,6,45161,23852,21309
55025,7,40519,20897,19622
55025,8,39160,19978,19182
55025,9,32741,16454,16287
55025,10,31818,15936,15882
55025,11,31659,15549,16110
55025,12,32882,15795,17087
55025,13,30374,14516,15858
55025,14,26630,12630,14000
55025,15,19040,9040,10000
55025,16,11853,5257,6596
55025,17,7686,3252,4434
55025,18,9224,3150,6074
55027,0,87847,46444,41403
55027,1,4067,2100,1967
55027,2,4710,2466,2244
55027,3,5310,2752,2558
55027,4,5171,2613,2558
55027,5,4991,2917,2074
55027,6,5620,3377,2243
55027,7,5595,3275,2320
55027,8,5750,3321,2429
55027,9,5350,3006,2344
55027,10,5788,3087,2701
55027,11,6448,3422,3026
55027,12,7281,3812,3469
55027,13,6269,3211,3058
55027,14,4971,2421,2550
55027,15,3645,1805,1840
55027,16,2685,1229,1456
55027,17,2004,878,1126
55027,18,2192,752,1440
55029,0,27610,13625,13985
55029,1,1072,542,530
55029,2,1144,576,568
55029,3,1408,739,669
55029,4,1328,667,661
55029,5,1170,592,578
55029,6,1204,635,569
55029,7,1167,593,574
55029,8,1384,690,694
55029,9,1317,700,617
55029,10,1473,739,734
55029,11,1722,837,885
55029,12,2375,1185,1190
55029,13,2631,1268,1363
55029,14,2808,1366,1442
55029,15,2112,1018,1094
55029,16,1457,708,749
55029,17,932,449,483
55029,18,906,321,585
55031,0,43208,21627,21581
55031,1,2088,1059,1029
55031,2,2451,1260,1191
55031,3,2497,1270,1227
55031,4,2582,1315,1267
55031,5,2658,1360,1298
55031,6,2635,1357,1278
55031,7,2741,1392,1349
55031,8,2797,1361,1436
55031,9,2450,1263,1187
55031,10,2638,1351,1287
55031,11,2857,1413,1444
55031,12,3409,1618,1791
55031,13,3366,1729,1637
55031,14,2826,1469,1357
55031,15,1941,1005,936
55031,16,1392,659,733
55031,17,919,401,518
55031,18,961,345,616
55033,0,45131,22651,22480
55033,1,2350,1198,1152
55033,2,2411,1215,1196
55033,3,2584,1346,1238
55033,4,4125,2009,2116
55033,5,5881,3015,2866
55033,6,2642,1401,1241
55033,7,2456,1254,1202
55033,8,2590,1319,1271
55033,9,2332,1211,1121
55033,10,2549,1305,1244
55033,11,2502,1278,1224
55033,12,2935,1497,1438
55033,13,2697,1375,1322
55033,14,2333,1168,1165
55033,15,1821,877,944
55033,16,1146,542,604
55033,17,790,327,463
55033,18,987,314,673
55035,0,104534,51647,52887
55035,1,6031,3076,2955
55035,2,5856,3045,2811
55035,3,5961,3122,2839
55035,4,7845,3764,4081
55035,5,12423,5909,6514
55035,6,7430,3867,3563
55035,7,6957,3594,3363
55035,8,6638,3417,3221
55035,9,5347,2754,2593
55035,10,5521,2779,2742
55035,11,5709,2857,2852
55035,12,6388,3178,3210
55035,13,6054,2904,3150
55035,14,5541,2614,2927
55035,15,4125,1991,2134
55035,16,2727,1263,1464
55035,17,1884,805,1079
55035,18,2097,708,1389
55037,0,4321,2226,2095
55037,1,167,102,65
55037,2,174,92,82
55037,3,187,94,93
55037,4,165,91,74
55037,5,166,86,80
55037,6,178,85,93
55037,7,201,108,93
55037,8,210,108,102
55037,9,194,101,93
55037,10,234,130,104
55037,11,367,177,190
55037,12,461,231,230
55037,13,492,250,242
55037,14,377,197,180
55037,15,302,169,133
55037,16,196,92,104
55037,17,132,65,67
55037,18,118,48,70
55039,0,103066,50694,52372
55039,1,5436,2690,2746
55039,2,6156,3089,3067
55039,3,6497,3298,3199
55039,4,6463,3356,3107
55039,5,6136,3095,3041
55039,6,6114,2998,3116
55039,7,6113,3060,3053
55039,8,6594,3314,3280
55039,9,5896,2953,2943
55039,10,6262,3202,3060
55039,11,7134,3484,3650
55039,12,7837,3924,3913
55039,13,7345,3667,3678
55039,14,6153,3025,3128
55039,15,4627,2218,2409
55039,16,3298,1519,1779
55039,17,2294,952,1342
55039,18,2711,850,1861
55041,0,8991,4556,4435
55041,1,511,263,248
55041,2,480,245,235
55041,3,454,225,229
55041,4,547,313,234
55041,5,525,293,232
55041,6,472,230,242
55041,7,443,231,212
55041,8,412,211,201
55041,9,439,212,227
55041,10,538,275,263
55041,11,591,312,279
55041,12,722,344,378
55041,13,793,389,404
55041,14,663,328,335
55041,15,516,255,261
55041,16,383,193,190
55041,17,256,137,119
55041,18,246,100,146
55043,0,51554,26737,24817
55043,1,2939,1504,1435
55043,2,2902,1479,1423
55043,3,3096,1507,1589
55043,4,4780,2777,2003
55043,5,5922,3501,2421
55043,6,3031,1665,1366
55043,7,2573,1418,1155
55043,8,2774,1472,1302
55043,9,2474,1287,1187
55043,10,2544,1321,1223
55043,11,2851,1424,1427
55043,12,3434,1724,1710
55043,13,3339,1670,1669
55043,14,2757,1356,1401
55043,15,1992,963,1029
55043,16,1594,735,859
55043,17,1233,517,716
55043,18,1319,417,902
55045,0,36929,18350,18579
55045,1,1922,971,951
55045,2,2164,1085,1079
55045,3,2582,1294,1288
55045,4,2211,1138,1073
55045,5,1870,938,932
55045,6,1948,968,980
55045,7,2035,1039,996
55045,8,2284,1172,1112
55045,9,2145,1055,1090
55045,10,2457,1289,1168
55045,11,2570,1280,1290
55045,12,2998,1500,1498
55045,13,2832,1434,1398
55045,14,2280,1146,1134
55045,15,1664,810,854
55045,16,1166,537,629
55045,17,818,362,456
55045,18,983,332,651
55047,0,18918,9506,9412
55047,1,1096,541,555
55047,2,1137,574,563
55047,3,1211,623,588
55047,4,1224,651,573
55047,5,940,487,453
55047,6,866,431,435
55047,7,909,460,449
55047,8,1029,524,505
55047,9,958,514,444
55047,10,1045,531,514
55047,11,1241,637,604
55047,12,1530,768,762
55047,13,1531,785,746
55047,14,1344,696,648
55047,15,1081,521,560
55047,16,768,349,419
55047,17,505,231,274
55047,18,503,183,320
55049,0,23771,11904,11867
55049,1,1349,654,695
55049,2,1529,789,740
55049,3,1605,815,790
55049,4,1429,746,683
55049,5,1126,575,551
55049,6,1200,601,599
55049,7,1341,672,669
55049,8,1482,764,718
55049,9,1317,666,651
55049,10,1422,711,711
55049,11,1737,856,881
55049,12,1943,976,967
55049,13,1833,921,912
55049,14,1615,816,799
55049,15,1153,603,550
55049,16,714,354,360
55049,17,483,203,280
55049,18,493,182,311
55051,0,5676,2857,2819
55051,1,173,91,82
55051,2,233,126,107
55051,3,289,140,149
55051,4,252,126,126
55051,5,210,113,97
55051,6,198,108,90
55051,7,203,86,117
55051,8,262,131,131
55051,9,279,143,136
55051,10,330,177,153
55051,11,391,182,209
55051,12,521,272,249
55051,13,583,309,274
55051,14,527,278,249
55051,15,469,236,233
55051,16,284,149,135
55051,17,205,91,114
55051,18,267,99,168
55053,0,20478,10969,9509
55053,1,1205,637,568
55053,2,1190,641,549
55053,3,1260,639,621
55053,4,1207,621,586
55053,5,1102,645,457
55053,6,1311,795,516
55053,7,1192,726,466
55053,8,1263,684,579
55053,9,1108,621,487
55053,10,1276,703,573
55053,11,1411,747,664
55053,12,1586,821,765
55053,13,1482,797,685
55053,14,1279,652,627
55053,15,993,511,482
55053,16,691,341,350
55053,17,493,224,269
55053,18,429,164,265
55055,0,85129,42546,42583
55055,1,4377,2218,2159
55055,2,4739,2445,2294
55055,3,5381,2857,2524
55055,4,6238,3125,3113
55055,5,5129,2613,2516
55055,6,4741,2463,2278
55055,7,5140,2527,2613
55055,8,5550,2774,2776
55055,9,5189,2701,2488
55055,10,5639,2887,2752
55055,11,6136,3081,3055
55055,12,6509,3215,3294
55055,13,5925,2950,2975
55055,14,4887,2425,2462
55055,15,3746,1757,1989
55055,16,2588,1182,1406
55055,17,1657,763,894
55055,18,1558,563,995
55057,0,26617,14165,12452
55057,1,1442,729,713
55057,2,1483,778,705
55057,3,1541,793,748
55057,4,1394,720,674
55057,5,1270,680,590
55057,6,1549,906,643
55057,7,1464,867,597
55057,8,1583,901,682
55057,9,1565,902,663
55057,10,1744,999,745
55057,11,1926,1048,878
55057,12,2216,1183,1033
55057,13,2050,1056,994
55057,14,1742,921,821
55057,15,1396,683,713
55057,16,1025,488,537
55057,17,637,300,337
55057,18,590,211,379
55059,0,169290,83836,85454
55059,1,9710,5021,4689
55059,2,10468,5414,5054
55059,3,11302,5693,5609
55059,4,12323,6281,6042
55059,5,11233,5695,5538
55059,6,11263,5754,5509
55059,7,10621,5342,5279
55059,8,10864,5358,5506
55059,9,10291,5075,5216
55059,10,11245,5623,5622
55059,11,12343,6118,6225
55059,12,12903,6390,6513
55059,13,10799,5316,5483
55059,14,8104,3962,4142
55059,15,5793,2698,3095
55059,16,4226,1897,2329
55059,17,2773,1196,1577
55059,18,3029,1003,2026
55061,0,20383,10334,10049
55061,1,1063,531,532
55061,2,1200,610,590
55061,3,1272,665,607
55061,4,1295,662,633
55061,5,1041,552,489
55061,6,984,520,464
55061,7,1121,562,559
55061,8,1201,639,562
55061,9,1167,611,556
55061,10,1245,638,607
55061,11,1462,721,741
55061,12,1645,841,804
55061,13,1519,810,709
55061,14,1367,704,663
55061,15,971,497,474
55061,16,726,348,378
55061,17,502,217,285
55061,18,602,206,396
55063,0,118230,57659,60571
55063,1,6014,2996,3018
55063,2,6479,3311,3168
55063,3,6924,3580,3344
55063,4,9213,4274,4939
55063,5,13718,6396,7322
55063,6,8087,4189,3898
55063,7,6965,3617,3348
55063,8,7171,3670,3501
55063,9,6032,3049,2983
55063,10,6440,3261,3179
55063,11,6732,3380,3352
55063,12,7644,3675,3969
55063,13,7412,3603,3809
55063,14,6328,3046,3282
55063,15,4729,2259,2470
55063,16,3203,1436,1767
55063,17,2369,969,1400
55063,18,2770,948,1822
55065,0,16665,8435,8230
55065,1,1040,528,512
55065,2,1136,565,571
55065,3,1176,594,582
55065,4,1112,573,539
55065,5,888,465,423
55065,6,863,446,417
55065,7,879,466,413
55065,8,955,477,478
55065,9,830,425,405
55065,10,945,470,475
55065,11,1091,550,541
55065,12,1328,669,659
55065,13,1310,684,626
55065,14,1005,533,472
55065,15,682,362,320
55065,16,553,264,289
55065,17,429,190,239
55065,18,443,174,269
55067,0,19268,9717,9551
55067,1,980,491,489
55067,2,1022,537,485
55067,3,1062,551,511
55067,4,1093,588,505
55067,5,909,476,433
55067,6,869,460,409
55067,7,946,488,458
55067,8,1037,534,503
55067,9,941,461,480
55067,10,1061,535,526
55067,11,1383,717,666
55067,12,1679,849,830
55067,13,1670,854,816
55067,14,1434,720,714
55067,15,1104,537,567
55067,16,826,397,429
55067,17,624,295,329
55067,18,628,227,401
55069,0,27689,14029,13660
55069,1,1264,658,606
55069,2,1344,657,687
55069,3,1421,734,687
55069,4,1502,863,639
55069,5,1436,753,683
55069,6,1375,732,643
55069,7,1296,656,640
55069,8,1580,812,768
55069,9,1500,765,735
55069,10,1832,920,912
55069,11,2234,1154,1080
55069,12,2498,1276,1222
55069,13,2458,1242,1216
55069,14,1844,945,899
55069,15,1459,708,751
55069,16,1076,508,568
55069,17,782,373,409
55069,18,788,273,515
55071,0,79074,39507,39567
55071,1,4054,2096,1958
55071,2,4361,2275,2086
55071,3,4854,2485,2369
55071,4,4652,2414,2238
55071,5,4234,2091,2143
55071,6,4253,2201,2052
55071,7,4093,2109,1984
55071,8,4571,2353,2218
55071,9,4372,2258,2114
55071,10,4752,2404,2348
55071,11,5749,2924,2825
55071,12,6603,3325,3278
55071,13,6333,3178,3155
55071,14,5247,2646,2601
55071,15,3842,1876,1966
55071,16,2936,1348,1588
55071,17,1935,798,1137
55071,18,2233,726,1507
55073,0,135428,68084,67344
55073,1,8001,4109,3892
55073,2,8429,4310,4119
55073,3,9046,4662,4384
55073,4,8244,4298,3946
55073,5,7446,3836,3610
55073,6,8344,4370,3974
55073,7,7941,4071,3870
55073,8,8691,4387,4304
55073,9,7922,4095,3827
55073,10,8394,4212,4182
55073,11,9378,4763,4615
55073,12,10331,5164,5167
55073,13,9281,4724,4557
55073,14,7770,3832,3938
55073,15,5757,2824,2933
55073,16,4273,2019,2254
55073,17,2975,1283,1692
55073,18,3205,1125,2080
55075,0,40434,20297,20137
55075,1,1937,1014,923
55075,2,2050,1058,992
55075,3,2349,1211,1138
55075,4,2210,1115,1095
55075,5,1825,914,911
55075,6,1914,998,916
55075,7,2046,1080,966
55075,8,2192,1093,1099
55075,9,2014,1016,998
55075,10,2274,1167,1107
55075,11,2823,1426,1397
55075,12,3641,1801,1840
55075,13,3537,1823,1714
55075,14,3052,1553,1499
55075,15,2364,1205,1159
55075,16,1730,857,873
55075,17,1202,517,685
55075,18,1274,449,825
55077,0,15434,7877,7557
55077,1,749,376,373
55077,2,828,442,386
55077,3,888,457,431
55077,4,772,425,347
55077,5,638,351,287
55077,6,663,337,326
55077,7,743,368,375
55077,8,750,375,375
55077,9,765,397,368
55077,10,878,445,433
55077,11,1113,588,525
55077,12,1450,754,696
55077,13,1410,734,676
55077,14,1275,671,604
55077,15,948,444,504
55077,16,699,338,361
55077,17,438,202,236
55077,18,427,173,254
55078,0,4658,2320,2338
55078,1,465,239,226
55078,2,434,253,181
55078,3,429,218,211
55078,4,392,203,189
55078,5,263,147,116
55078,6,287,145,142
55078,7,255,121,134
55078,8,222,105,117
55078,9,190,78,112
55078,10,233,107,126
55078,11,260,122,138
55078,12,320,152,168
55078,13,293,149,144
55078,14,213,95,118
55078,15,165,78,87
55078,16,112,46,66
55078,17,62,30,32
55078,18,63,32,31
55079,0,948201,459121,489080
55079,1,64975,33173,31802
55079,2,63814,32622,31192
55079,3,62830,31951,30879
55079,4,62046,31627,30419
55079,5,64267,31921,32346
55079,6,81680,39951,41729
55079,7,73257,35740,37517
55079,8,66044,32103,33941
55079,9,55601,26812,28789
55079,10,54888,26924,27964
55079,11,55292,26745,28547
55079,12,58787,28195,30592
55079,13,55717,26323,29394
55079,14,44363,20628,23735
55079,15,30368,13831,16537
55079,16,20216,8380,11836
55079,17,14966,5942,9024
55079,18,19090,6253,12837
55081,0,46051,23301,22750
55081,1,3134,1544,1590
55081,2,3264,1641,1623
55081,3,3358,1710,1648
55081,4,2901,1509,1392
55081,5,2308,1186,1122
55081,6,2496,1275,1221
55081,7,2824,1425,1399
55081,8,3040,1551,1489
55081,9,2597,1376,1221
55081,10,2702,1404,1298
55081,11,2996,1570,1426
55081,12,3419,1776,1643
55081,13,3180,1590,1590
55081,14,2595,1296,1299
55081,15,1975,1029,946
55081,16,1412,661,751
55081,17,919,425,494
55081,18,931,333,598
55083,0,37830,19383,18447
55083,1,1848,980,868
55083,2,2086,1058,1028
55083,3,2371,1223,1148
55083,4,2079,1082,997
55083,5,1689,895,794
55083,6,1836,932,904
55083,7,1913,986,927
55083,8,2141,1103,1038
55083,9,2130,1113,1017
55083,10,2407,1179,1228
55083,11,2968,1522,1446
55083,12,3475,1815,1660
55083,13,3174,1636,1538
55083,14,2739,1472,1267
55083,15,1957,994,963
55083,16,1422,703,719
55083,17,861,416,445
55083,18,734,274,460
55085,0,35470,17794,17676
55085,1,1565,822,743
55085,2,1682,868,814
55085,3,1778,925,853
55085,4,1571,783,788
55085,5,1641,835,806
55085,6,1755,929,826
55085,7,1633,854,779
55085,8,1807,936,871
55085,9,1681,862,819
55085,10,1966,1016,950
55085,11,2560,1243,1317
55085,12,3256,1604,1652
55085,13,3341,1654,1687
55085,14,3062,1578,1484
55085,15,2262,1150,1112
55085,16,1760,852,908
55085,17,1097,478,619
55085,18,1053,405,648
55087,0,187365,93674,93691
55087,1,11725,6143,5582
55087,2,12114,6252,5862
55087,3,12543,6396,6147
55087,4,12165,6253,5912
55087,5,11419,5874,5545
55087,6,12389,6444,5945
55087,7,12774,6543,6231
55087,8,12935,6568,6367
55087,9,11332,5830,5502
55087,10,11621,5796,5825
55087,11,13095,6480,6615
55087,12,13948,6857,7091
55087,13,11716,5795,5921
55087,14,9299,4543,4756
55087,15,6837,3182,3655
55087,16,4839,2155,2684
55087,17,3250,1374,1876
55087,18,3364,1189,2175
55089,0,89147,43841,45306
55089,1,4583,2337,2246
55089,2,5181,2670,2511
55089,3,5592,2878,2714
55089,4,6145,3126,3019
55089,5,5296,2734,2562
55089,6,4045,2069,1976
55089,7,4640,2329,2311
55089,8,5294,2664,2630
55089,9,4933,2468,2465
55089,10,5646,2769,2877
55089,11,6399,3178,3221
55089,12,7027,3387,3640
55089,13,6763,3319,3444
55089,14,5576,2677,2899
55089,15,4380,2066,2314
55089,16,3113,1392,1721
55089,17,2068,885,1183
55089,18,2466,893,1573
55091,0,7289,3725,3564
55091,1,398,210,188
55091,2,437,233,204
55091,3,463,249,214
55091,4,354,187,167
55091,5,370,199,171
55091,6,367,190,177
55091,7,328,163,165
55091,8,435,227,208
55091,9,356,183,173
55091,10,441,216,225
55091,11,504,266,238
55091,12,565,290,275
55091,13,640,311,329
55091,14,531,272,259
55091,15,371,194,177
55091,16,299,147,152
55091,17,198,103,95
55091,18,232,85,147
55093,0,42555,21199,21356
55093,1,2060,1101,959
55093,2,2418,1253,1165
55093,3,2743,1444,1299
55093,4,3777,1689,2088
55093,5,4655,2126,2529
55093,6,2334,1235,1099
55093,7,2297,1158,1139
55093,8,2525,1295,1230
55093,9,2279,1156,1123
55093,10,2600,1320,1280
55093,11,2778,1416,1362
55093,12,3058,1563,1495
55093,13,2817,1387,1430
55093,14,2245,1136,1109
55093,15,1573,814,759
55093,16,1068,540,528
55093,17,664,321,343
55093,18,664,245,419
55095,0,43598,21976,21622
55095,1,2180,1051,1129
55095,2,2441,1294,1147
55095,3,2783,1423,1360
55095,4,2552,1339,1213
55095,5,2148,1092,1056
55095,6,2064,1084,980
55095,7,2175,1090,1085
55095,8,2540,1290,1250
55095,9,2434,1246,1188
55095,10,2748,1387,1361
55095,11,3202,1632,1570
55095,12,3778,1909,1869
55095,13,3564,1786,1778
55095,14,3045,1562,1483
55095,15,2182,1088,1094
55095,16,1683,807,876
55095,17,1081,524,557
55095,18,998,372,626
55097,0,70942,35759,35183
55097,1,3535,1810,1725
55097,2,3718,1928,1790
55097,3,3992,2104,1888
55097,4,5688,2825,2863
55097,5,8350,4351,3999
55097,6,4424,2334,2090
55097,7,3916,2038,1878
55097,8,4080,2123,1957
55097,9,3730,1878,1852
55097,10,3783,1953,1830
55097,11,4397,2207,2190
55097,12,4890,2445,2445
55097,13,4609,2278,2331
55097,14,4010,1980,2030
55097,15,2891,1418,1473
55097,16,2103,956,1147
55097,17,1407,647,760
55097,18,1419,484,935
55099,0,13397,6820,6577
55099,1,601,298,303
55099,2,605,323,282
55099,3,717,357,360
55099,4,755,409,346
55099,5,570,286,284
55099,6,507,261,246
55099,7,498,264,234
55099,8,622,312,310
55099,9,725,355,370
55099,10,805,421,384
55099,11,1003,517,486
55099,12,1217,643,574
55099,13,1335,691,644
55099,14,1144,577,567
55099,15,824,449,375
55099,16,640,316,324
55099,17,435,206,229
55099,18,394,135,259
55101,0,196584,97314,99270
55101,1,12010,6249,5761
55101,2,12539,6369,6170
55101,3,12852,6552,6300
55101,4,12512,6458,6054
55101,5,11982,6377,5605
55101,6,11802,6033,5769
55101,7,11789,5856,5933
55101,8,12371,6145,6226
55101,9,11233,5632,5601
55101,10,12419,6127,6292
55101,11,13972,6916,7056
55101,12,14973,7383,7590
55101,13,13670,6678,6992
55101,14,10832,5285,5547
55101,15,8110,3756,4354
55101,16,5623,2512,3111
55101,17,3741,1562,2179
55101,18,4154,1424,2730
55103,0,17377,8740,8637
55103,1,910,456,454
55103,2,1008,509,499
55103,3,1211,639,572
55103,4,1027,531,496
55103,5,876,454,422
55103,6,817,435,382
55103,7,841,427,414
55103,8,889,452,437
55103,9,974,538,436
55103,10,1024,510,514
55103,11,1058,517,541
55103,12,1361,665,696
55103,13,1409,704,705
55103,14,1331,699,632
55103,15,898,450,448
55103,16,698,332,366
55103,17,468,215,253
55103,18,577,207,370
55105,0,163129,80393,82736
55105,1,9945,5228,4717
55105,2,10036,5180,4856
55105,3,11056,5613,5443
55105,4,10793,5543,5250
55105,5,9913,5032,4881
55105,6,10069,5178,4891
55105,7,9986,4893,5093
55105,8,10367,5120,5247
55105,9,9609,4813,4796
55105,10,10349,5065,5284
55105,11,11149,5484,5665
55105,12,11914,5873,6041
55105,13,10921,5324,5597
55105,14,8804,4219,4585
55105,15,6746,3109,3637
55105,16,4811,2159,2652
55105,17,3309,1441,1868
55105,18,3352,1119,2233
55107,0,14147,7180,6967
55107,1,739,382,357
55107,2,753,407,346
55107,3,828,425,403
55107,4,824,424,400
55107,5,673,361,312
55107,6,646,339,307
55107,7,583,280,303
55107,8,691,371,320
55107,9,745,376,369
55107,10,785,395,390
55107,11,990,502,488
55107,12,1225,644,581
55107,13,1241,633,608
55107,14,1121,574,547
55107,15,850,447,403
55107,16,566,280,286
55107,17,422,184,238
55107,18,465,156,309
55109,0,89694,44793,44901
55109,1,5519,2764,2755
55109,2,5971,3036,2935
55109,3,6823,3479,3344
55109,4,5881,3072,2809
55109,5,4752,2384,2368
55109,6,4881,2479,2402
55109,7,5472,2765,2707
55109,8,6351,3114,3237
55109,9,6096,3071,3025
55109,10,6265,3166,3099
55109,11,6358,3248,3110
55109,12,6867,3365,3502
55109,13,5830,2925,2905
55109,14,4499,2234,2265
55109,15,3277,1617,1660
55109,16,2118,983,1135
55109,17,1356,613,743
55109,18,1378,478,900
55111,0,64249,32060,32189
55111,1,3912,1992,1920
55111,2,3987,2074,1913
55111,3,4180,2157,2023
55111,4,3855,2021,1834
55111,5,3535,1789,1746
55111,6,3604,1863,1741
55111,7,3951,2011,1940
55111,8,4197,2187,2010
55111,9,3615,1810,1805
55111,10,4041,2072,1969
55111,11,4239,2099,2140
55111,12,4777,2344,2433
55111,13,4456,2262,2194
55111,14,3934,1917,2017
55111,15,3000,1436,1564
55111,16,2050,936,1114
55111,17,1346,595,751
55111,18,1570,495,1075
55113,0,16489,8421,8068
55113,1,834,424,410
55113,2,900,465,435
55113,3,946,481,465
55113,4,829,441,388
55113,5,731,386,345
55113,6,725,397,328
55113,7,712,381,331
55113,8,787,395,392
55113,9,716,366,350
55113,10,896,450,446
55113,11,1092,553,539
55113,12,1421,733,688
55113,13,1625,797,828
55113,14,1481,774,707
55113,15,1115,568,547
55113,16,798,402,396
55113,17,467,242,225
55113,18,414,166,248
55115,0,40796,20414,20382
55115,1,2180,1127,1053
55115,2,2334,1146,1188
55115,3,2621,1340,1281
55115,4,2385,1226,1159
55115,5,1981,1023,958
55115,6,2156,1070,1086
55115,7,2059,1040,1019
55115,8,2279,1157,1122
55115,9,2146,1073,1073
55115,10,2563,1318,1245
55115,11,3026,1514,1512
55115,12,3351,1730,1621
55115,13,3094,1557,1537
55115,14,2682,1415,1267
55115,15,2121,1008,1113
55115,16,1689,796,893
55115,17,1076,471,605
55115,18,1053,403,650
55117,0,115456,58114,57342
55117,1,6304,3213,3091
55117,2,6949,3517,3432
55117,3,7624,3885,3739
55117,4,7220,3802,3418
55117,5,6967,3642,3325
55117,6,6796,3619,3177
55117,7,6644,3436,3208
55117,8,7168,3744,3424
55117,9,6672,3422,3250
55117,10,7154,3723,3431
55117,11,8117,4152,3965
55117,12,8731,4351,4380
55117,13,8321,4208,4113
55117,14,6868,3336,3532
55117,15,5089,2388,2701
55117,16,3563,1663,1900
55117,17,2458,1031,1427
55117,18,2811,982,1829
55119,0,20412,10374,10038
55119,1,1182,599,583
55119,2,1283,669,614
55119,3,1439,733,706
55119,4,1281,671,610
55119,5,977,503,474
55119,6,973,519,454
55119,7,1036,517,519
55119,8,1187,605,582
55119,9,1196,615,581
55119,10,1205,638,567
55119,11,1392,713,679
55119,12,1748,894,854
55119,13,1608,830,778
55119,14,1234,644,590
55119,15,852,431,421
55119,16,718,344,374
55119,17,536,262,274
55119,18,565,187,378
55121,0,29442,14964,14478
55121,1,2069,1085,984
55121,2,2040,1044,996
55121,3,2044,1065,979
55121,4,1793,932,861
55121,5,1444,718,726
55121,6,1607,819,788
55121,7,1614,831,783
55121,8,1771,887,884
55121,9,1598,845,753
55121,10,1892,972,920
55121,11,2057,1063,994
55121,12,2156,1125,1031
55121,13,2027,1043,984
55121,14,1757,919,838
55121,15,1293,643,650
55121,16,953,450,503
55121,17,652,280,372
55121,18,675,243,432
55123,0,30785,15498,15287
55123,1,2132,1104,1028
55123,2,2229,1124,1105
55123,3,2275,1174,1101
55123,4,2072,1089,983
55123,5,1448,759,689
55123,6,1393,717,676
55123,7,1512,752,760
55123,8,1685,845,840
55123,9,1581,817,764
55123,10,1688,819,869
55123,11,1972,972,1000
55123,12,2397,1212,1185
55123,13,2390,1238,1152
55123,14,1999,1032,967
55123,15,1450,723,727
55123,16,1034,488,546
55123,17,691,334,357
55123,18,837,299,538
55125,0,21938,11134,10804
55125,1,978,470,508
55125,2,955,507,448
55125,3,1076,567,509
55125,4,1043,553,490
55125,5,827,457,370
55125,6,838,459,379
55125,7,891,462,429
55125,8,859,441,418
55125,9,879,451,428
55125,10,1135,579,556
55125,11,1569,786,783
55125,12,2010,1007,1003
55125,13,2120,1074,1046
55125,14,2099,1049,1050
55125,15,1737,889,848
55125,16,1351,628,723
55125,17,838,428,410
55125,18,733,327,406
55127,0,103718,51797,51921
55127,1,5071,2580,2491
55127,2,5697,2924,2773
55127,3,6537,3376,3161
55127,4,7824,4069,3755
55127,5,9663,4805,4858
55127,6,5483,2959,2524
55127,7,5324,2740,2584
55127,8,5738,2907,2831
55127,9,5646,2791,2855
55127,10,6245,3158,3087
55127,11,6915,3384,3531
55127,12,7914,3908,4006
55127,13,7327,3639,3688
55127,14,6167,3018,3149
55127,15,4721,2329,2392
55127,16,3200,1523,1677
55127,17,2069,878,1191
55127,18,2177,809,1368
55129,0,15878,7861,8017
55129,1,748,383,365
55129,2,820,427,393
55129,3,938,486,452
55129,4,790,385,405
55129,5,642,321,321
55129,6,643,316,327
55129,7,735,331,404
55129,8,791,407,384
55129,9,719,365,354
55129,10,899,449,450
55129,11,1065,533,532
55129,12,1445,699,746
55129,13,1474,714,760
55129,14,1397,726,671
55129,15,1117,597,520
55129,16,698,347,351
55129,17,469,211,258
55129,18,488,164,324
55131,0,135693,67452,68241
55131,1,7133,3610,3523
55131,2,8028,3966,4062
55131,3,8932,4521,4411
55131,4,8592,4402,4190
55131,5,6932,3584,3348
55131,6,6875,3593,3282
55131,7,7471,3803,3668
55131,8,8598,4359,4239
55131,9,7983,4034,3949
55131,10,9107,4590,4517
55131,11,10686,5372,5314
55131,12,11291,5676,5615
55131,13,9660,4782,4878
55131,14,8085,3945,4140
55131,15,5980,2853,3127
55131,16,4311,1962,2349
55131,17,2896,1265,1631
55131,18,3133,1135,1998
55133,0,403072,198189,204883
55133,1,20853,10735,10118
55133,2,23057,11620,11437
55133,3,25949,13271,12678
55133,4,26237,13639,12598
55133,5,21968,10972,10996
55133,6,19958,10292,9666
55133,7,22232,11155,11077
55133,8,25733,12934,12799
55133,9,24011,12082,11929
55133,10,25996,12800,13196
55133,11,29226,14287,14939
55133,12,32900,16097,16803
55133,13,29762,14663,15099
55133,14,24451,11778,12673
55133,15,18560,8803,9757
55133,16,12675,5660,7015
55133,17,8992,3793,5199
55133,18,10512,3608,6904
55135,0,51128,25940,25188
55135,1,2575,1330,1245
55135,2,2742,1402,1340
55135,3,3057,1604,1453
55135,4,2998,1578,1420
55135,5,2571,1346,1225
55135,6,2703,1357,1346
55135,7,2673,1377,1296
55135,8,2938,1507,1431
55135,9,2871,1463,1408
55135,10,3158,1605,1553
55135,11,3720,1873,1847
55135,12,4392,2252,2140
55135,13,4061,2085,1976
55135,14,3304,1652,1652
55135,15,2479,1258,1221
55135,16,1841,887,954
55135,17,1360,649,711
55135,18,1685,715,970
55137,0,24263,12764,11499
55137,1,1152,594,558
55137,2,1178,594,584
55137,3,1264,599,665
55137,4,1270,661,609
55137,5,1073,594,479
55137,6,1162,694,468
55137,7,1200,702,498
55137,8,1276,734,542
55137,9,1263,733,530
55137,10,1439,781,658
55137,11,1788,982,806
55137,12,2151,1081,1070
55137,13,2135,1118,1017
55137,14,1926,986,940
55137,15,1515,767,748
55137,16,1054,515,539
55137,17,745,369,376
55137,18,672,260,412
55139,0,171020,86063,84957
55139,1,9464,4802,4662
55139,2,9639,4992,4647
55139,3,9923,5045,4878
55139,4,11378,5631,5747
55139,5,14775,7386,7389
55139,6,11823,6418,5405
55139,7,10867,5816,5051
55139,8,10803,5682,5121
55139,9,9782,5191,4591
55139,10,10381,5423,4958
55139,11,11153,5712,5441
55139,12,12093,6026,6067
55139,13,10917,5395,5522
55139,14,9023,4398,4625
55139,15,6726,3162,3564
55139,16,4765,2161,2604
55139,17,3549,1438,2111
55139,18,3959,1385,2574
55141,0,73055,35949,37106
55141,1,4139,2077,2062
55141,2,4362,2247,2115
55141,3,4548,2258,2290
55141,4,4144,2129,2015
55141,5,3789,1929,1860
55141,6,4043,2053,1990
55141,7,4112,2110,2002
55141,8,4216,2115,2101
55141,9,3856,1946,1910
55141,10,4324,2159,2165
55141,11,4995,2481,2514
55141,12,5983,2976,3007
55141,13,5522,2699,2823
55141,14,4590,2217,2373
55141,15,3585,1716,1869
55141,16,2665,1215,1450
55141,17,1995,841,1154
55141,18,2187,781,1406
56001,0,38601,20145,18456
56001,1,1843,954,889
56001,2,1761,934,827
56001,3,1715,882,833
56001,4,3216,1660,1556
56001,5,8491,4549,3942
56001,6,3794,2129,1665
56001,7,2374,1313,1061
56001,8,2178,1129,1049
56001,9,1825,984,841
56001,10,1580,820,760
56001,11,1523,782,741
56001,12,1797,890,907
56001,13,1974,975,999
56001,14,1736,876,860
56001,15,1115,546,569
56001,16,763,361,402
56001,17,466,201,265
56001,18,450,160,290
56003,0,11881,5982,5899
56003,1,746,379,367
56003,2,812,406,406
56003,3,916,450,466
56003,4,797,400,397
56003,5,597,314,283
56003,6,576,303,273
56003,7,662,349,313
56003,8,678,347,331
56003,9,636,329,307
56003,10,638,328,310
56003,11,690,347,343
56003,12,785,400,385
56003,13,853,423,430
56003,14,795,385,410
56003,15,641,331,310
56003,16,485,242,243
56003,17,292,133,159
56003,18,282,116,166
56005,0,46140,23779,22361
56005,1,3412,1768,1644
56005,2,3576,1815,1761
56005,3,3675,1852,1823
56005,4,3026,1659,1367
56005,5,2560,1373,1187
56005,6,3331,1652,1679
56005,7,3639,1938,1701
56005,8,3591,1857,1734
56005,9,3012,1553,1459
56005,10,2669,1415,1254
56005,11,2539,1277,1262
56005,12,3403,1737,1666
56005,13,3065,1657,1408
56005,14,2007,1033,974
56005,15,1189,586,603
56005,16,676,312,364
56005,17,404,157,247
56005,18,366,138,228
56007,0,14971,8081,6890
56007,1,949,497,452
56007,2,968,513,455
56007,3,949,495,454
56007,4,881,463,418
56007,5,768,463,305
56007,6,1066,621,445
56007,7,1091,620,471
56007,8,1029,574,455
56007,9,895,500,395
56007,10,828,466,362
56007,11,819,440,379
56007,12,1036,552,484
56007,13,1129,590,539
56007,14,939,469,470
56007,15,646,359,287
56007,16,445,217,228
56007,17,276,132,144
56007,18,257,110,147
56009,0,13640,6927,6713
56009,1,873,469,404
56009,2,938,456,482
56009,3,985,520,465
56009,4,872,429,443
56009,5,658,340,318
56009,6,781,382,399
56009,7,887,448,439
56009,8,849,453,396
56009,9,825,412,413
56009,10,822,443,379
56009,11,867,433,434
56009,12,985,498,487
56009,13,1031,551,480
56009,14,774,407,367
56009,15,605,292,313
56009,16,377,178,199
56009,17,283,123,160
56009,18,228,93,135
56011,0,7450,3785,3665
56011,1,536,279,257
56011,2,500,241,259
56011,3,494,250,244
56011,4,410,221,189
56011,5,289,145,144
56011,6,378,197,181
56011,7,391,199,192
56011,8,398,221,177
56011,9,347,198,149
56011,10,408,186,222
56011,11,493,245,248
56011,12,599,282,317
56011,13,670,343,327
56011,14,567,296,271
56011,15,373,192,181
56011,16,282,146,136
56011,17,156,79,77
56011,18,159,65,94
56013,0,39531,19826,19705
56013,1,2668,1362,1306
56013,2,2917,1504,1413
56013,3,2921,1507,1414
56013,4,2531,1320,1211
56013,5,2093,1135,958
56013,6,2333,1169,1164
56013,7,2458,1251,1207
56013,8,2444,1203,1241
56013,9,2049,1069,980
56013,10,2118,1082,1036
56013,11,2195,1091,1104
56013,12,2742,1350,1392
56013,13,2840,1388,1452
56013,14,2504,1224,1280
56013,15,1890,934,956
56013,16,1241,581,660
56013,17,782,349,433
56013,18,805,307,498
56015,0,13376,6983,6393
56015,1,771,384,387
56015,2,691,356,335
56015,3,745,390,355
56015,4,891,424,467
56015,5,824,474,350
56015,6,773,423,350
56015,7,787,461,326
56015,8,810,441,369
56015,9,689,397,292
56015,10,755,444,311
56015,11,764,428,336
56015,12,927,468,459
56015,13,1015,522,493
56015,14,851,449,402
56015,15,719,342,377
56015,16,560,261,299
56015,17,360,166,194
56015,18,444,153,291
56017,0,4555,2298,2257
56017,1,232,123,109
56017,2,267,159,108
56017,3,303,155,148
56017,4,245,127,118
56017,5,178,89,89
56017,6,200,96,104
56017,7,247,137,110
56017,8,244,131,113
56017,9,219,113,106
56017,10,238,112,126
56017,11,248,131,117
56017,12,348,181,167
56017,13,392,177,215
56017,14,341,166,175
56017,15,301,149,152
56017,16,220,102,118
56017,17,183,92,91
56017,18,149,58,91
56019,0,8460,4265,4195
56019,1,410,214,196
56019,2,544,305,239
56019,3,610,322,288
56019,4,432,232,200
56019,5,355,184,171
56019,6,351,175,176
56019,7,468,208,260
56019,8,536,268,268
56019,9,442,222,220
56019,10,489,247,242
56019,11,469,211,258
56019,12,603,299,304
56019,13,747,360,387
56019,14,659,345,314
56019,15,519,276,243
56019,16,346,178,168
56019,17,243,120,123
56019,18,237,99,138
56021,0,98976,50170,48806
56021,1,6239,3276,2963
56021,2,6495,3318,3177
56021,3,6586,3377,3209
56021,4,5904,3029,2875
56021,5,6578,3644,2934
56021,6,7603,3992,3611
56021,7,7096,3655,3441
56021,8,6681,3511,3170
56021,9,5511,2845,2666
56021,10,5746,2896,2850
56021,11,5782,2985,2797
56021,12,6672,3302,3370
56021,13,6219,2961,3258
56021,14,5388,2656,2732
56021,15,4111,2013,2098
56021,16,2716,1262,1454
56021,17,1741,766,975
56021,18,1908,682,1226
56023,0,19434,9930,9504
56023,1,1312,661,651
56023,2,1422,772,650
56023,3,1549,787,762
56023,4,1269,667,602
56023,5,893,460,433
56023,6,840,411,429
56023,7,1061,534,527
56023,8,1266,657,609
56023,9,1263,653,610
56023,10,1149,579,570
56023,11,1078,543,535
56023,12,1366,687,679
56023,13,1590,814,776
56023,14,1243,641,602
56023,15,946,485,461
56023,16,573,290,283
56023,17,338,173,165
56023,18,276,116,160
56025,0,79115,39860,39255
56025,1,5236,2738,2498
56025,2,5307,2690,2617
56025,3,5470,2797,2673
56025,4,4788,2525,2263
56025,5,4375,2261,2114
56025,6,5831,2954,2877
56025,7,5740,3040,2700
56025,8,5737,2903,2834
56025,9,4741,2418,2323
56025,10,4492,2305,2187
56025,11,4376,2213,2163
56025,12,5427,2720,2707
56025,13,5415,2707,2708
56025,14,4274,2141,2133
56025,15,3046,1488,1558
56025,16,1896,838,1058
56025,17,1362,569,793
56025,18,1602,553,1049
56027,0,2388,1091,1297
56027,1,133,61,72
56027,2,116,69,47
56027,3,98,57,41
56027,4,119,67,52
56027,5,134,44,90
56027,6,153,54,99
56027,7,163,53,110
56027,8,159,69,90
56027,9,135,55,80
56027,10,154,59,95
56027,11,117,49,68
56027,12,141,66,75
56027,13,226,108,118
56027,14,179,95,84
56027,15,118,72,46
56027,16,93,38,55
56027,17,98,48,50
56027,18,52,27,25
56029,0,29324,14605,14719
56029,1,1570,801,769
56029,2,1720,887,833
56029,3,1745,912,833
56029,4,1733,913,820
56029,5,1503,752,751
56029,6,1579,806,773
56029,7,1687,848,839
56029,8,1756,913,843
56029,9,1488,740,748
56029,10,1479,724,755
56029,11,1688,835,853
56029,12,2202,1034,1168
56029,13,2369,1156,1213
56029,14,2272,1145,1127
56029,15,1778,896,882
56029,16,1191,607,584
56029,17,777,365,412
56029,18,787,271,516
56031,0,8566,4310,4256
56031,1,457,229,228
56031,2,490,248,242
56031,3,494,251,243
56031,4,437,221,216
56031,5,361,193,168
56031,6,445,244,201
56031,7,463,225,238
56031,8,440,237,203
56031,9,442,219,223
56031,10,446,206,240
56031,11,539,284,255
56031,12,692,328,364
56031,13,665,347,318
56031,14,656,349,307
56031,15,581,286,295
56031,16,420,214,206
56031,17,285,121,164
56031,18,253,108,145
56033,0,30233,15179,15054
56033,1,1661,868,793
56033,2,1783,913,870
56033,3,1923,1013,910
56033,4,1845,931,914
56033,5,1636,815,821
56033,6,1716,901,815
56033,7,1779,879,900
56033,8,1831,929,902
56033,9,1759,915,844
56033,10,1755,899,856
56033,11,1699,838,861
56033,12,2097,1016,1081
56033,13,2402,1163,1239
56033,14,2244,1159,1085
56033,15,1601,797,804
56033,16,1119,552,567
56033,17,630,300,330
56033,18,753,291,462
56035,0,9813,5295,4518
56035,1,532,274,258
56035,2,625,330,295
56035,3,682,372,310
56035,4,553,307,246
56035,5,405,214,191
56035,6,522,288,234
56035,7,599,317,282
56035,8,657,349,308
56035,9,640,344,296
56035,10,630,347,283
56035,11,624,353,271
56035,12,708,392,316
56035,13,725,372,353
56035,14,647,358,289
56035,15,536,286,250
56035,16,369,185,184
56035,17,179,100,79
56035,18,180,107,73
56037,0,43051,22152,20899
56037,1,2949,1541,1408
56037,2,3155,1619,1536
56037,3,3311,1664,1647
56037,4,3015,1548,1467
56037,5,2527,1320,1207
56037,6,2832,1460,1372
56037,7,3191,1623,1568
56037,8,3386,1748,1638
56037,9,2838,1489,1349
56037,10,2496,1300,1196
56037,11,2382,1242,1140
56037,12,2879,1506,1373
56037,13,2876,1546,1330
56037,14,2067,1061,1006
56037,15,1365,688,677
56037,16,833,423,410
56037,17,478,214,264
56037,18,471,160,311
56039,0,23081,11909,11172
56039,1,1132,591,541
56039,2,1252,601,651
56039,3,1202,641,561
56039,4,983,501,482
56039,5,1078,465,613
56039,6,1889,1011,878
56039,7,2028,1061,967
56039,8,2065,1125,940
56039,9,1736,960,776
56039,10,1687,923,764
56039,11,1423,699,724
56039,12,1505,744,761
56039,13,1543,791,752
56039,14,1332,716,616
56039,15,983,500,483
56039,16,586,294,292
56039,17,332,154,178
56039,18,325,132,193
56041,0,20299,10285,10014
56041,1,1486,760,726
56041,2,1635,846,789
56041,3,1747,878,869
56041,4,1458,799,659
56041,5,999,501,498
56041,6,1154,560,594
56041,7,1242,617,625
56041,8,1460,739,721
56041,9,1258,630,628
56041,10,1132,577,555
56041,11,1068,546,522
56041,12,1366,691,675
56041,13,1436,724,712
56041,14,1118,581,537
56041,15,766,398,368
56041,16,467,235,232
56041,17,252,114,138
56041,18,255,89,166
56043,0,7885,3988,3897
56043,1,406,219,187
56043,2,452,220,232
56043,3,560,280,280
56043,4,553,298,255
56043,5,352,177,175
56043,6,363,183,180
56043,7,416,230,186
56043,8,487,232,255
56043,9,440,220,220
56043,10,460,243,217
56043,11,518,271,247
56043,12,567,278,289
56043,13,601,309,292
56043,14,517,268,249
56043,15,420,204,216
56043,16,321,175,146
56043,17,210,84,126
56043,18,242,97,145
56045,0,6967,3689,3278
56045,1,359,185,174
56045,2,421,205,216
56045,3,424,226,198
56045,4,355,193,162
56045,5,312,192,120
56045,6,369,211,158
56045,7,430,234,196
56045,8,476,259,217
56045,9,365,205,160
56045,10,369,214,155
56045,11,439,231,208
56045,12,547,293,254
56045,13,672,345,327
56045,14,473,267,206
56045,15,336,168,168
56045,16,224,104,120
56045,17,196,88,108
56045,18,200,69,131
